-2.731666266918182373e-01;-1.172969117760658264e-01;-4.751048684120178223e-01
-2.550693154335021973e-01;-1.333228796720504761e-01;-3.842832446098327637e-01
-3.007727563381195068e-01;-2.206492274999618530e-01;-4.519491195678710938e-01
-2.308001816272735596e-01;-7.158033549785614014e-03;-5.091104507446289062e-01
-1.847054809331893921e-01;-4.061041772365570068e-02;-4.184313416481018066e-01
-4.384867250919342041e-01;-5.032306164503097534e-02;-5.233926773071289062e-01
-3.921703398227691650e-01;-2.567344307899475098e-01;-5.428837537765502930e-01
-2.521345615386962891e-01;-9.497705101966857910e-02;-2.664398252964019775e-01
-1.024309694766998291e-01;-4.277370870113372803e-03;-4.048080146312713623e-01
-2.905508577823638916e-01;-3.574528396129608154e-01;-5.130205750465393066e-01
2.129669934511184692e-01;7.397821545600891113e-01;5.401813387870788574e-01
2.557069063186645508e-01;7.446665763854980469e-01;4.912166297435760498e-01
2.531258761882781982e-01;7.487184405326843262e-01;4.680720269680023193e-01
2.522801160812377930e-01;7.309711575508117676e-01;4.449040293693542480e-01
4.085548222064971924e-02;7.436225414276123047e-01;5.401837825775146484e-01
-3.058478236198425293e-03;5.645405650138854980e-01;2.810924947261810303e-01
2.179214060306549072e-01;5.299049615859985352e-01;1.762488484382629395e-01
6.111821532249450684e-02;6.011891365051269531e-01;1.630128622055053711e-01
1.524913609027862549e-01;5.128178596496582031e-01;1.773994565010070801e-01
-1.510079354047775269e-01;5.259785056114196777e-01;4.137531518936157227e-01
2.606665194034576416e-01;7.416396737098693848e-01;-4.866303205490112305e-01
2.579441964626312256e-01;7.417653203010559082e-01;-4.850044846534729004e-01
2.596502900123596191e-01;7.402160167694091797e-01;-4.969517290592193604e-01
2.592473328113555908e-01;7.331318259239196777e-01;-4.675925672054290771e-01
2.604413628578186035e-01;7.395049929618835449e-01;-5.088990330696105957e-01
2.552015483379364014e-01;7.450616955757141113e-01;-4.533532559871673584e-01
2.228561639785766602e-01;7.418453097343444824e-01;-4.804250001907348633e-01
2.600672245025634766e-01;7.477937340736389160e-01;-4.375699460506439209e-01
2.240090519189834595e-01;7.074397206306457520e-01;-4.889152646064758301e-01
1.971302628517150879e-01;7.420121431350708008e-01;-4.868587255477905273e-01
2.296452075242996216e-01;8.107430487871170044e-02;1.414785832166671753e-01
2.341156750917434692e-01;1.187768131494522095e-01;1.604544520378112793e-01
1.775745004415512085e-01;1.173691600561141968e-01;2.183290719985961914e-01
2.377474904060363770e-01;2.177861034870147705e-01;1.791336089372634888e-01
1.658860445022583008e-01;1.482498347759246826e-01;2.257792651653289795e-02
2.002909630537033081e-01;-5.669832974672317505e-02;8.705526590347290039e-02
1.901587098836898804e-01;-9.887538850307464600e-03;2.555997967720031738e-01
1.145328283309936523e-01;5.480061843991279602e-02;4.564703255891799927e-02
2.302426099777221680e-01;2.386581003665924072e-01;1.485086232423782349e-01
7.530903816223144531e-02;4.154422879219055176e-02;1.645169556140899658e-01
-4.192647635936737061e-01;6.862100362777709961e-01;-5.637181997299194336e-01
-3.200822770595550537e-01;7.585743665695190430e-01;-5.175282359123229980e-01
-3.585012555122375488e-01;7.520354986190795898e-01;-4.651409983634948730e-01
-3.782055377960205078e-01;5.053898096084594727e-01;-5.445709228515625000e-01
-2.264638394117355347e-01;7.001604437828063965e-01;-4.806071817874908447e-01
-2.386480122804641724e-01;7.613393068313598633e-01;-4.269364476203918457e-01
-1.833403557538986206e-01;7.021853327751159668e-01;-3.956542313098907471e-01
-1.307601630687713623e-01;7.378827929496765137e-01;-5.088990330696105957e-01
-2.099006772041320801e-01;6.356327533721923828e-01;-3.490160107612609863e-01
-2.112966626882553101e-01;4.589865803718566895e-01;-5.089168548583984375e-01
-3.830740749835968018e-01;-7.458079457283020020e-01;-5.449995994567871094e-01
-3.471162319183349609e-01;-6.242809295654296875e-01;-5.293568968772888184e-01
-3.108317852020263672e-01;-6.112259626388549805e-01;-5.166193246841430664e-01
-1.968604624271392822e-01;-7.594076991081237793e-01;-4.499345421791076660e-01
-1.712661385536193848e-01;-7.095513343811035156e-01;-4.701279997825622559e-01
-1.794429868459701538e-01;-7.593178749084472656e-01;-4.353792667388916016e-01
-1.202010810375213623e-01;-7.544844746589660645e-01;-4.656850695610046387e-01
-1.638634055852890015e-01;-7.596850991249084473e-01;-3.763736188411712646e-01
-2.679829895496368408e-01;-5.377599000930786133e-01;-3.904072940349578857e-01
-4.065348207950592041e-01;-4.137613177299499512e-01;-5.508186817169189453e-01
-3.973185550421476364e-03;7.714035511016845703e-01;3.051745332777500153e-02
-2.249773358926177025e-03;7.721390724182128906e-01;6.599098443984985352e-02
2.785142138600349426e-02;7.787470817565917969e-01;-1.103458926081657410e-03
3.371703624725341797e-02;7.800644636154174805e-01;-1.781859807670116425e-02
6.212826818227767944e-02;7.861834764480590820e-01;4.425715655088424683e-02
7.460077106952667236e-02;7.889905571937561035e-01;3.468637168407440186e-02
8.967391401529312134e-02;7.913535833358764648e-01;-1.517056860029697418e-02
9.837639331817626953e-02;7.804272174835205078e-01;-2.105743996798992157e-02
1.281026303768157959e-01;7.738600373268127441e-01;7.071411609649658203e-02
-8.588402532041072845e-03;6.394150257110595703e-01;-3.249090164899826050e-02
2.294673472642898560e-01;-3.460555374622344971e-01;-1.218371689319610596e-01
1.868169754743576050e-01;-4.169419705867767334e-01;-1.050044223666191101e-01
1.630556434392929077e-01;-3.505510687828063965e-01;-6.069551408290863037e-02
1.938219815492630005e-01;-2.407573610544204712e-01;-9.353428333997726440e-02
1.775418221950531006e-01;-2.430198937654495239e-01;-1.743110567331314087e-01
2.490777224302291870e-01;-2.448076605796813965e-01;-2.166294604539871216e-01
1.545378714799880981e-01;-2.930347621440887451e-01;4.550904035568237305e-03
2.134167402982711792e-01;-1.801614612340927124e-01;-1.200832128524780273e-01
1.590748131275177002e-01;-4.057694077491760254e-01;3.206983208656311035e-02
1.266593635082244873e-01;-3.558152914047241211e-01;3.976194560527801514e-02
-8.090307563543319702e-02;2.626982331275939941e-01;-2.826467454433441162e-01
-3.444493561983108521e-02;1.907016634941101074e-01;-2.441856265068054199e-01
-1.071089059114456177e-01;2.215727865695953369e-01;-3.692992925643920898e-01
5.071372538805007935e-02;2.288160026073455811e-01;-2.439251542091369629e-01
-2.308842837810516357e-01;2.216084152460098267e-01;-2.748749256134033203e-01
1.710430532693862915e-02;3.092426359653472900e-01;-1.432414352893829346e-01
2.276931703090667725e-02;4.263183176517486572e-01;-2.657628357410430908e-01
-2.597254216670989990e-01;3.597581386566162109e-01;-2.962525486946105957e-01
-2.679905891418457031e-01;2.553250789642333984e-01;-4.046021997928619385e-01
1.363622248172760010e-01;3.339973986148834229e-01;-2.382937818765640259e-01
1.957152187824249268e-01;4.998210668563842773e-01;-1.408017277717590332e-01
1.740661114454269409e-01;5.449690222740173340e-01;-1.103455647826194763e-01
1.544134020805358887e-01;5.530049204826354980e-01;-7.378605008125305176e-02
1.580705642700195312e-01;3.795265555381774902e-01;-1.579637378454208374e-01
1.601905971765518188e-01;4.028327167034149170e-01;-5.864222347736358643e-02
8.891328424215316772e-02;4.224521517753601074e-01;-1.665999740362167358e-01
1.205657869577407837e-01;4.827643334865570068e-01;-2.361968159675598145e-02
2.072943896055221558e-01;6.077260375022888184e-01;-3.599567711353302002e-02
2.191028892993927002e-01;3.585139811038970947e-01;-8.526843786239624023e-02
2.038099914789199829e-01;4.661844372749328613e-01;3.335024416446685791e-02
2.294248491525650024e-01;-5.011146068572998047e-01;2.063549607992172241e-01
2.375109344720840454e-01;-5.407770276069641113e-01;2.260224223136901855e-01
1.883477717638015747e-01;-5.005770921707153320e-01;1.018902808427810669e-01
1.697619408369064331e-01;-5.730840563774108887e-01;7.836987078189849854e-02
2.061562985181808472e-01;-5.726893544197082520e-01;4.701773822307586670e-02
1.194452792406082153e-01;-6.220219731330871582e-01;1.286659538745880127e-01
1.556040644645690918e-01;-3.351373076438903809e-01;1.993425637483596802e-01
1.681018918752670288e-01;-6.572706699371337891e-01;9.658677875995635986e-02
2.403991967439651489e-01;-2.916039824485778809e-01;1.875635385513305664e-01
1.590748131275177002e-01;-4.057694077491760254e-01;3.206981718540191650e-02
1.621920466423034668e-01;3.953084051609039307e-01;2.053027749061584473e-01
2.472921609878540039e-01;3.574864864349365234e-01;2.456243038177490234e-01
1.524913609027862549e-01;5.128178596496582031e-01;1.773994565010070801e-01
2.040427029132843018e-01;4.988703727722167969e-01;1.345963180065155029e-01
1.304238438606262207e-01;3.173174262046813965e-01;9.772665798664093018e-02
1.883328408002853394e-01;2.600669860839843750e-01;2.501050531864166260e-01
2.179214060306549072e-01;5.299049615859985352e-01;1.762488484382629395e-01
1.926065236330032349e-01;3.132247924804687500e-01;8.346936106681823730e-02
2.302426099777221680e-01;2.386581003665924072e-01;1.485086232423782349e-01
4.892854392528533936e-02;2.731269896030426025e-01;1.177956461906433105e-01
1.917547583580017090e-01;-6.238462328910827637e-01;-1.698164641857147217e-01
1.495652049779891968e-01;-5.704593062400817871e-01;-1.340902894735336304e-01
1.237196400761604309e-01;-7.369841933250427246e-01;-7.384549081325531006e-02
1.357129663228988647e-01;-5.896522998809814453e-01;-1.827184855937957764e-02
2.069362550973892212e-01;-7.623205780982971191e-01;-7.800541073083877563e-02
2.053493708372116089e-01;-5.573818087577819824e-01;-2.727925777435302734e-03
1.354419738054275513e-01;-6.414018869400024414e-01;2.101756632328033447e-02
1.223549544811248779e-01;-7.028338313102722168e-01;4.637569189071655273e-03
1.810118257999420166e-01;-7.863757014274597168e-01;-3.237971663475036621e-02
1.868169754743576050e-01;-4.169419705867767334e-01;-1.050044223666191101e-01
-9.179440140724182129e-02;-6.581166982650756836e-01;3.796126246452331543e-01
-7.512938976287841797e-02;-6.466985940933227539e-01;4.020918309688568115e-01
7.483606040477752686e-02;-6.748152375221252441e-01;3.560750186443328857e-01
1.846519112586975098e-01;-6.240510344505310059e-01;2.867274880409240723e-01
2.032339572906494141e-01;-5.958486795425415039e-01;3.221409618854522705e-01
1.980058103799819946e-01;-6.517280340194702148e-01;4.188914299011230469e-01
2.147792130708694458e-01;-7.273931503295898438e-01;4.859316349029541016e-01
2.430062592029571533e-01;-7.513308525085449219e-01;4.879573583602905273e-01
2.607094049453735352e-01;-7.325280904769897461e-01;4.640080928802490234e-01
2.544741928577423096e-01;-6.855708360671997070e-01;4.614159762859344482e-01
-3.422932624816894531e-01;-3.208764195442199707e-01;5.236523151397705078e-01
-3.276299238204956055e-01;-2.122407704591751099e-01;4.894943833351135254e-01
-3.123200535774230957e-01;-1.552053391933441162e-01;4.697308540344238281e-01
-3.009480237960815430e-01;-1.113517805933952332e-01;4.714353680610656738e-01
-3.127153217792510986e-01;-9.643492847681045532e-02;4.902972579002380371e-01
-3.192103803157806396e-01;-8.092600852251052856e-02;4.943963885307312012e-01
-3.031610846519470215e-01;-7.457882165908813477e-02;5.042613148689270020e-01
-2.889188528060913086e-01;-7.893356680870056152e-02;5.218003988265991211e-01
-2.819650173187255859e-01;-6.959530711174011230e-02;5.373333692550659180e-01
-2.637481689453125000e-01;-5.261492729187011719e-02;5.210306644439697266e-01
1.677665561437606812e-01;-7.397835850715637207e-01;-4.783682823181152344e-01
2.020294517278671265e-01;-7.402707338333129883e-01;-4.806157052516937256e-01
2.183223664760589600e-01;-7.431285977363586426e-01;-4.795904159545898438e-01
2.293023467063903809e-01;-7.489545345306396484e-01;-4.694568514823913574e-01
2.302130609750747681e-01;-7.468811869621276855e-01;-4.716837108135223389e-01
2.379799932241439819e-01;-7.458139061927795410e-01;-4.774197340011596680e-01
2.457206845283508301e-01;-7.423379421234130859e-01;-4.763292670249938965e-01
2.511946260929107666e-01;-7.473948597908020020e-01;-4.672827720642089844e-01
2.559389472007751465e-01;-7.473876476287841797e-01;-4.534064829349517822e-01
2.497876286506652832e-01;-7.342696189880371094e-01;-4.161731004714965820e-01
-3.763586282730102539e-01;2.638047635555267334e-01;5.125733017921447754e-01
-3.356515765190124512e-01;3.479236960411071777e-01;5.180526971817016602e-01
-3.120331168174743652e-01;4.365341067314147949e-01;5.024638175964355469e-01
-3.104424476623535156e-01;5.095468759536743164e-01;4.952865839004516602e-01
-3.092754185199737549e-01;5.318008065223693848e-01;4.978608191013336182e-01
-3.156320452690124512e-01;5.425412654876708984e-01;4.976773262023925781e-01
-3.218290805816650391e-01;5.462238192558288574e-01;5.029178261756896973e-01
-3.112835288047790527e-01;5.632002353668212891e-01;5.066414475440979004e-01
-2.786373496055603027e-01;5.714492201805114746e-01;4.948947429656982422e-01
-2.421286553144454956e-01;5.649617314338684082e-01;4.898527264595031738e-01
-1.164368689060211182e-01;-4.566886425018310547e-01;2.977556586265563965e-01
-1.304126977920532227e-01;-4.188783764839172363e-01;2.832348942756652832e-01
-1.457005441188812256e-01;-4.119956493377685547e-01;2.901304960250854492e-01
-1.512558460235595703e-01;-4.047080576419830322e-01;3.064697086811065674e-01
-1.479087322950363159e-01;-3.886215388774871826e-01;3.164137601852416992e-01
-1.332027614116668701e-01;-3.744429051876068115e-01;3.099789023399353027e-01
-1.072479709982872009e-01;-3.660448789596557617e-01;2.933392226696014404e-01
-7.708234339952468872e-02;-3.721933364868164062e-01;2.783035635948181152e-01
-5.825877934694290161e-02;-3.820170462131500244e-01;2.709029614925384521e-01
-6.013593077659606934e-02;-3.529607355594635010e-01;2.547078132629394531e-01
9.255476295948028564e-02;-7.885068058967590332e-01;1.012486591935157776e-02
9.727876633405685425e-02;-7.867320775985717773e-01;2.194349840283393860e-02
1.065438538789749146e-01;-7.879426479339599609e-01;2.677594311535358429e-02
1.205323785543441772e-01;-7.918905019760131836e-01;3.207740187644958496e-02
1.340326815843582153e-01;-7.888976931571960449e-01;3.739510849118232727e-02
1.462994664907455444e-01;-7.894080281257629395e-01;4.185651242733001709e-02
1.588458865880966187e-01;-7.918081879615783691e-01;4.868014901876449585e-02
1.692649275064468384e-01;-7.901037931442260742e-01;5.685218796133995056e-02
1.808015555143356323e-01;-7.851927280426025391e-01;6.437420099973678589e-02
1.918830126523971558e-01;-7.690880894660949707e-01;7.752774655818939209e-02
-2.422883510589599609e-01;-7.112749814987182617e-01;4.223527312278747559e-01
-2.441279590129852295e-01;-6.836837530136108398e-01;4.618369042873382568e-01
-2.555038928985595703e-01;-6.314242482185363770e-01;4.351958632469177246e-01
-2.550065517425537109e-01;-5.944840312004089355e-01;4.343166351318359375e-01
-2.554433941841125488e-01;-5.801570415496826172e-01;4.525176286697387695e-01
-2.608724236488342285e-01;-5.671185255050659180e-01;4.658114910125732422e-01
-2.677181959152221680e-01;-5.498054027557373047e-01;4.702365994453430176e-01
-2.697318792343139648e-01;-5.290755033493041992e-01;4.689978361129760742e-01
-2.657766044139862061e-01;-5.054438114166259766e-01;4.629400074481964111e-01
-2.416421920061111450e-01;-5.075926184654235840e-01;4.560489356517791748e-01
-1.878972351551055908e-01;1.442284882068634033e-01;3.009064197540283203e-01
-1.630627065896987915e-01;1.804049611091613770e-01;3.100800514221191406e-01
-1.448307633399963379e-01;2.175840437412261963e-01;2.936928570270538330e-01
-1.536945700645446777e-01;2.588796317577362061e-01;3.076803684234619141e-01
-1.495527923107147217e-01;2.884305119514465332e-01;3.219607472419738770e-01
-1.252250373363494873e-01;3.023834824562072754e-01;3.277014791965484619e-01
-1.023223996162414551e-01;3.139896094799041748e-01;3.217023611068725586e-01
-9.103589504957199097e-02;3.167172074317932129e-01;3.094415068626403809e-01
-7.535485923290252686e-02;3.246968388557434082e-01;2.810726463794708252e-01
-3.493124246597290039e-02;3.151814341545104980e-01;2.744588851928710938e-01
-1.611301451921463013e-01;-6.957677602767944336e-01;-3.143739104270935059e-01
-6.480219960212707520e-02;-6.940839886665344238e-01;-1.898339390754699707e-01
-4.558329656720161438e-02;-6.404110789299011230e-01;-1.746625900268554688e-01
-6.039139628410339355e-02;-5.742952227592468262e-01;-2.102870047092437744e-01
-5.100441724061965942e-02;-5.423833727836608887e-01;-2.067844718694686890e-01
-3.354630991816520691e-02;-5.318574905395507812e-01;-1.682244986295700073e-01
-8.181691169738769531e-03;-5.431088805198669434e-01;-1.267916262149810791e-01
2.797607332468032837e-02;-5.601031184196472168e-01;-9.670007228851318359e-02
5.489446967840194702e-02;-5.573093891143798828e-01;-8.729536086320877075e-02
7.738692313432693481e-02;-5.454624891281127930e-01;-1.042247116565704346e-01
-1.801436245441436768e-01;6.469471454620361328e-01;-4.105548560619354248e-01
-1.870857179164886475e-01;6.766099333763122559e-01;-4.139123558998107910e-01
-1.880332529544830322e-01;6.956911087036132812e-01;-4.116838574409484863e-01
-1.651283502578735352e-01;6.885087490081787109e-01;-4.185813963413238525e-01
-1.491584181785583496e-01;6.847352385520935059e-01;-4.087377190589904785e-01
-1.442261934280395508e-01;7.037967443466186523e-01;-4.045262336730957031e-01
-1.418993473052978516e-01;7.270635962486267090e-01;-4.095433354377746582e-01
-1.306513547897338867e-01;7.321310043334960938e-01;-4.078071117401123047e-01
-9.009802341461181641e-02;7.016678452491760254e-01;-3.741540610790252686e-01
-1.147835701704025269e-02;6.608719825744628906e-01;-2.933855056762695312e-01
-1.795462667942047119e-01;-1.767744123935699463e-01;3.625135719776153564e-01
-1.618996113538742065e-01;-1.547632217407226562e-01;3.702098131179809570e-01
-1.385465562343597412e-01;-1.776802390813827515e-01;3.684597313404083252e-01
-1.058848127722740173e-01;-1.989886760711669922e-01;3.599863350391387939e-01
-7.353457808494567871e-02;-1.778514683246612549e-01;3.367187082767486572e-01
-4.031150043010711670e-02;-1.359424889087677002e-01;3.341092467308044434e-01
-2.149744704365730286e-02;-9.741427749395370483e-02;3.541056513786315918e-01
-1.703460887074470520e-02;-6.098605692386627197e-02;3.679956197738647461e-01
-1.851430162787437439e-03;-1.549421250820159912e-02;3.545845150947570801e-01
4.680577665567398071e-02;2.336971461772918701e-03;3.172273933887481689e-01
-1.228627860546112061e-01;-2.248845696449279785e-01;-2.709988653659820557e-01
-5.760595202445983887e-02;-2.431161105632781982e-01;-2.547749876976013184e-01
-3.315899521112442017e-02;-1.993914246559143066e-01;-2.557341754436492920e-01
-3.459547460079193115e-02;-1.657625734806060791e-01;-2.347254306077957153e-01
-4.608836024999618530e-02;-1.358143985271453857e-01;-2.305320203304290771e-01
-3.646141290664672852e-02;-1.177750080823898315e-01;-2.370576858520507812e-01
1.688699238002300262e-03;-1.018260866403579712e-01;-2.406177222728729248e-01
5.285027623176574707e-02;-8.199931681156158447e-02;-2.300890237092971802e-01
1.005751565098762512e-01;-5.414381623268127441e-02;-2.094684541225433350e-01
1.303813606500625610e-01;-2.680131793022155762e-02;-1.874833106994628906e-01
-3.532685339450836182e-01;-6.592880487442016602e-01;-5.295501947402954102e-01
-3.156690895557403564e-01;-6.040001511573791504e-01;-5.351132750511169434e-01
-3.047830164432525635e-01;-5.213406085968017578e-01;-4.676329195499420166e-01
-3.508934974670410156e-01;-4.354497492313385010e-01;-4.914419949054718018e-01
-3.521389365196228027e-01;-3.734879791736602783e-01;-5.076853632926940918e-01
-3.213135302066802979e-01;-3.718069791793823242e-01;-4.977250695228576660e-01
-2.976611256599426270e-01;-3.710389733314514160e-01;-4.767056405544281006e-01
-2.878467142581939697e-01;-3.489130139350891113e-01;-4.425079822540283203e-01
-2.835029959678649902e-01;-3.205085396766662598e-01;-4.117750525474548340e-01
-2.617670297622680664e-01;-2.452123463153839111e-01;-4.194500446319580078e-01
-3.118268847465515137e-01;4.686653316020965576e-01;4.781904220581054688e-01
-3.144295811653137207e-01;5.167759656906127930e-01;4.776922166347503662e-01
-2.502152621746063232e-01;5.239492058753967285e-01;4.460817575454711914e-01
-2.068774104118347168e-01;5.521754026412963867e-01;4.096089899539947510e-01
-2.253045141696929932e-01;5.984932184219360352e-01;4.096164703369140625e-01
-2.765227854251861572e-01;6.486045122146606445e-01;4.192557036876678467e-01
-3.049932122230529785e-01;6.773790121078491211e-01;4.248405694961547852e-01
-3.031625747680664062e-01;6.826794743537902832e-01;4.435601830482482910e-01
-2.675607502460479736e-01;6.853965520858764648e-01;4.622003734111785889e-01
-1.720273345708847046e-01;6.940798163414001465e-01;4.772571921348571777e-01
-4.080193042755126953e-01;4.655627906322479248e-02;-5.667878985404968262e-01
-2.716144025325775146e-01;6.355223059654235840e-02;-4.976705908775329590e-01
-2.515417635440826416e-01;1.351754367351531982e-01;-4.701126515865325928e-01
-2.647168040275573730e-01;1.805342882871627808e-01;-4.697653949260711670e-01
-2.592632770538330078e-01;1.985488981008529663e-01;-4.652954936027526855e-01
-2.437545657157897949e-01;2.182880789041519165e-01;-4.556292593479156494e-01
-2.271381914615631104e-01;2.316826432943344116e-01;-4.417247176170349121e-01
-2.099146693944931030e-01;2.528363168239593506e-01;-4.175076186656951904e-01
-1.982884705066680908e-01;3.065950274467468262e-01;-4.229483008384704590e-01
-1.899517774581909180e-01;3.709549009799957275e-01;-4.492188096046447754e-01
-2.927411496639251709e-01;-3.701502084732055664e-01;4.690912663936614990e-01
-2.567350864410400391e-01;-3.708910644054412842e-01;4.453187584877014160e-01
-2.445158362388610840e-01;-3.639039993286132812e-01;4.363842904567718506e-01
-2.300075888633728027e-01;-3.407364487648010254e-01;4.217350780963897705e-01
-2.176043093204498291e-01;-3.091440796852111816e-01;4.185438752174377441e-01
-2.048972845077514648e-01;-2.823984920978546143e-01;4.270103275775909424e-01
-1.950656771659851074e-01;-2.673418521881103516e-01;4.390285611152648926e-01
-1.872928738594055176e-01;-2.733474969863891602e-01;4.628277420997619629e-01
-1.815872788429260254e-01;-2.616059184074401855e-01;4.802085757255554199e-01
-1.563273668289184570e-01;-2.175621092319488525e-01;4.816594421863555908e-01
-2.574749290943145752e-01;-6.626884937286376953e-01;4.001173377037048340e-01
-2.052912712097167969e-01;-6.953436732292175293e-01;3.858999013900756836e-01
-1.960167735815048218e-01;-6.829290390014648438e-01;4.025593996047973633e-01
-1.973482966423034668e-01;-6.687452793121337891e-01;4.247653186321258545e-01
-1.966285556554794312e-01;-6.431166529655456543e-01;4.314014017581939697e-01
-1.912231445312500000e-01;-6.212768554687500000e-01;4.276030659675598145e-01
-1.773528456687927246e-01;-5.923466682434082031e-01;4.213418364524841309e-01
-1.585303992033004761e-01;-5.614722967147827148e-01;4.166691303253173828e-01
-1.353712081909179688e-01;-5.356721878051757812e-01;4.100192785263061523e-01
-6.587295979261398315e-02;-5.580632090568542480e-01;4.230623245239257812e-01
1.303495466709136963e-01;-1.565194129943847656e-01;-2.254585623741149902e-01
1.861556470394134521e-01;-1.921563893556594849e-01;-1.837901622056961060e-01
2.072106897830963135e-01;-1.723919510841369629e-01;-1.615523397922515869e-01
2.134563922882080078e-01;-1.275526285171508789e-01;-1.653275936841964722e-01
2.227865457534790039e-01;-9.259699285030364990e-02;-1.562516391277313232e-01
2.267406880855560303e-01;-8.134578913450241089e-02;-1.352692395448684692e-01
2.243513315916061401e-01;-7.480679452419281006e-02;-1.084917932748794556e-01
2.181519865989685059e-01;-6.230844929814338684e-02;-8.931760489940643311e-02
2.166080176830291748e-01;-3.792179375886917114e-02;-7.914182543754577637e-02
2.256690263748168945e-01;1.680902764201164246e-02;-9.695874154567718506e-02
-8.487094193696975708e-03;1.354364156723022461e-01;-7.044234871864318848e-02
1.956725865602493286e-02;1.387187838554382324e-01;-3.791945427656173706e-02
3.870386630296707153e-02;1.502559185028076172e-01;-3.863599523901939392e-02
4.266065359115600586e-02;1.743423640727996826e-01;-4.703409969806671143e-02
4.212084412574768066e-02;1.962832659482955933e-01;-3.055151924490928650e-02
4.011692851781845093e-02;2.151399999856948853e-01;-1.384344696998596191e-02
5.671452358365058899e-02;2.239594608545303345e-01;5.337614566087722778e-04
9.342308342456817627e-02;2.225662469863891602e-01;9.175155311822891235e-03
1.371702402830123901e-01;2.354379892349243164e-01;1.353364810347557068e-02
1.520022153854370117e-01;2.813995778560638428e-01;2.113845199346542358e-02
