-4.580873847007751465e-01;4.928808286786079407e-02;-3.675061166286468506e-01
7.624292373657226562e-01;9.770043939352035522e-02;-2.822845280170440674e-01
-3.945628106594085693e-01;9.477312117815017700e-02;4.057360291481018066e-01
3.294188976287841797e-01;1.012434437870979309e-01;1.534605920314788818e-01
5.066943168640136719e-01;2.095231860876083374e-01;1.543299853801727295e-01
-6.540207862854003906e-01;-3.256897032260894775e-01;-2.701205387711524963e-02
-7.752051353454589844e-01;4.085612297058105469e-01;3.108971714973449707e-01
2.759557962417602539e-01;1.736250519752502441e-01;-1.517938226461410522e-01
4.080687165260314941e-01;-3.903302550315856934e-02;1.651072949171066284e-01
-1.203940734267234802e-01;3.248117268085479736e-01;-3.499385416507720947e-01
1.052902489900588989e-01;1.015037745237350464e-01;-2.213368415832519531e-01
-2.134445309638977051e-02;-3.761680796742439270e-02;2.650190591812133789e-01
-7.290196418762207031e-01;-1.950563937425613403e-01;2.625011205673217773e-01
7.362730503082275391e-01;3.687082529067993164e-01;3.373936712741851807e-01
5.396611094474792480e-01;-1.189271584153175354e-01;-3.212313652038574219e-01
-4.112422168254852295e-01;-2.048701792955398560e-01;1.071507409214973450e-01
-1.703608334064483643e-01;3.039863705635070801e-01;2.256483584642410278e-02
-1.850675195455551147e-01;4.271859303116798401e-02;-2.321273982524871826e-01
-3.092552125453948975e-01;-1.771206855773925781e-01;-1.975914090871810913e-01
7.299166321754455566e-01;-1.245441287755966187e-01;1.375402361154556274e-01
1.397459954023361206e-01;-3.625316023826599121e-01;1.553283780813217163e-01
6.969600915908813477e-01;-2.089843600988388062e-01;-2.952981591224670410e-01
1.578159630298614502e-02;1.422043293714523315e-01;1.369522213935852051e-01
1.481914222240447998e-01;1.536081433296203613e-01;-1.962163001298904419e-01
3.134472668170928955e-01;-5.456173419952392578e-02;-2.317252010107040405e-01
-5.454443097114562988e-01;1.781928241252899170e-01;2.021984606981277466e-01
7.722069025039672852e-01;-2.506123781204223633e-01;3.028512597084045410e-01
1.250096261501312256e-01;4.088246822357177734e-01;1.546165794134140015e-01
-1.520679891109466553e-01;-2.911959588527679443e-01;2.178128361701965332e-01
-1.826999485492706299e-01;1.472002565860748291e-01;1.965364515781402588e-01
-5.588960647583007812e-01;-2.353217080235481262e-02;1.410367637872695923e-01
-7.318550720810890198e-03;-9.407740831375122070e-02;-2.611453831195831299e-01
5.514639616012573242e-01;8.150781691074371338e-02;-3.213289082050323486e-01
1.851834803819656372e-01;1.595115214586257935e-01;3.695188462734222412e-01
5.565363541245460510e-02;-2.388679832220077515e-01;-1.769815981388092041e-01
7.326589226722717285e-01;1.367839276790618896e-01;2.132456153631210327e-01
4.285569489002227783e-01;6.462553143501281738e-02;3.385621607303619385e-01
-6.050725653767585754e-02;-3.334359228610992432e-01;-5.209630727767944336e-02
-5.484303832054138184e-01;-9.332007728517055511e-03;-3.669855892658233643e-01
-5.568263530731201172e-01;5.089243501424789429e-02;-3.080064952373504639e-01
5.735542178153991699e-01;-2.224101871252059937e-01;-2.243329137563705444e-01
-2.918569147586822510e-01;5.174345150589942932e-02;8.804123103618621826e-02
-4.059489071369171143e-01;-8.055543154478073120e-02;2.033830136060714722e-01
5.485526323318481445e-01;3.078719973564147949e-01;1.060477569699287415e-01
3.805644512176513672e-01;-1.184008121490478516e-01;3.744956552982330322e-01
-9.627370163798332214e-03;-3.278891444206237793e-01;-2.969365119934082031e-01
-3.728437796235084534e-02;-2.189131677150726318e-01;1.733168661594390869e-01
-1.053584218025207520e-01;-5.064248293638229370e-02;1.147263795137405396e-01
-2.382109016180038452e-01;-2.594527006149291992e-01;1.956090778112411499e-01
-5.414187312126159668e-01;2.020968794822692871e-01;8.247263729572296143e-03
3.386034965515136719e-01;3.406767547130584717e-01;6.442619115114212036e-02
-6.075485944747924805e-01;3.459350466728210449e-01;-2.492816150188446045e-01
6.111395731568336487e-02;-2.131482064723968506e-01;-3.648447692394256592e-01
4.222762882709503174e-01;3.408699035644531250e-01;-2.331963926553726196e-01
-5.448685288429260254e-01;3.040178120136260986e-01;2.799088954925537109e-01
7.145299315452575684e-01;-1.036200299859046936e-01;-7.043378800153732300e-02
-4.041991233825683594e-01;-3.274922072887420654e-01;-2.958565950393676758e-01
4.045053124427795410e-01;-3.984609246253967285e-01;4.047779440879821777e-01
7.572075724601745605e-01;2.611706405878067017e-02;1.259900927543640137e-01
-2.260141521692276001e-01;2.012197524309158325e-01;1.002353280782699585e-01
-6.808356642723083496e-01;-9.599399566650390625e-02;3.709474503993988037e-01
-3.755742916837334633e-03;3.042723238468170166e-01;-2.112329155206680298e-01
-6.215547323226928711e-01;-2.154965251684188843e-01;-7.750918716192245483e-02
3.372990787029266357e-01;-3.667155206203460693e-01;-7.358942180871963501e-02
-4.281404614448547363e-01;3.104051947593688965e-01;-3.322613835334777832e-01
-3.049999177455902100e-01;1.235821396112442017e-01;-1.753705292940139771e-01
3.852826356887817383e-01;3.068511784076690674e-01;-3.328313827514648438e-01
2.470852434635162354e-01;-1.378545463085174561e-01;-3.604763001203536987e-02
-7.571756094694137573e-02;-8.510007709264755249e-02;1.591947972774505615e-01
2.810111939907073975e-01;2.009606510400772095e-01;7.195687387138605118e-03
1.272331476211547852e-01;-1.029644086956977844e-01;1.039792075753211975e-01
7.098786234855651855e-01;6.906450539827346802e-02;-2.673808932304382324e-01
-1.474212855100631714e-01;3.755400776863098145e-01;1.426887065172195435e-01
-6.909053921699523926e-01;-3.985766172409057617e-01;2.853591442108154297e-01
4.538223743438720703e-01;1.371937245130538940e-01;-1.928894668817520142e-01
-1.202528104186058044e-01;3.396653532981872559e-01;1.344711929559707642e-01
7.113556265830993652e-01;-2.111072540283203125e-01;-1.824959740042686462e-02
6.249715685844421387e-01;3.094325959682464600e-01;2.477908283472061157e-01
-6.012249365448951721e-02;1.562557648867368698e-03;-2.878596633672714233e-02
-3.612278103828430176e-01;-2.937009036540985107e-01;-1.378334760665893555e-01
-7.632459998130798340e-01;-3.008931279182434082e-01;-3.411906063556671143e-01
-4.383661150932312012e-01;-8.125054836273193359e-02;1.726179867982864380e-01
1.673636436462402344e-01;-1.629336029291152954e-01;-9.914498031139373779e-02
6.268919110298156738e-01;2.403293037787079811e-03;-3.149582147598266602e-01
6.102139949798583984e-01;2.455915361642837524e-01;-2.164700441062450409e-02
-7.538871467113494873e-02;2.256041616201400757e-01;2.404404804110527039e-02
-2.135276794433593750e-02;-3.135169446468353271e-01;3.766568005084991455e-01
-7.635781764984130859e-01;3.266248619183897972e-03;2.754178643226623535e-01
5.764380693435668945e-01;1.046678125858306885e-01;2.475855350494384766e-01
7.105605006217956543e-01;-1.224132701754570007e-01;2.831964790821075439e-01
3.249644339084625244e-01;1.453502178192138672e-01;3.705678880214691162e-01
-3.083183169364929199e-01;1.133937016129493713e-02;1.814765036106109619e-01
-1.426916867494583130e-01;-8.078550547361373901e-02;-1.992683112621307373e-01
7.013646364212036133e-01;3.047462105751037598e-01;-9.836808592081069946e-02
1.248642280697822571e-01;3.337461948394775391e-01;2.998994886875152588e-01
-3.180198669433593750e-01;1.749655976891517639e-02;-2.316385060548782349e-01
3.182126879692077637e-01;1.001444831490516663e-01;-3.590742591768503189e-03
-3.775533437728881836e-01;-2.135148346424102783e-01;3.750076293945312500e-01
2.962814271450042725e-01;-3.390456736087799072e-01;-3.728199005126953125e-01
-1.197755485773086548e-01;2.678898870944976807e-01;-1.662653088569641113e-01
-4.403865933418273926e-01;6.820879131555557251e-02;4.057697355747222900e-01
4.431293010711669922e-01;-1.648170053958892822e-01;1.950712800025939941e-01
7.040730118751525879e-01;-3.309383690357208252e-01;-6.129269953817129135e-03
-9.697080589830875397e-03;-1.289344280958175659e-01;-1.823056139983236790e-03
-9.020550549030303955e-02;1.596595048904418945e-01;3.728854060173034668e-01
-3.161826431751251221e-01;2.164587974548339844e-01;3.062370419502258301e-01
-5.067374110221862793e-01;-6.740574538707733154e-02;-2.668106555938720703e-01
-4.006597697734832764e-01;-1.390825957059860229e-01;-2.967875897884368896e-01
2.579665482044219971e-01;-2.156933248043060303e-01;2.483964264392852783e-01
-2.280725836753845215e-01;3.404668271541595459e-01;3.340095654129981995e-02
-5.493152141571044922e-01;1.687255352735519409e-01;-1.678097397089004517e-01
-7.532765269279479980e-01;-9.210260957479476929e-02;3.751019239425659180e-01
-3.415903747081756592e-01;-2.951443493366241455e-01;-1.454153377562761307e-02
7.726396322250366211e-01;1.035982519388198853e-01;2.475708574056625366e-01
7.498430609703063965e-01;3.181320130825042725e-01;1.215269863605499268e-01
5.451838970184326172e-01;3.043358027935028076e-01;-1.682114303112030029e-01
5.199989676475524902e-01;4.198501259088516235e-02;1.497991848737001419e-02
4.053129553794860840e-01;-1.000697240233421326e-01;-2.007315605878829956e-01
2.658678889274597168e-01;-4.699059575796127319e-02;3.709493875503540039e-01
8.853239566087722778e-02;2.390398681163787842e-01;3.371442556381225586e-01
-6.699478030204772949e-01;-1.853594779968261719e-01;9.004563093185424805e-02
-6.865535378456115723e-01;7.481841742992401123e-02;-1.462052315473556519e-01
2.937212884426116943e-01;-2.589107155799865723e-01;-1.477450728416442871e-01
2.316568791866302490e-01;-1.082414463162422180e-01;-4.016331136226654053e-01
8.001688122749328613e-02;1.796687692403793335e-01;1.643502414226531982e-01
-4.473570287227630615e-01;-1.340160816907882690e-01;3.341965377330780029e-01
1.238393858075141907e-01;-3.401579856872558594e-01;3.422372341156005859e-01
1.455234587192535400e-01;-1.165863201022148132e-01;-2.972848415374755859e-01
-7.718487381935119629e-01;3.772448003292083740e-01;9.022115916013717651e-02
4.395247995853424072e-01;3.736546933650970459e-01;-2.892619669437408447e-01
-5.915157794952392578e-01;-2.048234343528747559e-01;5.569400265812873840e-03
6.447523832321166992e-01;2.646355656906962395e-03;-1.881495565176010132e-01
3.244549334049224854e-01;3.444349765777587891e-01;3.346216976642608643e-01
6.761762499809265137e-01;-5.040252581238746643e-02;2.820397913455963135e-01
-6.928558349609375000e-01;1.831295341253280640e-02;8.203064650297164917e-02
-5.811349749565124512e-01;-3.429700434207916260e-02;3.735023736953735352e-01
7.626797556877136230e-01;3.498175144195556641e-01;-2.088480740785598755e-01
-6.857937574386596680e-01;-2.663432955741882324e-01;-1.334629654884338379e-01
5.599491000175476074e-01;-4.008580744266510010e-01;-1.983718723058700562e-01
-6.261313557624816895e-01;1.205927357077598572e-01;2.637771368026733398e-01
4.350714385509490967e-01;1.629560589790344238e-01;-1.027085706591606140e-01
-7.621667385101318359e-01;1.295589655637741089e-01;-1.426927000284194946e-01
-6.282889246940612793e-01;-3.307850956916809082e-01;-1.360764801502227783e-01
1.277593672275543213e-01;1.032606661319732666e-01;3.371425867080688477e-01
-4.719500541687011719e-01;3.404257595539093018e-01;2.878993749618530273e-01
2.545831799507141113e-01;-4.222538322210311890e-02;7.735586166381835938e-02
-3.697635233402252197e-01;8.833304047584533691e-02;-7.595497369766235352e-02
9.716214239597320557e-02;3.004270195960998535e-01;7.476291060447692871e-02
-6.612044572830200195e-01;1.785526871681213379e-01;-3.351346552371978760e-01
7.634289860725402832e-01;3.324597477912902832e-01;-3.823949098587036133e-01
2.556932531297206879e-02;-3.352034091949462891e-01;-3.003405928611755371e-01
-6.865844726562500000e-01;-8.200789988040924072e-02;1.702441573143005371e-01
-1.549101024866104126e-01;1.612461656332015991e-01;-2.181915342807769775e-01
-2.473019510507583618e-01;-1.817296296358108521e-01;-1.460392475128173828e-01
-4.652750790119171143e-01;1.973794251680374146e-01;-6.066011637449264526e-02
3.437178432941436768e-01;2.350181937217712402e-01;2.076925635337829590e-01
7.229198217391967773e-01;-5.602657794952392578e-03;-2.799423933029174805e-01
-5.940532088279724121e-01;-3.060656189918518066e-01;-4.012251496315002441e-01
-6.288453340530395508e-01;-2.920123040676116943e-01;2.667811512947082520e-01
4.236962497234344482e-01;-2.302112579345703125e-01;3.364170491695404053e-01
2.520353198051452637e-01;2.102419734001159668e-01;-1.320932656526565552e-01
1.741006821393966675e-01;-2.707045674324035645e-01;9.073681384325027466e-02
-6.143535971641540527e-01;-3.895309939980506897e-02;5.964388698339462280e-02
-5.623382925987243652e-01;1.923054009675979614e-01;9.229493141174316406e-02
6.785168051719665527e-01;9.742129594087600708e-02;2.384077012538909912e-02
-2.175535708665847778e-01;7.254445552825927734e-02;-3.335633575916290283e-01
3.925051987171173096e-01;-2.221449166536331177e-01;-4.165385663509368896e-02
7.513601183891296387e-01;1.453902274370193481e-01;8.670730888843536377e-02
-4.491559565067291260e-01;2.514134645462036133e-01;-3.696104884147644043e-01
2.009692043066024780e-01;1.655193269252777100e-01;1.844927370548248291e-01
4.585979878902435303e-01;4.714744165539741516e-02;-1.370454728603363037e-01
-3.282376229763031006e-01;-4.501125216484069824e-02;2.179856598377227783e-01
-1.126607730984687805e-01;3.685325384140014648e-02;2.586664259433746338e-01
7.727203965187072754e-01;-3.672987818717956543e-01;3.608293235301971436e-01
1.587617993354797363e-01;-1.671427041292190552e-01;6.071228999644517899e-03
-3.479117993265390396e-03;-7.377120107412338257e-02;1.068106591701507568e-01
-1.881626099348068237e-01;3.042280673980712891e-01;5.560690537095069885e-02
4.196628034114837646e-01;-2.545984387397766113e-01;1.287062466144561768e-01
-4.710006341338157654e-02;3.756413161754608154e-01;1.101281568408012390e-01
2.418351620435714722e-01;8.982388675212860107e-02;2.740314900875091553e-01
-7.772974371910095215e-01;-3.649756908416748047e-01;-2.533557415008544922e-01
1.336266845464706421e-02;2.974281273782253265e-02;-3.645743727684020996e-01
1.057298779487609863e-01;1.983238458633422852e-01;-3.683018684387207031e-02
-4.287776052951812744e-01;2.048179954290390015e-01;2.020341008901596069e-01
3.765902817249298096e-01;3.140652552247047424e-02;2.926992774009704590e-01
-7.828878005966544151e-04;-5.171703547239303589e-02;3.006664216518402100e-01
3.679381683468818665e-02;2.910841107368469238e-01;-3.011340796947479248e-01
-6.269269585609436035e-01;-1.326462030410766602e-01;2.252710908651351929e-01
-2.646736502647399902e-01;-1.731032729148864746e-01;-3.696097731590270996e-01
5.523579716682434082e-01;6.599283218383789062e-02;2.392654269933700562e-01
-4.250589311122894287e-01;1.011835634708404541e-01;-3.027227222919464111e-01
3.192174732685089111e-01;3.377791941165924072e-01;-1.341609358787536621e-01
-2.286635190248489380e-01;2.153234034776687622e-01;2.771360576152801514e-01
-3.029873594641685486e-02;-2.180882096290588379e-01;-2.972181141376495361e-01
2.923583611845970154e-02;-2.952120900154113770e-01;-8.822990581393241882e-03
-6.930848956108093262e-01;-9.104547649621963501e-02;-8.581633865833282471e-02
7.091721892356872559e-01;3.457800745964050293e-01;-2.235706597566604614e-01
-3.376975655555725098e-01;-2.203992009162902832e-01;2.380171120166778564e-01
7.724600434303283691e-01;-2.208938896656036377e-01;3.054586946964263916e-01
4.000961198471486568e-04;3.384139537811279297e-01;-9.570304304361343384e-02
7.484386563301086426e-01;4.162061214447021484e-01;-6.243482232093811035e-02
-2.586944401264190674e-01;-1.205228120088577271e-01;-4.015070199966430664e-01
7.416839003562927246e-01;-3.722249865531921387e-01;2.915016412734985352e-01
-5.032386258244514465e-02;-3.983616232872009277e-01;-2.698459029197692871e-01
7.692753672599792480e-01;2.387474924325942993e-01;2.899548709392547607e-01
-8.414053320884704590e-01;9.934668987989425659e-02;8.684047497808933258e-03
5.265938043594360352e-01;-1.975358426570892334e-01;-3.827968239784240723e-01
-8.412625789642333984e-01;-1.338606774806976318e-01;2.924882173538208008e-01
-2.503695785999298096e-01;-3.981834650039672852e-01;2.678411900997161865e-01
3.224556744098663330e-01;4.089644253253936768e-01;-2.479856610298156738e-01
1.187258288264274597e-01;4.087077677249908447e-01;-2.162916064262390137e-01
-8.413353562355041504e-01;-3.847069442272186279e-01;-2.881747186183929443e-01
-7.882269099354743958e-03;-3.982492983341217041e-01;1.227807030081748962e-01
2.861247658729553223e-01;3.664827644824981689e-01;3.563266098499298096e-01
7.694566249847412109e-01;2.117388099431991577e-01;1.949308067560195923e-01
-7.563114166259765625e-01;4.085133671760559082e-01;6.794567406177520752e-02
-8.228383660316467285e-01;-3.983537554740905762e-01;2.345140576362609863e-01
7.711288928985595703e-01;-2.391967028379440308e-01;2.419181764125823975e-01
7.666208148002624512e-01;-9.014919400215148926e-02;-1.293335109949111938e-01
-4.736366271972656250e-01;-3.983741104602813721e-01;4.815489798784255981e-02
-8.413554430007934570e-01;-3.897535502910614014e-01;-1.707140654325485229e-01
7.730954289436340332e-01;4.109662175178527832e-01;-3.735253512859344482e-01
-8.412990570068359375e-01;1.437574177980422974e-01;3.571960628032684326e-01
7.518634200096130371e-01;4.147036075592041016e-01;2.658885717391967773e-01
-5.178156308829784393e-03;4.086686074733734131e-01;-1.620446145534515381e-01
-8.414633274078369141e-01;-1.566304862499237061e-01;-2.903343439102172852e-01
3.846362829208374023e-01;-3.113882429897785187e-02;3.553899526596069336e-01
6.194745302200317383e-01;-4.032801091670989990e-01;-3.576446473598480225e-01
-1.874812692403793335e-01;1.182524710893630981e-01;-4.016111791133880615e-01
-4.860905408859252930e-01;4.086508452892303467e-01;3.570580780506134033e-01
-7.063714861869812012e-01;2.919542416930198669e-02;3.572033345699310303e-01
5.711004137992858887e-02;-3.984055221080780029e-01;-1.547148525714874268e-01
2.560591101646423340e-01;4.089162051677703857e-01;-1.529371291399002075e-01
-6.068784594535827637e-01;9.789215773344039917e-02;3.571441769599914551e-01
-1.335941106081008911e-01;-1.674355864524841309e-01;-4.015898704528808594e-01
-3.462479412555694580e-01;-3.126039803028106689e-01;3.572722673416137695e-01
3.069222569465637207e-01;-7.242272607982158661e-03;-4.015042185783386230e-01
2.588333189487457275e-01;-9.191711246967315674e-02;3.563024997711181641e-01
-8.415251970291137695e-01;1.558586303144693375e-02;-3.532975018024444580e-01
-1.046788617968559265e-01;-3.983670771121978760e-01;-3.541284799575805664e-01
-8.413736820220947266e-01;-1.755149066448211670e-01;-6.426935642957687378e-02
7.602181434631347656e-01;4.188584685325622559e-01;-1.609151363372802734e-01
7.215489745140075684e-01;-4.045186340808868408e-01;-5.423573032021522522e-02
7.550950646400451660e-01;4.152885675430297852e-01;-5.239915102720260620e-03
-1.290752440690994263e-01;-3.982734978199005127e-01;8.018799871206283569e-02
7.583228945732116699e-01;-2.839532196521759033e-01;5.145492777228355408e-02
2.189939618110656738e-01;-1.248682439327239990e-01;-4.016487300395965576e-01
-8.007608056068420410e-01;4.084026813507080078e-01;-2.883777618408203125e-01
4.776631891727447510e-01;-2.271825224161148071e-01;3.104135990142822266e-01
5.418674945831298828e-01;4.103739857673645020e-01;4.155954346060752869e-03
-1.683147102594375610e-01;-3.245304226875305176e-01;-4.015495181083679199e-01
-3.000356853008270264e-01;-3.984148502349853516e-01;-1.732114106416702271e-01
-5.374663323163986206e-02;4.087170958518981934e-01;3.570272624492645264e-01
-2.989683449268341064e-01;3.718403577804565430e-01;3.569804430007934570e-01
-2.959700822830200195e-01;-4.078651964664459229e-02;-4.014959335327148438e-01
7.141940593719482422e-01;-4.042400121688842773e-01;6.141269579529762268e-02
-6.315182447433471680e-01;-3.983845114707946777e-01;1.209609359502792358e-01
7.693715691566467285e-01;-4.039880335330963135e-01;2.599879503250122070e-01
7.574545145034790039e-01;-4.010078012943267822e-01;-3.661564290523529053e-01
-6.883850097656250000e-01;-4.187506064772605896e-02;-4.012185931205749512e-01
-6.685883402824401855e-01;4.085051119327545166e-01;-8.465904742479324341e-02
3.602698445320129395e-01;-3.985189795494079590e-01;2.914377152919769287e-01
7.573652863502502441e-01;4.008472263813018799e-01;9.794511646032333374e-02
-6.587474346160888672e-01;3.056688308715820312e-01;3.570713102817535400e-01
7.698609828948974609e-01;-4.035059511661529541e-01;-2.658025920391082764e-01
-2.373190671205520630e-01;4.086380004882812500e-01;-5.768516566604375839e-03
7.729257941246032715e-01;-8.184627443552017212e-02;2.683693468570709229e-01
-1.925463676452636719e-01;-3.983044028282165527e-01;4.136747121810913086e-02
-6.643589138984680176e-01;4.084349870681762695e-01;-4.013369381427764893e-01
6.594843864440917969e-01;-2.303534448146820068e-01;2.919040918350219727e-01
7.484174519777297974e-02;4.087443351745605469e-01;-9.310378879308700562e-02
-4.142998754978179932e-01;-3.982724547386169434e-01;2.252597659826278687e-01
3.975332379341125488e-01;-3.988017439842224121e-01;-2.498462945222854614e-01
-8.413583040237426758e-01;5.000628903508186340e-02;1.167447939515113831e-01
-1.467736959457397461e-01;-9.166001528501510620e-02;3.570977449417114258e-01
7.729008197784423828e-01;1.027973517775535583e-01;-3.823935091495513916e-01
7.599170207977294922e-01;-3.340947628021240234e-02;5.490989610552787781e-02
4.747046530246734619e-01;4.097074270248413086e-01;-1.954359263181686401e-01
1.543301939964294434e-01;-3.983916342258453369e-01;1.217152178287506104e-01
3.813980817794799805e-01;1.001905947923660278e-01;-4.012970626354217529e-01
-7.544361352920532227e-01;4.085707366466522217e-01;3.204706907272338867e-01
-6.971433013677597046e-02;-6.922142952680587769e-02;3.570419847965240479e-01
-8.414016366004943848e-01;-3.785341680049896240e-01;-3.836095035076141357e-01
-3.042973875999450684e-01;-2.014614790678024292e-01;3.572047650814056396e-01
6.769867539405822754e-01;2.194049954414367676e-01;-3.823997378349304199e-01
-8.413069248199462891e-01;3.924942314624786377e-01;1.622336208820343018e-01
-8.414522409439086914e-01;1.179991140961647034e-01;-1.115892529487609863e-01
4.824579954147338867e-01;-3.992561101913452148e-01;-6.760923564434051514e-02
-8.519819974899291992e-01;1.205006837844848633e-01;-4.011430740356445312e-01
7.717602252960205078e-01;3.746659159660339355e-01;-3.146287798881530762e-01
-6.921625882387161255e-02;-3.983645737171173096e-01;-1.497738361358642578e-01
7.558161020278930664e-01;4.024000465869903564e-01;3.547700121998786926e-02
-3.107373416423797607e-01;4.085123538970947266e-01;-4.016016721725463867e-01
7.593261599540710449e-01;-3.592131137847900391e-01;-1.059482917189598083e-01
-6.378946900367736816e-01;-3.986185193061828613e-01;-4.011735022068023682e-01
-4.833763837814331055e-01;-9.822653979063034058e-02;3.571947216987609863e-01
-6.630021333694458008e-01;-3.984433114528656006e-01;3.807756351307034492e-03
-8.415856361389160156e-01;3.689088821411132812e-01;-3.945120275020599365e-01
-2.825521528720855713e-01;-1.448228508234024048e-01;-4.014851748943328857e-01
-8.412963151931762695e-01;-3.858689069747924805e-01;-1.814553886651992798e-02
