1.510234773159027100e-01;7.527145557105541229e-03;2.857287181541323662e-03
1.672029495239257812e-01;-1.649495512247085571e-01;-5.582617595791816711e-04
1.764327436685562134e-01;-2.079576402902603149e-01;-4.368431866168975830e-03
-3.277022242546081543e-01;-2.780307531356811523e-01;5.582875013351440430e-01
1.555632054805755615e-01;-3.761939704418182373e-01;-3.053167602047324181e-04
1.274293512105941772e-01;3.666070997714996338e-01;-5.816791206598281860e-03
1.395211219787597656e-01;1.628443449735641479e-01;1.385332830250263214e-02
1.576566100120544434e-01;-1.288553420454263687e-02;3.795424709096550941e-04
1.429715454578399658e-01;-4.549400210380554199e-01;1.520424708724021912e-02
1.291273534297943115e-01;5.218153595924377441e-01;1.474734116345643997e-02
1.309790909290313721e-01;-4.922544658184051514e-01;1.804240234196186066e-02
1.659596711397171021e-01;-3.954828679561614990e-01;7.723028538748621941e-04
1.117448806762695312e-01;3.433369398117065430e-01;2.030913159251213074e-02
1.603450924158096313e-01;4.809664487838745117e-01;1.436646562069654465e-02
1.605815887451171875e-01;3.003948330879211426e-01;-2.706031082198023796e-03
1.514874249696731567e-01;4.641880393028259277e-01;-1.708640903234481812e-02
-2.805339395999908447e-01;4.377711117267608643e-01;5.091478824615478516e-01
-2.055587917566299438e-01;3.470744192600250244e-01;4.879032373428344727e-01
1.114999577403068542e-01;-6.784919500350952148e-01;1.648835465312004089e-02
1.248892992734909058e-01;4.839764535427093506e-01;-2.462885715067386627e-02
1.177097037434577942e-01;5.740619301795959473e-01;-1.769396103918552399e-02
1.215685531497001648e-01;-5.707544088363647461e-01;4.953106865286827087e-02
1.007836312055587769e-01;-6.623466014862060547e-01;4.570832103490829468e-02
9.179574251174926758e-02;-1.325362920761108398e-01;5.475877597928047180e-02
-2.604246735572814941e-01;-6.524762511253356934e-01;4.785599708557128906e-01
6.802701950073242188e-02;-8.248355984687805176e-01;3.236304968595504761e-02
-2.881378233432769775e-01;-4.738988280296325684e-01;-5.330536961555480957e-01
5.592542141675949097e-02;-8.370295763015747070e-01;3.187623573467135429e-03
2.913480065762996674e-02;-3.950850963592529297e-01;1.674604117870330811e-01
-2.355972379446029663e-01;-5.132061839103698730e-01;4.672889113426208496e-01
6.470471620559692383e-02;-8.260863423347473145e-01;-9.438133798539638519e-03
6.177806109189987183e-02;-1.252600252628326416e-01;-1.149813458323478699e-01
6.813342869281768799e-02;8.012465238571166992e-01;-3.934862464666366577e-02
-1.500667780637741089e-01;1.243371367454528809e-01;-4.232501983642578125e-01
-1.814288049936294556e-01;6.180040240287780762e-01;4.380268752574920654e-01
5.764508247375488281e-02;8.088489770889282227e-01;-4.417360294610261917e-03
1.164214611053466797e-01;-7.277433276176452637e-01;-4.598503559827804565e-02
-1.996774971485137939e-01;-7.264654040336608887e-01;4.715761244297027588e-01
-8.067265897989273071e-02;4.343397449702024460e-03;-3.011584281921386719e-01
-6.990323960781097412e-02;-1.919737905263900757e-01;2.864235043525695801e-01
-5.157240107655525208e-02;-5.712987482547760010e-02;2.900032103061676025e-01
-1.084274649620056152e-01;-1.337842792272567749e-01;3.965870440006256104e-01
-1.031421944499015808e-01;3.720765113830566406e-01;3.215419650077819824e-01
-1.061624810099601746e-01;1.472795158624649048e-01;3.696352243423461914e-01
1.006251871585845947e-01;-4.943594709038734436e-02;-1.987241394817829132e-02
-1.463958770036697388e-01;-7.938539981842041016e-02;-3.940251469612121582e-01
-1.826936602592468262e-01;1.667373180389404297e-01;3.680794239044189453e-01
-1.457065939903259277e-01;-3.771216571331024170e-01;-3.340071737766265869e-01
-1.389633566141128540e-01;-4.915505945682525635e-01;-4.524038732051849365e-01
6.034108996391296387e-02;8.153485655784606934e-01;4.613490402698516846e-02
1.535939872264862061e-01;-3.739037513732910156e-01;-3.546220064163208008e-02
3.419747576117515564e-02;4.218210652470588684e-02;9.005664288997650146e-02
-2.619537413120269775e-01;-6.551681160926818848e-01;-4.807989001274108887e-01
-7.602290064096450806e-02;3.536185026168823242e-01;3.580203056335449219e-01
-4.961176589131355286e-02;2.827289998531341553e-01;-2.133122831583023071e-01
-1.655901968479156494e-01;7.408058643341064453e-01;-4.844810366630554199e-01
-1.509805917739868164e-01;6.308243274688720703e-01;3.968726396560668945e-01
7.950375974178314209e-02;-2.768835425376892090e-01;-1.115985065698623657e-01
-4.142599925398826599e-02;2.522870302200317383e-01;-3.072006702423095703e-01
-4.058771952986717224e-02;5.003039836883544922e-01;-2.630736231803894043e-01
-1.566963940858840942e-01;5.656093358993530273e-01;4.763452410697937012e-01
-7.431335002183914185e-02;1.544293016195297241e-01;-2.278358638286590576e-01
6.813342869281768799e-02;8.012465238571166992e-01;-3.934862464666366577e-02
-1.635736376047134399e-01;-6.801514625549316406e-01;-4.614879488945007324e-01
3.514977544546127319e-02;2.831466197967529297e-01;9.370786696672439575e-02
-1.415939480066299438e-01;1.225002929568290710e-01;2.823270857334136963e-01
2.645684219896793365e-02;5.619782805442810059e-01;2.096393406391143799e-01
6.892760843038558960e-02;-8.233538269996643066e-01;-3.340190276503562927e-02
-7.869747281074523926e-02;-2.807461842894554138e-02;2.174887657165527344e-01
-2.096639424562454224e-01;-7.242745757102966309e-01;-4.603141844272613525e-01
5.543863773345947266e-02;8.118465542793273926e-01;1.684132218360900879e-02
-2.268928736448287964e-01;-5.022110342979431152e-01;3.970176875591278076e-01
-5.994127318263053894e-02;-6.529844999313354492e-01;-3.084683716297149658e-01
2.300147339701652527e-02;1.898861676454544067e-02;-8.900929242372512817e-02
-8.520261943340301514e-02;-7.187220454216003418e-01;2.782699763774871826e-01
-1.324446052312850952e-01;7.038862109184265137e-01;4.217750430107116699e-01
-1.306982338428497314e-01;7.662948966026306152e-01;4.727061092853546143e-01
-7.775616645812988281e-02;1.858426332473754883e-01;3.899687826633453369e-01
1.904515624046325684e-01;2.293912023305892944e-01;-4.099658690392971039e-03
8.934959769248962402e-02;-3.209722340106964111e-01;-1.580984592437744141e-01
5.616906285285949707e-02;-8.382552266120910645e-01;1.208282355219125748e-02
-7.941839843988418579e-02;-2.968234419822692871e-01;-4.020823538303375244e-01
-2.613490819931030273e-01;7.677698135375976562e-01;-4.808830916881561279e-01
4.204796254634857178e-02;6.258776783943176270e-01;9.687060862779617310e-02
7.648275047540664673e-02;-8.334918022155761719e-01;-6.272619962692260742e-02
7.559165358543395996e-02;-3.714633584022521973e-01;-1.863809227943420410e-01
1.010012254118919373e-01;7.639850974082946777e-01;-6.427229940891265869e-02
8.155719935894012451e-02;-7.410580515861511230e-01;1.428272426128387451e-01
7.947010919451713562e-03;6.964707374572753906e-01;1.489545106887817383e-01
-9.670935571193695068e-02;-7.951193451881408691e-01;-3.499144613742828369e-01
6.224385648965835571e-02;-7.297645211219787598e-01;-2.011455446481704712e-01
-2.139436602592468262e-01;-4.301801025867462158e-01;-3.639186024665832520e-01
1.981278955936431885e-01;-1.563779264688491821e-01;2.422512741759419441e-03
-2.454385757446289062e-01;-1.412658095359802246e-01;-3.918064236640930176e-01
-2.315814942121505737e-01;-7.050338387489318848e-01;3.806928992271423340e-01
-2.246959209442138672e-01;-7.820191979408264160e-01;-3.978731036186218262e-01
7.017265260219573975e-02;-8.434628844261169434e-01;-6.219547986984252930e-02
6.719478964805603027e-02;8.174364566802978516e-01;6.542798131704330444e-02
6.719478964805603027e-02;8.174364566802978516e-01;6.542798131704330444e-02
3.886911273002624512e-02;7.745535969734191895e-01;-2.245052307844161987e-01
-4.577885195612907410e-02;1.039109677076339722e-01;-1.471323817968368530e-01
1.187644153833389282e-01;7.143683433532714844e-01;-5.740721523761749268e-02
-1.014423593878746033e-01;-9.567081928253173828e-02;-4.784858822822570801e-01
-4.017490893602371216e-02;6.257754564285278320e-01;1.727687716484069824e-01
7.698586583137512207e-02;5.655837059020996094e-01;-2.273657917976379395e-01
1.820720881223678589e-01;4.410496950149536133e-01;-3.065985627472400665e-02
9.651441872119903564e-02;-7.931555509567260742e-01;6.039168313145637512e-02
-1.470998078584671021e-01;2.473929375410079956e-01;-2.577887177467346191e-01
1.036515310406684875e-01;4.237093925476074219e-01;-1.919251084327697754e-01
-2.307716012001037598e-01;-7.160301506519317627e-02;-3.631125390529632568e-01
-8.838330209255218506e-02;-7.890851497650146484e-01;-4.776521325111389160e-01
-6.897159665822982788e-02;6.857349276542663574e-01;-2.000665664672851562e-01
-8.681908994913101196e-02;3.081195652484893799e-01;4.298821985721588135e-01
1.069209575653076172e-01;7.642484307289123535e-01;7.074154913425445557e-02
8.841834217309951782e-02;8.141795992851257324e-01;-8.319988846778869629e-02
1.689411848783493042e-01;-5.357249975204467773e-01;-3.440963104367256165e-02
5.737094953656196594e-02;-5.103247761726379395e-01;-2.609074413776397705e-01
-3.637493029236793518e-02;-4.408058226108551025e-01;-1.218335479497909546e-01
-3.264524638652801514e-01;4.682430531829595566e-03;4.844660758972167969e-01
-2.050154656171798706e-01;7.496836185455322266e-01;-3.563484847545623779e-01
3.125327453017234802e-02;-8.245763182640075684e-01;6.357772648334503174e-02
-1.479893475770950317e-01;2.731096446514129639e-01;2.494137138128280640e-01
7.613414525985717773e-02;-8.411974906921386719e-01;7.418380677700042725e-02
-3.552390933036804199e-01;1.496832668781280518e-01;5.823044776916503906e-01
7.132837921380996704e-02;-1.637520343065261841e-01;2.373354434967041016e-01
2.221210151910781860e-01;2.470201104879379272e-01;1.793838106095790863e-02
1.049857586622238159e-01;8.131917119026184082e-01;9.664234519004821777e-02
7.486439310014247894e-03;-5.658812522888183594e-01;-5.675567686557769775e-02
7.009828090667724609e-02;6.919353604316711426e-01;-2.827466130256652832e-01
1.544841378927230835e-01;7.300144433975219727e-01;8.955566585063934326e-02
1.264091879129409790e-01;-1.006872672587633133e-02;1.806225329637527466e-01
-3.192730247974395752e-01;-7.077986598014831543e-01;4.877466261386871338e-01
7.563752681016921997e-02;-8.447327613830566406e-01;7.709205150604248047e-02
1.741480082273483276e-02;7.004056572914123535e-01;3.568159639835357666e-01
1.439962163567543030e-02;1.419452428817749023e-01;7.409772276878356934e-02
-1.854673177003860474e-01;-1.545896232128143311e-01;-2.720712721347808838e-01
-7.956568896770477295e-02;-2.611182630062103271e-01;-4.776175916194915771e-01
-1.289410889148712158e-01;-7.704620361328125000e-01;2.101157009601593018e-01
4.180987551808357239e-02;-6.466641426086425781e-01;3.279320597648620605e-01
-2.062769373878836632e-03;5.222259163856506348e-01;-5.387042649090290070e-03
-1.367463637143373489e-02;7.730464339256286621e-01;-1.121938154101371765e-01
1.012672483921051025e-01;-8.377640247344970703e-01;9.138739854097366333e-02
1.390815675258636475e-01;-7.322413921356201172e-01;1.512671113014221191e-01
-1.558557301759719849e-01;-1.710358262062072754e-01;2.374599575996398926e-01
2.105694860219955444e-01;-5.743953585624694824e-01;7.911822199821472168e-02
2.058813869953155518e-01;-1.832713037729263306e-01;3.381049260497093201e-02
1.083886995911598206e-01;-8.381716012954711914e-01;-9.627249836921691895e-02
-1.283138394355773926e-01;-3.257741630077362061e-01;-2.047191560268402100e-01
2.037256211042404175e-01;4.822400212287902832e-01;5.330619588494300842e-02
1.028924956917762756e-01;6.994956135749816895e-01;2.631139755249023438e-01
1.985427886247634888e-01;4.373379349708557129e-01;7.352427393198013306e-02
-3.583132028579711914e-01;4.920858740806579590e-01;5.060850381851196289e-01
1.262343078851699829e-01;4.004305973649024963e-02;-1.928530335426330566e-01
1.803977191448211670e-01;-5.936717242002487183e-02;-1.397609561681747437e-01
1.145128086209297180e-01;8.094934821128845215e-01;-9.757376462221145630e-02
1.083886995911598206e-01;-8.381716012954711914e-01;-9.627249836921691895e-02
2.045180499553680420e-01;4.927908480167388916e-01;5.767671018838882446e-02
-3.498098552227020264e-01;-2.147141844034194946e-01;5.544330477714538574e-01
-1.629744539968669415e-03;-7.245699763298034668e-01;-4.783995822072029114e-02
-1.216014847159385681e-01;5.372069478034973145e-01;2.000665962696075439e-01
-2.650068402290344238e-01;4.349864646792411804e-02;3.541797399520874023e-01
1.412622481584548950e-01;-1.531017571687698364e-01;-1.955811381340026855e-01
-2.532198131084442139e-01;4.749061465263366699e-01;3.434308767318725586e-01
-8.740895241498947144e-02;6.740898489952087402e-01;1.634659171104431152e-01
1.145128086209297180e-01;8.094934821128845215e-01;-9.757376462221145630e-02
-6.945826858282089233e-02;4.557999074459075928e-01;-4.776465892791748047e-01
1.171784922480583191e-01;6.117452383041381836e-01;-2.738723456859588623e-01
-4.016463644802570343e-04;4.914345219731330872e-02;-4.165406823158264160e-01
-7.282300293445587158e-02;-6.337946057319641113e-01;-1.321951597929000854e-01
-3.705410957336425781e-01;8.746729232370853424e-03;5.474920868873596191e-01
2.070540487766265869e-01;2.601172029972076416e-01;-1.738483831286430359e-02
1.220900472253561020e-02;-7.773697376251220703e-01;4.705697894096374512e-01
-2.518953522667288780e-03;2.058467566967010498e-01;-4.217921793460845947e-01
1.309855282306671143e-01;-8.216101527214050293e-01;9.936795383691787720e-02
1.599456369876861572e-01;6.302901506423950195e-01;1.950588673353195190e-01
2.298325449228286743e-01;-6.043900176882743835e-02;-2.368586137890815735e-02
1.472010612487792969e-01;-3.889836966991424561e-01;2.008017450571060181e-01
-8.480558608425781131e-05;1.216885522007942200e-01;-4.264138936996459961e-01
-3.736113011837005615e-01;-2.008440643548965454e-01;-5.114487409591674805e-01
2.498738002032041550e-03;-9.243673831224441528e-02;-4.235537648200988770e-01
-1.840686053037643433e-01;-9.407838433980941772e-02;-2.481618821620941162e-01
1.513127684593200684e-01;2.696912884712219238e-01;1.915768384933471680e-01
1.738579422235488892e-01;-6.870406270027160645e-01;-1.066506281495094299e-01
8.092579990625381470e-02;-7.115374207496643066e-01;3.495131433010101318e-01
1.948806494474411011e-01;-2.973113059997558594e-01;-7.417572662234306335e-03
1.250483095645904541e-01;5.055160447955131531e-02;2.450786083936691284e-01
8.210641145706176758e-02;7.455745935440063477e-01;-4.776593744754791260e-01
-3.696441650390625000e-01;3.793083727359771729e-01;-5.506032705307006836e-01
-1.437422484159469604e-01;-7.627775669097900391e-01;-1.792120039463043213e-01
5.839717015624046326e-02;6.898745894432067871e-01;4.309879839420318604e-01
1.401531994342803955e-01;8.034995198249816895e-01;1.074198484420776367e-01
-2.307911403477191925e-03;-4.145783185958862305e-01;4.159565865993499756e-01
-8.976540714502334595e-02;6.679757833480834961e-01;-1.216854304075241089e-01
-9.412048012018203735e-02;-7.712627053260803223e-01;-1.309422403573989868e-01
8.951587229967117310e-02;6.823889613151550293e-01;3.868596851825714111e-01
-1.592411696910858154e-01;6.641296744346618652e-01;-2.013631910085678101e-01
-3.506515920162200928e-01;4.635499417781829834e-01;-4.603291749954223633e-01
-2.742218673229217529e-01;-4.101362526416778564e-01;-3.282599449157714844e-01
1.060014218091964722e-01;-5.873563885688781738e-01;-3.365281224250793457e-01
1.649815775454044342e-02;6.225559711456298828e-01;-4.776699244976043701e-01
1.441396325826644897e-01;-3.341687917709350586e-01;-6.663930253125727177e-04
1.672029495239257812e-01;-1.649495512247085571e-01;-5.582617595791816711e-04
1.580819040536880493e-01;-1.033280193805694580e-01;2.096480689942836761e-03
1.336340010166168213e-01;1.121922731399536133e-01;7.372698746621608734e-03
1.394739449024200439e-01;7.744366675615310669e-02;6.932759191840887070e-03
1.238754093647003174e-01;4.606474339962005615e-01;4.931163974106311798e-03
1.325965225696563721e-01;5.434275865554809570e-01;-7.403105497360229492e-03
1.418532431125640869e-01;1.059772372245788574e-01;-5.256891017779707909e-04
1.490828841924667358e-01;-5.518565773963928223e-01;-2.535386942327022552e-02
1.938442885875701904e-01;-1.008487567305564880e-01;5.855028284713625908e-04
1.511424034833908081e-01;-4.942699372768402100e-01;1.456859428435564041e-02
1.306204497814178467e-01;-5.712532997131347656e-01;1.890056580305099487e-02
1.522250473499298096e-01;2.750540971755981445e-01;-6.949670496396720409e-04
1.092735752463340759e-01;-6.825729012489318848e-01;-2.805137541145086288e-03
8.935964852571487427e-02;7.433675527572631836e-01;-9.967210702598094940e-03
1.946615874767303467e-01;1.142223626375198364e-01;-6.423287093639373779e-03
1.084763407707214355e-01;-6.959670782089233398e-01;-9.059368632733821869e-03
1.244834885001182556e-01;6.273832321166992188e-01;3.119612485170364380e-02
-1.965956687927246094e-01;2.373804599046707153e-01;-4.923031330108642578e-01
-2.386582940816879272e-01;6.287232637405395508e-01;-5.071492791175842285e-01
1.291527897119522095e-01;6.632525920867919922e-01;-4.040700197219848633e-02
-3.224731385707855225e-01;-2.771393060684204102e-01;-5.602285861968994141e-01
-3.256010711193084717e-01;3.620640337467193604e-01;-5.626899600028991699e-01
8.046228438615798950e-02;7.711541056632995605e-01;-1.567712053656578064e-02
-1.631669402122497559e-01;-3.819865286350250244e-01;-4.846691787242889404e-01
-2.403941750526428223e-01;-3.425745069980621338e-01;4.470007419586181641e-01
-2.200752049684524536e-01;-2.111671492457389832e-02;4.350993335247039795e-01
5.328234285116195679e-02;8.072451949119567871e-01;-2.733502723276615143e-02
5.425363406538963318e-02;8.082270026206970215e-01;-2.222006209194660187e-02
-1.436763256788253784e-01;2.301769405603408813e-01;3.929430246353149414e-01
5.592542141675949097e-02;-8.370295763015747070e-01;3.187623573467135429e-03
1.164214611053466797e-01;-7.277433276176452637e-01;-4.598503559827804565e-02
5.790010839700698853e-02;-8.368763327598571777e-01;-1.079813297837972641e-02
-2.609285116195678711e-01;-4.802372455596923828e-01;4.566830098628997803e-01
4.696118831634521484e-02;8.026362061500549316e-01;-4.659722372889518738e-02
8.777483552694320679e-02;-8.009566664695739746e-01;-4.953965172171592712e-02
1.931791156530380249e-01;-4.040212035179138184e-01;1.535208802670240402e-02
1.067787781357765198e-01;7.321831583976745605e-01;4.954848065972328186e-02
-2.573400139808654785e-01;3.150198161602020264e-01;4.554789662361145020e-01
-8.132955431938171387e-02;-4.769860804080963135e-01;3.647212386131286621e-01
1.739819645881652832e-01;4.581820666790008545e-01;2.387554757297039032e-02
9.660410881042480469e-02;-7.916178703308105469e-01;5.935010686516761780e-02
-1.663725078105926514e-01;-7.466447353363037109e-01;-4.848012626171112061e-01
-8.234116435050964355e-02;4.336488246917724609e-01;3.660238981246948242e-01
1.537348628044128418e-01;-6.041199564933776855e-01;3.466562926769256592e-02
5.490953102707862854e-02;8.073146343231201172e-01;-4.417337849736213684e-02
5.786861851811408997e-02;-8.385330438613891602e-01;-2.440926246345043182e-02
-1.403530687093734741e-01;-7.351949810981750488e-01;3.962246477603912354e-01
1.779058426618576050e-01;2.559643685817718506e-01;1.044741482473909855e-03
-2.885950170457363129e-02;7.688744664192199707e-01;2.514418661594390869e-01
5.616906285285949707e-02;-8.382552266120910645e-01;1.208282355219125748e-02
2.247869968414306641e-02;-8.023478984832763672e-01;1.781362593173980713e-01
1.809141412377357483e-02;-7.979336380958557129e-01;-2.507274746894836426e-01
-1.271598339080810547e-01;7.660212516784667969e-01;-3.473825752735137939e-01
1.019025966525077820e-01;7.614163756370544434e-01;-6.389945000410079956e-02
6.285787373781204224e-02;8.119930028915405273e-01;-4.174950346350669861e-02
-2.563455104827880859e-01;-7.426950931549072266e-01;4.435800015926361084e-01
3.248925879597663879e-02;7.844652533531188965e-01;-1.406395137310028076e-01
-2.811318337917327881e-01;-7.938145399093627930e-01;-5.285980105400085449e-01
-1.522782891988754272e-01;7.668399810791015625e-01;-3.885863721370697021e-01
1.693545877933502197e-01;-6.394095420837402344e-01;-6.191135197877883911e-02
4.530834034085273743e-02;-8.027016520500183105e-01;-2.008866816759109497e-01
2.301407977938652039e-02;7.928315997123718262e-01;1.773652993142604828e-02
-1.121938414871692657e-02;-2.095032632350921631e-01;3.354069888591766357e-01
6.730553507804870605e-02;-8.425163030624389648e-01;-5.646302551031112671e-02
6.719478964805603027e-02;8.174364566802978516e-01;6.542798131704330444e-02
5.817141011357307434e-02;-8.408698439598083496e-01;3.142105042934417725e-02
6.702734529972076416e-02;7.977883219718933105e-01;1.284720152616500854e-01
7.407120615243911743e-02;8.177211880683898926e-01;7.393247634172439575e-02
1.069209575653076172e-01;7.642484307289123535e-01;7.074154913425445557e-02
7.400511950254440308e-02;8.177184462547302246e-01;7.385075092315673828e-02
7.532468438148498535e-02;8.144491314888000488e-01;-6.841342151165008545e-02
1.200727075338363647e-01;7.945480942726135254e-01;-1.323176175355911255e-01
6.321920454502105713e-02;-8.444164395332336426e-01;5.680799484252929688e-02
7.707727700471878052e-02;-8.008460402488708496e-01;2.248569726943969727e-01
8.081550151109695435e-02;8.180004358291625977e-01;8.227352052927017212e-02
-9.660183638334274292e-02;-4.598101973533630371e-01;-4.778401851654052734e-01
5.508708581328392029e-02;8.128803968429565430e-01;3.344639018177986145e-02
3.938800096511840820e-02;-8.277572989463806152e-01;-3.584354883059859276e-03
2.639142051339149475e-02;-8.220652341842651367e-01;5.365083366632461548e-02
1.187192052602767944e-01;7.426801919937133789e-01;-6.965815275907516479e-02
1.224319338798522949e-01;7.790626287460327148e-01;8.869814127683639526e-02
2.831867709755897522e-02;4.854321852326393127e-02;3.253448009490966797e-01
-6.122124567627906799e-02;7.557693123817443848e-01;-1.495120972394943237e-01
2.479083277285099030e-02;7.930338978767395020e-01;7.905016094446182251e-02
2.135752737522125244e-01;-1.355954855680465698e-01;7.633168715983629227e-03
1.023188531398773193e-01;7.673692107200622559e-01;-2.792864143848419189e-01
-3.040003478527069092e-01;-7.795867919921875000e-01;-4.750737547874450684e-01
-1.355109959840774536e-01;7.405321598052978516e-01;2.018315047025680542e-01
7.017265260219573975e-02;-8.434628844261169434e-01;-6.219547986984252930e-02
4.881619289517402649e-02;-7.891609072685241699e-01;3.498797714710235596e-01
-2.796368300914764404e-02;7.690334320068359375e-01;3.602487444877624512e-01
5.003823712468147278e-02;6.650457382202148438e-01;3.372870385646820068e-01
1.057914942502975464e-01;-8.407535552978515625e-01;9.590344876050949097e-02
1.057914942502975464e-01;-8.407535552978515625e-01;9.590344876050949097e-02
9.015621989965438843e-02;-8.393061161041259766e-01;-8.853527903556823730e-02
-3.581057190895080566e-01;-7.192365825176239014e-02;5.092493891716003418e-01
-3.341335952281951904e-01;-7.830578088760375977e-01;-5.245714783668518066e-01
1.279933899641036987e-01;8.075774908065795898e-01;1.034671440720558167e-01
-3.937295079231262207e-02;-7.229793071746826172e-01;-4.775871634483337402e-01
