-4.729431867599487305e-01;-6.203372478485107422e-01;6.015672683715820312e-01
-3.419670760631561279e-01;-6.286768317222595215e-01;5.275694727897644043e-01
-3.079771697521209717e-01;-5.221490263938903809e-01;3.986814022064208984e-01
-2.087190747261047363e-01;-7.266491055488586426e-01;5.105979442596435547e-01
-3.447349667549133301e-01;-3.517251014709472656e-01;4.973037838935852051e-01
-2.839354872703552246e-01;-4.126434326171875000e-01;4.425136446952819824e-01
-2.335033714771270752e-01;-4.826807677745819092e-01;4.009580314159393311e-01
-2.512527406215667725e-01;-3.696450293064117432e-01;4.053699076175689697e-01
-1.910796165466308594e-01;-4.368593394756317139e-01;3.894297480583190918e-01
-1.895845830440521240e-01;-6.684527993202209473e-01;3.205451369285583496e-01
2.433270961046218872e-01;-7.669268846511840820e-01;-1.694913953542709351e-01
2.347561419010162354e-01;-7.734013199806213379e-01;-1.368949413299560547e-01
2.323850095272064209e-01;-7.384130358695983887e-01;-9.810859709978103638e-02
2.186078876256942749e-01;-7.696508169174194336e-01;-9.457629919052124023e-02
1.775674670934677124e-01;-7.320474386215209961e-01;-1.295360922813415527e-01
1.609115153551101685e-01;-7.008631825447082520e-01;-1.238842010498046875e-01
2.046976089477539062e-01;-7.645497918128967285e-01;-5.626258254051208496e-02
1.316265910863876343e-01;-7.686641216278076172e-01;-1.069373786449432373e-01
1.428977847099304199e-01;-7.164559364318847656e-01;-9.611870348453521729e-02
2.041955590248107910e-01;-7.685785293579101562e-01;-3.827045857906341553e-02
2.575864791870117188e-01;2.392641156911849976e-01;-2.161019146442413330e-01
2.559528350830078125e-01;3.180840909481048584e-01;-2.247372120618820190e-01
2.340711206197738647e-01;1.833142191171646118e-01;-1.421215236186981201e-01
2.385437786579132080e-01;2.273551374673843384e-01;-1.007906794548034668e-01
2.193030267953872681e-01;3.135425448417663574e-01;-1.326925456523895264e-01
1.508576720952987671e-01;3.411418497562408447e-01;-2.559020519256591797e-01
2.393356710672378540e-01;3.652596175670623779e-01;-1.040359362959861755e-01
1.755290925502777100e-01;3.858546018600463867e-01;-1.753631979227066040e-01
1.677085906267166138e-01;2.459971606731414795e-01;-4.685096442699432373e-02
8.562482893466949463e-02;1.748145520687103271e-01;-1.507600843906402588e-01
-1.884884089231491089e-01;2.978239357471466064e-01;2.089411616325378418e-01
-8.240279555320739746e-02;2.191143780946731567e-01;3.147594630718231201e-01
-2.222757041454315186e-02;2.388691753149032593e-01;2.082019150257110596e-01
-1.211878806352615356e-01;3.060096204280853271e-01;3.727643489837646484e-01
-2.479373663663864136e-01;1.927740126848220825e-01;3.485218882560729980e-01
-1.518255770206451416e-01;4.377226829528808594e-01;3.502389490604400635e-01
-7.507075369358062744e-02;5.114355683326721191e-01;1.405618786811828613e-01
1.463623344898223877e-02;1.682717055082321167e-01;1.358472704887390137e-01
-3.037306666374206543e-02;1.738427877426147461e-01;5.255882441997528076e-02
-2.008156627416610718e-01;1.166418492794036865e-01;3.898845911026000977e-01
-2.361117899417877197e-01;-2.648853659629821777e-01;2.799716591835021973e-01
-1.763608604669570923e-01;-2.165376096963882446e-01;2.469821721315383911e-01
-2.378863990306854248e-01;-3.730085194110870361e-01;3.515874743461608887e-01
-1.337124258279800415e-01;-2.776621282100677490e-01;3.744233250617980957e-01
-2.611742615699768066e-01;-1.229584068059921265e-01;3.331227600574493408e-01
-1.122179627418518066e-01;-2.290443927049636841e-01;3.656470477581024170e-01
-2.512527406215667725e-01;-3.696450293064117432e-01;4.053699076175689697e-01
-2.870142459869384766e-01;-1.748323887586593628e-01;4.209792017936706543e-01
-2.048482596874237061e-01;-1.334609687328338623e-01;3.921386897563934326e-01
-1.038110554218292236e-01;-3.934234976768493652e-01;2.133442908525466919e-01
2.618429958820343018e-01;3.624676764011383057e-01;2.091029882431030273e-01
1.786071807146072388e-01;4.007017910480499268e-01;1.691056638956069946e-01
2.014626264572143555e-01;2.679215073585510254e-01;2.155511975288391113e-01
2.481461912393569946e-01;2.461371868848800659e-01;1.123253852128982544e-01
2.543368041515350342e-01;2.253755182027816772e-01;1.432036310434341431e-01
2.083440572023391724e-01;3.213673830032348633e-01;5.096639692783355713e-02
2.247302383184432983e-01;5.036708712577819824e-01;9.842595458030700684e-02
2.393423318862915039e-01;5.324739813804626465e-01;1.380681395530700684e-01
1.450745612382888794e-01;3.264393806457519531e-01;6.638760864734649658e-02
1.716709733009338379e-01;5.177398920059204102e-01;1.402035206556320190e-01
-3.520527780055999756e-01;-2.469748556613922119e-01;-5.511063337326049805e-01
-2.874732315540313721e-01;-2.079603672027587891e-01;-4.686302244663238525e-01
-2.757589817047119141e-01;-3.432816565036773682e-01;-5.337206125259399414e-01
-2.967337369918823242e-01;-3.852899372577667236e-01;-5.077335238456726074e-01
-4.065216481685638428e-01;-3.967535495758056641e-01;-5.757262706756591797e-01
-2.603755593299865723e-01;-1.044134199619293213e-01;-4.960357248783111572e-01
-4.127897024154663086e-01;-3.713345527648925781e-02;-5.313569903373718262e-01
-2.395399361848831177e-01;-1.202608346939086914e-01;-4.027844369411468506e-01
-2.638733386993408203e-01;-3.945299685001373291e-01;-3.497498929500579834e-01
-2.188177853822708130e-01;6.832927465438842773e-03;-5.318166613578796387e-01
-6.112567707896232605e-02;-6.686102151870727539e-01;-2.846325635910034180e-01
-7.770446687936782837e-02;-6.137810349464416504e-01;-2.277118414640426636e-01
-1.590919494628906250e-02;-5.523514747619628906e-01;-2.340101599693298340e-01
-1.421767920255661011e-01;-7.349773049354553223e-01;-3.977673649787902832e-01
-5.692426487803459167e-02;-4.747392833232879639e-01;-3.143699169158935547e-01
-1.573469191789627075e-01;-7.320597767829895020e-01;-4.574571251869201660e-01
-1.493461728096008301e-01;-6.823241710662841797e-01;-4.915837943553924561e-01
-1.180018931627273560e-01;-7.247951626777648926e-01;-5.019730925559997559e-01
-2.012929469347000122e-01;-7.327465415000915527e-01;-4.747350513935089111e-01
-2.587267756462097168e-01;-5.225442051887512207e-01;-3.028452992439270020e-01
2.433919161558151245e-01;7.932128310203552246e-01;1.583746820688247681e-01
2.410021126270294189e-01;7.975702881813049316e-01;1.349684745073318481e-01
2.393037080764770508e-01;7.992044687271118164e-01;1.251460313796997070e-01
1.986589133739471436e-01;7.746965289115905762e-01;1.112061813473701477e-01
1.912425160408020020e-01;7.995249629020690918e-01;1.082845330238342285e-01
2.308542579412460327e-01;8.066043257713317871e-01;8.233176916837692261e-02
2.257361561059951782e-01;8.112549185752868652e-01;4.014255106449127197e-02
1.672363877296447754e-01;8.028486371040344238e-01;6.297200173139572144e-02
1.613131761550903320e-01;8.021818399429321289e-01;6.188162416219711304e-02
1.488077640533447266e-01;7.785813808441162109e-01;4.106992483139038086e-02
-2.087190896272659302e-01;-7.266491055488586426e-01;5.105979442596435547e-01
-1.688031703233718872e-01;-7.332333922386169434e-01;3.589850664138793945e-01
-3.419670760631561279e-01;-6.286768317222595215e-01;5.275694727897644043e-01
-1.173372715711593628e-01;-6.712825298309326172e-01;3.499745428562164307e-01
-1.895845830440521240e-01;-6.684527993202209473e-01;3.205451369285583496e-01
-1.568544358015060425e-01;-6.129595041275024414e-01;3.444098532199859619e-01
-8.009193837642669678e-02;-5.966397523880004883e-01;3.750396370887756348e-01
-1.973792016506195068e-01;-7.234593629837036133e-01;2.623178958892822266e-01
-3.079771697521209717e-01;-5.221490263938903809e-01;3.986814022064208984e-01
-2.335033714771270752e-01;-4.826807677745819092e-01;4.009580314159393311e-01
-6.782872136682271957e-03;6.464509963989257812e-01;-2.050641477108001709e-01
-3.603869676589965820e-02;5.714407563209533691e-01;-1.385924220085144043e-01
3.870506305247545242e-03;6.481449007987976074e-01;-5.854395031929016113e-02
1.472790986299514771e-01;6.850809454917907715e-01;-1.028549522161483765e-01
1.068707257509231567e-01;7.916428446769714355e-01;-1.131078079342842102e-01
1.523046046495437622e-01;7.298868894577026367e-01;-1.031859666109085083e-01
1.760570555925369263e-01;7.251620888710021973e-01;-1.459292620420455933e-01
-2.310640178620815277e-03;7.748112082481384277e-01;-2.995783090591430664e-02
1.737246364355087280e-01;5.602282881736755371e-01;-9.408105164766311646e-02
3.924752026796340942e-02;4.337319433689117432e-01;-2.833945453166961670e-01
-2.219427525997161865e-01;-1.124403402209281921e-01;5.102179050445556641e-01
-2.236842960119247437e-01;-1.045732200145721436e-01;4.234936237335205078e-01
-2.048482596874237061e-01;-1.334609687328338623e-01;3.921386897563934326e-01
-2.870142459869384766e-01;-1.748323887586593628e-01;4.209792017936706543e-01
-3.337744474411010742e-01;-2.047588378190994263e-01;4.670863747596740723e-01
-2.359907627105712891e-01;4.135019332170486450e-02;4.659409224987030029e-01
-2.948367595672607422e-01;4.997961223125457764e-03;4.258592128753662109e-01
-2.611742615699768066e-01;-1.229584068059921265e-01;3.331227600574493408e-01
-1.122179627418518066e-01;-2.290443927049636841e-01;3.656470477581024170e-01
-1.337124258279800415e-01;-2.776621282100677490e-01;3.744233250617980957e-01
-2.538759410381317139e-01;-5.196747183799743652e-01;-4.126001000404357910e-01
-2.587267756462097168e-01;-5.225442051887512207e-01;-3.028452992439270020e-01
-2.638733386993408203e-01;-3.945299685001373291e-01;-3.497498929500579834e-01
-2.943435311317443848e-01;-5.886905193328857422e-01;-5.382633209228515625e-01
-3.190263211727142334e-01;-6.035250425338745117e-01;-5.422234535217285156e-01
-2.967337369918823242e-01;-3.852899372577667236e-01;-5.077335238456726074e-01
-1.493461728096008301e-01;-6.823241710662841797e-01;-4.915837943553924561e-01
-2.757589817047119141e-01;-3.432816565036773682e-01;-5.337206125259399414e-01
-5.692426860332489014e-02;-4.747392833232879639e-01;-3.143699169158935547e-01
-2.012929469347000122e-01;-7.327465415000915527e-01;-4.747350513935089111e-01
-4.015946984291076660e-01;6.270080804824829102e-02;-5.672113895416259766e-01
-2.560437321662902832e-01;8.362139761447906494e-02;-5.039448738098144531e-01
-2.390467226505279541e-01;1.493831276893615723e-01;-4.843661487102508545e-01
-2.575056850910186768e-01;1.992473304271697998e-01;-4.965115189552307129e-01
-2.492652833461761475e-01;2.155866920948028564e-01;-4.945203363895416260e-01
-2.296165674924850464e-01;2.342983335256576538e-01;-4.831846952438354492e-01
-2.150340974330902100e-01;2.505002319812774658e-01;-4.650844335556030273e-01
-1.999194025993347168e-01;2.720792293548583984e-01;-4.401943087577819824e-01
-1.883626431226730347e-01;3.203130066394805908e-01;-4.457639157772064209e-01
-1.838305890560150146e-01;3.708584904670715332e-01;-4.557059109210968018e-01
-1.957247108221054077e-01;5.457882881164550781e-01;3.633773326873779297e-01
-2.063622027635574341e-01;5.899564623832702637e-01;3.617064654827117920e-01
-2.515402734279632568e-01;6.678012013435363770e-01;3.613805174827575684e-01
-2.490044981241226196e-01;6.817701458930969238e-01;3.850637376308441162e-01
-2.284590452909469604e-01;6.906672120094299316e-01;3.996886909008026123e-01
-1.851961910724639893e-01;6.770285964012145996e-01;3.830713629722595215e-01
-1.014227718114852905e-01;6.452812552452087402e-01;3.351472318172454834e-01
-4.615601152181625366e-03;6.334147453308105469e-01;2.755407691001892090e-01
6.928090751171112061e-02;6.571964025497436523e-01;2.291066348552703857e-01
9.036408364772796631e-02;7.336372733116149902e-01;4.923894405364990234e-01
6.323464214801788330e-02;-1.335280537605285645e-01;1.718643009662628174e-01
1.066792085766792297e-01;-1.098087579011917114e-01;1.482415944337844849e-01
1.039794236421585083e-01;-6.863349676132202148e-02;1.563182324171066284e-01
1.044065877795219421e-01;-4.161174595355987549e-02;1.786371469497680664e-01
1.003292798995971680e-01;-2.529621869325637817e-02;1.990111917257308960e-01
9.978768229484558105e-02;-1.432346925139427185e-02;2.119202017784118652e-01
1.194429248571395874e-01;-1.092038303613662720e-02;2.101324796676635742e-01
1.627601385116577148e-01;-2.282572910189628601e-02;2.054769992828369141e-01
2.017724215984344482e-01;-1.501231454312801361e-02;1.950083374977111816e-01
2.156538665294647217e-01;2.713033556938171387e-02;1.840149611234664917e-01
-3.932439684867858887e-01;-7.117695212364196777e-01;-5.499082207679748535e-01
-3.093733489513397217e-01;-6.686746478080749512e-01;-5.246660709381103516e-01
-2.627277076244354248e-01;-6.464292407035827637e-01;-5.269488692283630371e-01
-2.391324788331985474e-01;-6.291547417640686035e-01;-5.007829666137695312e-01
-2.307770103216171265e-01;-6.119256615638732910e-01;-4.774331152439117432e-01
-2.256273329257965088e-01;-6.192445755004882812e-01;-4.664399623870849609e-01
-2.096720486879348755e-01;-6.399590969085693359e-01;-4.636424779891967773e-01
-2.082799524068832397e-01;-6.410276889801025391e-01;-4.601891636848449707e-01
-2.082121372222900391e-01;-6.293354630470275879e-01;-4.590466320514678955e-01
-1.808028966188430786e-01;-6.525729894638061523e-01;-4.625808000564575195e-01
-3.516564965248107910e-01;-5.101680755615234375e-02;5.035585761070251465e-01
-3.411314487457275391e-01;-1.475591957569122314e-02;5.001602172851562500e-01
-3.222531378269195557e-01;7.542634010314941406e-02;4.307584762573242188e-01
-3.279035091400146484e-01;1.366747766733169556e-01;4.259821474552154541e-01
-3.424751460552215576e-01;1.646313667297363281e-01;4.539206326007843018e-01
-3.461040854454040527e-01;1.699186265468597412e-01;4.750378429889678955e-01
-3.426239788532257080e-01;1.858992427587509155e-01;4.880579411983489990e-01
-3.409944772720336914e-01;1.988624036312103271e-01;4.935737252235412598e-01
-3.194219768047332764e-01;1.809519827365875244e-01;4.925299882888793945e-01
-2.797421813011169434e-01;1.710358411073684692e-01;4.734674096107482910e-01
1.555912345647811890e-01;7.345688343048095703e-01;-1.198770403861999512e-01
1.656747162342071533e-01;7.457863688468933105e-01;-1.214244067668914795e-01
1.749949753284454346e-01;7.614483833312988281e-01;-1.231572926044464111e-01
1.930177807807922363e-01;7.716956138610839844e-01;-1.233049780130386353e-01
2.118044942617416382e-01;7.786115407943725586e-01;-1.234340667724609375e-01
2.209222018718719482e-01;7.873153090476989746e-01;-1.161662787199020386e-01
2.250385135412216187e-01;7.970191836357116699e-01;-9.702048450708389282e-02
2.249516695737838745e-01;8.041691184043884277e-01;-7.337064296007156372e-02
2.233136147260665894e-01;8.055910468101501465e-01;-5.198804289102554321e-02
2.253419160842895508e-01;8.136346936225891113e-01;-3.569348156452178955e-02
-2.112066149711608887e-01;-3.895532488822937012e-01;-3.454580307006835938e-01
-1.166744679212570190e-01;-3.756010830402374268e-01;-3.101374208927154541e-01
-7.752102613449096680e-02;-4.013913571834564209e-01;-2.456830441951751709e-01
-8.027696609497070312e-02;-3.706518411636352539e-01;-2.417194247245788574e-01
-9.869522601366043091e-02;-3.157153427600860596e-01;-2.646147608757019043e-01
-6.777930259704589844e-02;-2.942440807819366455e-01;-2.568018436431884766e-01
-1.136346906423568726e-02;-2.803461253643035889e-01;-2.396587282419204712e-01
7.041789591312408447e-03;-2.302518635988235474e-01;-2.273160368204116821e-01
-1.029407978057861328e-02;-1.823697537183761597e-01;-2.149776220321655273e-01
-1.129450649023056030e-02;-1.809625327587127686e-01;-1.987534463405609131e-01
-3.542760014533996582e-01;6.493472456932067871e-01;-4.712673425674438477e-01
-3.233962357044219971e-01;6.844451427459716797e-01;-4.525047540664672852e-01
-2.826434373855590820e-01;6.967539191246032715e-01;-4.568842649459838867e-01
-2.691850662231445312e-01;7.154848575592041016e-01;-4.795862138271331787e-01
-2.541893124580383301e-01;7.215162515640258789e-01;-4.770120978355407715e-01
-2.290126979351043701e-01;7.217973470687866211e-01;-4.638758897781372070e-01
-2.014921903610229492e-01;7.319317460060119629e-01;-4.502367079257965088e-01
-1.827001571655273438e-01;7.344225049018859863e-01;-4.297645092010498047e-01
-1.569947749376296997e-01;7.210554480552673340e-01;-4.076614081859588623e-01
-1.162363663315773010e-01;7.163350582122802734e-01;-3.875449001789093018e-01
-1.207833290100097656e-01;-7.249948382377624512e-01;2.056353092193603516e-01
-9.886411577463150024e-02;-7.281128168106079102e-01;2.136343866586685181e-01
-1.131259799003601074e-01;-7.046922445297241211e-01;2.448237836360931396e-01
-1.170253902673721313e-01;-6.881159543991088867e-01;2.739839255809783936e-01
-1.189001649618148804e-01;-6.672683358192443848e-01;3.019558489322662354e-01
-1.133592650294303894e-01;-6.391471624374389648e-01;3.177622258663177490e-01
-8.278951793909072876e-02;-6.059633493423461914e-01;3.089970946311950684e-01
-3.230502456426620483e-02;-5.822617411613464355e-01;2.720248997211456299e-01
3.029824420809745789e-02;-5.814445018768310547e-01;2.192028164863586426e-01
6.748208403587341309e-02;-5.670589804649353027e-01;1.886341273784637451e-01
-3.398289680480957031e-01;4.531145989894866943e-01;4.902734458446502686e-01
-2.944194972515106201e-01;4.759817123413085938e-01;4.584557116031646729e-01
-2.858899235725402832e-01;5.296790599822998047e-01;4.305962026119232178e-01
-2.893527448177337646e-01;6.089898347854614258e-01;4.108652174472808838e-01
-2.988333106040954590e-01;6.453384160995483398e-01;4.163538515567779541e-01
-3.057613968849182129e-01;6.575303673744201660e-01;4.271404445171356201e-01
-2.993012964725494385e-01;6.778742074966430664e-01;4.285641312599182129e-01
-2.818931937217712402e-01;7.021014690399169922e-01;4.202824234962463379e-01
-2.483594268560409546e-01;6.882240772247314453e-01;4.048933386802673340e-01
-2.092315256595611572e-01;6.901650428771972656e-01;3.958023488521575928e-01
1.588856577873229980e-01;-4.861675202846527100e-01;-2.521484158933162689e-02
1.817444413900375366e-01;-4.672804772853851318e-01;8.921075612306594849e-03
1.711465120315551758e-01;-4.209622144699096680e-01;-1.005121320486068726e-02
1.717452257871627808e-01;-3.953184485435485840e-01;-1.464230753481388092e-02
1.749155074357986450e-01;-3.706713318824768066e-01;-7.114059757441282272e-03
1.717828065156936646e-01;-3.502921164035797119e-01;-1.934147905558347702e-03
1.722773462533950806e-01;-3.365394175052642822e-01;3.275093622505664825e-04
1.747544258832931519e-01;-3.222481012344360352e-01;1.373837236315011978e-03
1.764055937528610229e-01;-2.943149209022521973e-01;1.589260995388031006e-02
1.981526911258697510e-01;-2.901190519332885742e-01;3.675811365246772766e-02
-1.559934616088867188e-01;2.889319956302642822e-01;-2.919542193412780762e-01
-9.724698215723037720e-02;2.919605672359466553e-01;-2.726480960845947266e-01
-7.903724163770675659e-02;3.034235537052154541e-01;-2.506459951400756836e-01
-6.625919044017791748e-02;3.359684646129608154e-01;-2.275886088609695435e-01
-6.123649328947067261e-02;3.727790117263793945e-01;-2.077295631170272827e-01
-4.234700277447700500e-02;3.712518513202667236e-01;-1.781122237443923950e-01
9.522959589958190918e-04;3.666456341743469238e-01;-1.599382162094116211e-01
4.260566830635070801e-02;4.097695350646972656e-01;-1.467030346393585205e-01
4.181464016437530518e-02;4.732908606529235840e-01;-1.131349503993988037e-01
3.278322517871856689e-02;4.900869727134704590e-01;-1.050627678632736206e-01
2.270138859748840332e-01;-1.832557618618011475e-01;-1.606203913688659668e-01
2.138357013463973999e-01;-1.299359798431396484e-01;-1.450831890106201172e-01
2.118122726678848267e-01;-9.785596281290054321e-02;-1.507199704647064209e-01
2.178414165973663330e-01;-8.934840559959411621e-02;-1.356875747442245483e-01
2.217982709407806396e-01;-7.814360409975051880e-02;-1.150208562612533569e-01
2.204450964927673340e-01;-6.495484709739685059e-02;-1.024255156517028809e-01
2.194918692111968994e-01;-6.121176853775978088e-02;-8.741284906864166260e-02
2.179754078388214111e-01;-5.374732613563537598e-02;-7.139542698860168457e-02
2.159183025360107422e-01;-2.607297897338867188e-02;-6.653888523578643799e-02
2.172291129827499390e-01;8.274719119071960449e-03;-7.245885580778121948e-02
-2.566639184951782227e-01;-1.132891401648521423e-01;-4.515801370143890381e-01
-2.337685972452163696e-01;-6.553640961647033691e-02;-4.399148523807525635e-01
-2.202418446540832520e-01;-1.167968194931745529e-02;-4.415634870529174805e-01
-1.974574029445648193e-01;1.480478793382644653e-02;-4.330746233463287354e-01
-1.805457025766372681e-01;1.638791896402835846e-02;-4.090955555438995361e-01
-1.661520004272460938e-01;1.454103644937276840e-02;-3.845798969268798828e-01
-1.565275639295578003e-01;3.018238767981529236e-02;-3.743641674518585205e-01
-1.257030665874481201e-01;4.770280048251152039e-02;-3.710838258266448975e-01
-6.699699908494949341e-02;3.805621340870857239e-02;-3.602763414382934570e-01
-2.593835443258285522e-02;5.925009027123451233e-02;-3.542926907539367676e-01
-1.107210740447044373e-01;4.656116962432861328e-01;2.892933189868927002e-01
-6.009980663657188416e-02;5.060513615608215332e-01;2.488029897212982178e-01
-3.429206460714340210e-02;5.309490561485290527e-01;2.189027220010757446e-01
9.495129808783531189e-03;5.243184566497802734e-01;1.873650252819061279e-01
1.659358665347099304e-02;5.386051535606384277e-01;1.896867305040359497e-01
1.479260250926017761e-02;5.523660778999328613e-01;2.034618556499481201e-01
3.268992528319358826e-02;5.563727617263793945e-01;2.033975124359130859e-01
7.343351095914840698e-02;5.551822185516357422e-01;1.861155182123184204e-01
1.242284551262855530e-01;5.455167293548583984e-01;1.569842696189880371e-01
1.732867807149887085e-01;5.448902845382690430e-01;1.618867069482803345e-01
1.707570254802703857e-01;-7.618334293365478516e-01;5.058395862579345703e-02
1.770746707916259766e-01;-7.672822475433349609e-01;6.604776531457901001e-02
1.853386312723159790e-01;-7.689433693885803223e-01;7.098419964313507080e-02
1.921182870864868164e-01;-7.694853544235229492e-01;7.042030245065689087e-02
2.055390328168869019e-01;-7.690360546112060547e-01;7.296550273895263672e-02
2.160296589136123657e-01;-7.679796218872070312e-01;7.542394101619720459e-02
2.238736003637313843e-01;-7.662182450294494629e-01;9.018094837665557861e-02
2.267244607210159302e-01;-7.585079669952392578e-01;1.025852710008621216e-01
2.270472794771194458e-01;-7.399767041206359863e-01;1.067692711949348450e-01
2.286068350076675415e-01;-7.064999341964721680e-01;1.110240370035171509e-01
-2.316710501909255981e-01;-1.244524121284484863e-01;3.144629001617431641e-01
-2.273142933845520020e-01;-9.264710545539855957e-02;3.410130441188812256e-01
-2.256490439176559448e-01;-8.403879404067993164e-02;3.738504350185394287e-01
-2.554556131362915039e-01;-2.061293274164199829e-02;3.765876293182373047e-01
-2.879394888877868652e-01;4.413584619760513306e-02;3.696027398109436035e-01
-2.863767147064208984e-01;6.754906475543975830e-02;3.770001828670501709e-01
-2.624800503253936768e-01;7.433949410915374756e-02;3.934309482574462891e-01
-2.391843795776367188e-01;8.440590649843215942e-02;4.055480360984802246e-01
-2.294540554285049438e-01;1.085483357310295105e-01;4.039551317691802979e-01
-2.063643038272857666e-01;1.441461741924285889e-01;3.907509446144104004e-01
-2.673086524009704590e-01;3.155343830585479736e-01;-4.992884695529937744e-01
-3.234941959381103516e-01;5.182151198387145996e-01;-5.141416192054748535e-01
-3.612026870250701904e-01;5.990616679191589355e-01;-5.167760252952575684e-01
-3.278077244758605957e-01;6.132269501686096191e-01;-4.967830777168273926e-01
-2.894718945026397705e-01;6.291206479072570801e-01;-4.853916764259338379e-01
-2.649343013763427734e-01;6.392040252685546875e-01;-4.830160737037658691e-01
-2.483698874711990356e-01;6.451840400695800781e-01;-4.728569984436035156e-01
-2.383823841810226440e-01;6.643321514129638672e-01;-4.627276659011840820e-01
-2.405126839876174927e-01;6.817592978477478027e-01;-4.472969472408294678e-01
-2.228873223066329956e-01;6.620111465454101562e-01;-4.226047396659851074e-01
2.936544641852378845e-02;3.640982881188392639e-02;-4.486424103379249573e-02
4.059373587369918823e-02;9.478078782558441162e-02;-1.021149232983589172e-01
3.098050504922866821e-02;1.132507026195526123e-01;-6.338679790496826172e-02
4.195870459079742432e-02;1.263357698917388916e-01;-3.515052050352096558e-02
7.180615514516830444e-02;1.282633244991302490e-01;-2.443433552980422974e-02
1.057503819465637207e-01;1.135177612304687500e-01;-2.106796950101852417e-02
1.314365714788436890e-01;9.491050243377685547e-02;-1.663094386458396912e-02
1.428125649690628052e-01;9.329662472009658813e-02;-1.310543343424797058e-02
1.482823193073272705e-01;1.197736188769340515e-01;-1.221626251935958862e-02
1.497641950845718384e-01;1.410231292247772217e-01;-7.114112377166748047e-04
