-3.550462126731872559e-01;-2.662355601787567139e-01;-5.872516036033630371e-01
-3.139365613460540771e-01;-1.035876106470823288e-02;-5.393764376640319824e-01
-3.007059097290039062e-01;1.624205559492111206e-01;6.041092276573181152e-01
-2.664956152439117432e-01;-3.405978083610534668e-01;5.554082393646240234e-01
-3.692454099655151367e-01;-3.965798020362854004e-01;-5.970572829246520996e-01
-3.509441614151000977e-01;1.799450367689132690e-01;-5.890890955924987793e-01
-3.082793056964874268e-01;2.530970796942710876e-02;5.337729454040527344e-01
-3.190215229988098145e-01;4.833891987800598145e-01;5.763786435127258301e-01
-2.315191626548767090e-01;-4.119293298572301865e-03;5.072544813156127930e-01
-2.262651771306991577e-01;-3.710873723030090332e-01;-5.117002725601196289e-01
2.626136541366577148e-01;4.789546877145767212e-02;-7.840625476092100143e-04
-2.849580645561218262e-01;1.451675295829772949e-01;5.240722298622131348e-01
-2.911722064018249512e-01;-3.501714169979095459e-01;-4.917804300785064697e-01
-3.607957959175109863e-01;3.274822831153869629e-01;-5.606253743171691895e-01
2.628647983074188232e-01;1.380716860294342041e-01;4.909754265099763870e-03
-3.515360057353973389e-01;3.024997115135192871e-01;5.962111949920654297e-01
-3.695981204509735107e-01;4.629537165164947510e-01;-5.954683423042297363e-01
-2.269716560840606689e-01;3.168468773365020752e-01;5.115759372711181641e-01
2.653345763683319092e-01;-8.695610612630844116e-02;-3.478753566741943359e-02
2.662845849990844727e-01;-9.458591043949127197e-02;8.376815170049667358e-02
-1.951868236064910889e-01;-1.794417649507522583e-01;-4.167011976242065430e-01
-2.333749234676361084e-01;-5.221439003944396973e-01;-5.106486082077026367e-01
-1.766510754823684692e-01;2.005558460950851440e-01;-4.586703181266784668e-01
-1.934343278408050537e-01;2.727239727973937988e-01;-4.649400711059570312e-01
-2.098078876733779907e-01;3.597902953624725342e-01;5.440799593925476074e-01
-2.659997045993804932e-01;-1.628204248845577240e-02;-4.408823549747467041e-01
-2.148168087005615234e-01;2.705150246620178223e-01;4.676211178302764893e-01
2.723062634468078613e-01;4.165840521454811096e-02;-8.340672403573989868e-02
-1.416696459054946899e-01;1.557037681341171265e-01;4.438726007938385010e-01
2.717809975147247314e-01;-1.217443495988845825e-01;1.280203461647033691e-01
2.659877836704254150e-01;-3.136745989322662354e-01;7.828944921493530273e-02
-2.203163057565689087e-01;1.152556613087654114e-01;-3.836813569068908691e-01
-1.505641639232635498e-01;1.460500061511993408e-01;-3.427124917507171631e-01
1.978867799043655396e-01;2.233700901269912720e-01;7.931639254093170166e-02
-3.687012493610382080e-01;-5.123773217201232910e-01;-6.005530357360839844e-01
-1.626839488744735718e-01;-4.519639015197753906e-01;-4.562017023563385010e-01
2.743753790855407715e-01;1.975447237491607666e-01;-9.722637385129928589e-02
-7.653348892927169800e-02;1.240490227937698364e-01;-3.588106334209442139e-01
-1.497972607612609863e-01;-3.147505223751068115e-01;-3.612897992134094238e-01
-3.302458822727203369e-01;6.474108099937438965e-01;-5.458332896232604980e-01
1.952084600925445557e-01;-2.505413889884948730e-01;-5.895866453647613525e-02
2.089577540755271912e-02;7.232589274644851685e-02;-2.251065522432327271e-01
-1.516413092613220215e-01;-4.547087252140045166e-01;4.955257177352905273e-01
-1.724372357130050659e-01;-4.941399693489074707e-01;-4.034369289875030518e-01
1.913089901208877563e-01;3.746468424797058105e-01;-5.355908535420894623e-03
2.642132937908172607e-01;4.815647900104522705e-01;4.602801427245140076e-02
-1.442906558513641357e-01;2.123491317033767700e-01;-3.250935971736907959e-01
-2.960394322872161865e-01;-4.179808795452117920e-01;4.916390478610992432e-01
-2.135735750198364258e-02;2.006517909467220306e-02;3.529632091522216797e-01
-1.491543352603912354e-01;-1.819456070661544800e-01;3.743933737277984619e-01
1.927807182073593140e-01;3.557705581188201904e-01;9.764392673969268799e-02
-2.244349420070648193e-01;5.160214900970458984e-01;4.660889208316802979e-01
2.641818821430206299e-01;-4.866018593311309814e-01;-1.253129914402961731e-03
-3.996111750602722168e-01;3.570389151573181152e-01;6.137948036193847656e-01
-1.758012920618057251e-01;-1.147463619709014893e-01;5.860908031463623047e-01
-1.751911491155624390e-01;1.313062757253646851e-02;3.706034123897552490e-01
-1.989671774208545685e-02;8.882527798414230347e-02;-3.194495141506195068e-01
-1.567345112562179565e-01;-1.632086932659149170e-01;-4.983485341072082520e-01
-1.190787553787231445e-01;-4.505927860736846924e-01;-3.947554528713226318e-01
-9.811596572399139404e-02;2.722633779048919678e-01;3.534349501132965088e-01
-1.610619872808456421e-01;3.016429245471954346e-01;5.401985049247741699e-01
1.270909309387207031e-01;-7.762112468481063843e-02;-7.251855731010437012e-02
2.086688429117202759e-01;2.528593242168426514e-01;1.649556457996368408e-01
-1.834357231855392456e-01;-5.025341510772705078e-01;5.857696533203125000e-01
-3.578252494335174561e-01;6.888378858566284180e-01;6.304470300674438477e-01
2.733742892742156982e-01;-3.447645306587219238e-01;-9.733538329601287842e-02
1.238556206226348877e-01;1.970681399106979370e-01;9.469166398048400879e-03
-2.186793684959411621e-01;-4.988594949245452881e-01;4.407552778720855713e-01
6.853163242340087891e-02;-1.589710563421249390e-01;2.160831540822982788e-01
-1.308193355798721313e-01;-1.930133625864982605e-02;-2.792908549308776855e-01
1.689429022371768951e-02;-4.835069552063941956e-02;-1.662878543138504028e-01
1.306863129138946533e-01;2.518238127231597900e-01;1.359699070453643799e-01
1.322845220565795898e-01;-2.861673831939697266e-01;-4.219809547066688538e-02
-1.558344960212707520e-01;1.533323824405670166e-01;5.365828871726989746e-01
1.154453456401824951e-01;1.437407284975051880e-01;4.767072573304176331e-02
-3.028185069561004639e-01;-1.670064330101013184e-01;-4.479133188724517822e-01
-1.536980420351028442e-01;-3.709980472922325134e-02;-4.988389313220977783e-01
-1.855415850877761841e-01;-4.420339763164520264e-01;4.038157761096954346e-01
2.073124051094055176e-01;3.905313014984130859e-01;-9.073989093303680420e-02
1.386326104402542114e-01;2.824844419956207275e-01;-1.183930188417434692e-01
-8.954846858978271484e-02;4.016256034374237061e-01;4.139797091484069824e-01
-4.417530447244644165e-02;-1.044646650552749634e-01;-2.090492546558380127e-01
2.252315878868103027e-01;7.343225181102752686e-02;2.025919258594512939e-01
2.809405922889709473e-01;-2.076919376850128174e-01;-1.432897150516510010e-01
1.966285109519958496e-01;-4.378471970558166504e-01;1.146149411797523499e-01
-3.536552488803863525e-01;-1.532949358224868774e-01;5.582408905029296875e-01
1.535606831312179565e-01;-2.168531119823455811e-01;-1.510673910379409790e-01
-9.710607677698135376e-02;-2.072539478540420532e-01;4.844457209110260010e-01
1.260792929679155350e-02;-7.678296416997909546e-02;-3.283416926860809326e-01
-1.775714457035064697e-01;-6.339856982231140137e-01;5.858918428421020508e-01
-2.302177250385284424e-01;-6.915395855903625488e-01;-5.506921410560607910e-01
1.043709367513656616e-01;3.936458006501197815e-02;2.737362980842590332e-01
4.821685329079627991e-02;1.604365259408950806e-01;2.980232834815979004e-01
1.183343008160591125e-01;-2.739218771457672119e-01;1.509764464572072029e-03
2.716793715953826904e-01;4.671391546726226807e-01;-9.402740001678466797e-02
2.832117676734924316e-02;9.799446910619735718e-02;1.869168877601623535e-01
-4.084885418415069580e-01;5.573732256889343262e-01;-6.241353750228881836e-01
-1.139178499579429626e-01;-5.074465870857238770e-01;-3.409724235534667969e-01
1.575330346822738647e-01;1.157011985778808594e-01;-1.887625008821487427e-01
2.772044241428375244e-01;3.611895442008972168e-01;1.783030927181243896e-01
4.557118937373161316e-02;-2.808732092380523682e-01;-2.083311527967453003e-01
-1.356492191553115845e-01;5.839700102806091309e-01;-4.163630604743957520e-01
1.275428757071495056e-02;3.159590065479278564e-01;2.438407689332962036e-01
8.259883150458335876e-03;-9.153804928064346313e-02;2.007111907005310059e-01
-1.687134653329849243e-01;6.471931934356689453e-01;5.062340497970581055e-01
-1.620563417673110962e-01;1.363996565341949463e-01;-5.469348430633544922e-01
-3.390269875526428223e-01;-4.496087729930877686e-01;-4.985850751399993896e-01
1.258159875869750977e-01;4.710741341114044189e-01;8.358081802725791931e-03
-2.550238370895385742e-02;-3.729535043239593506e-01;2.627555727958679199e-01
1.510895192623138428e-01;4.086817800998687744e-01;-1.256520450115203857e-01
2.621592581272125244e-01;-6.229324340820312500e-01;3.838273137807846069e-02
-4.013872519135475159e-02;4.406763613224029541e-01;-3.324658274650573730e-01
7.304570637643337250e-03;-3.143319487571716309e-01;-1.717112064361572266e-01
-2.152246683835983276e-01;7.015209794044494629e-01;-4.334604442119598389e-01
6.636257469654083252e-02;-2.951492369174957275e-01;1.300751715898513794e-01
-2.775351107120513916e-01;4.443041682243347168e-01;-3.967423737049102783e-01
1.004596799612045288e-01;-2.715774178504943848e-01;2.864807546138763428e-01
2.586033754050731659e-02;-3.931151032447814941e-01;-2.613826692104339600e-01
-1.300940513610839844e-01;3.896436989307403564e-01;-4.975747764110565186e-01
7.483682036399841309e-02;-3.555893599987030029e-01;-1.274583041667938232e-01
-4.403690695762634277e-01;-6.502974033355712891e-02;-6.420534253120422363e-01
2.618605494499206543e-01;6.529703140258789062e-01;4.398654401302337646e-02
-2.715887725353240967e-01;6.920138001441955566e-01;-4.158194959163665771e-01
2.833081185817718506e-01;-2.545767128467559814e-01;2.224057465791702271e-01
-1.527459472417831421e-01;-5.665271282196044922e-01;3.723530471324920654e-01
-1.361389458179473877e-01;5.197805166244506836e-01;-2.920123934745788574e-01
-4.240253567695617676e-01;5.506926402449607849e-02;-6.301075220108032227e-01
2.644239962100982666e-01;-6.302774548530578613e-01;-4.834755510091781616e-02
-4.272893965244293213e-01;-5.654409900307655334e-02;6.781043410301208496e-01
2.218520194292068481e-01;-4.818550497293472290e-02;2.537855207920074463e-01
3.366774693131446838e-02;4.706676304340362549e-01;2.725462019443511963e-01
1.876452267169952393e-01;-5.520746707916259766e-01;1.482796519994735718e-01
7.006535679101943970e-02;4.446795284748077393e-01;1.449276804924011230e-01
3.087554685771465302e-02;-4.664285182952880859e-01;2.821368873119354248e-01
4.066310822963714600e-02;-2.570949792861938477e-01;-3.273485600948333740e-01
1.155913993716239929e-01;6.673663109540939331e-02;-2.761216759681701660e-01
2.305184006690979004e-01;-1.359054595232009888e-01;-2.060201317071914673e-01
2.609192132949829102e-01;6.922335028648376465e-01;6.382997334003448486e-02
-1.550138443708419800e-01;-6.896020174026489258e-01;-5.470218658447265625e-01
2.102810591459274292e-01;5.620267987251281738e-01;-1.145096495747566223e-01
-1.115887984633445740e-01;-6.308182477951049805e-01;3.732218742370605469e-01
1.425466537475585938e-01;6.104972362518310547e-01;9.188108146190643311e-02
2.576648294925689697e-01;-7.177301645278930664e-01;3.167964145541191101e-02
-1.041227504611015320e-01;6.422573924064636230e-01;4.209142625331878662e-01
2.472949624061584473e-01;-7.068568468093872070e-01;5.471872538328170776e-02
2.577840387821197510e-01;7.299191951751708984e-01;9.512455202639102936e-03
-1.428184956312179565e-01;-6.922515034675598145e-01;5.178956985473632812e-01
4.919038712978363037e-02;4.772614240646362305e-01;-2.368610352277755737e-01
6.697980314493179321e-02;4.756094217300415039e-01;-8.927747607231140137e-02
-1.160194352269172668e-02;1.962850540876388550e-01;-1.084813252091407776e-01
2.131090462207794189e-01;4.232222437858581543e-01;-1.798231452703475952e-01
2.584122121334075928e-01;-7.169507741928100586e-01;-1.392264198511838913e-02
-3.673678636550903320e-01;-6.168514490127563477e-01;5.651479363441467285e-01
-1.220649927854537964e-01;-5.827751755714416504e-01;-5.003489851951599121e-01
-1.596311330795288086e-01;-6.270121335983276367e-01;-3.039243221282958984e-01
-1.029877588152885437e-01;6.409363150596618652e-01;-3.395315706729888916e-01
2.593085169792175293e-01;7.289105057716369629e-01;7.877418398857116699e-02
2.614400982856750488e-01;7.059675455093383789e-01;-4.983301088213920593e-02
2.577021121978759766e-01;7.296792864799499512e-01;-2.720813825726509094e-02
2.704125344753265381e-01;6.219947934150695801e-01;1.655573695898056030e-01
7.790689356625080109e-03;-3.810564279556274414e-01;1.682808548212051392e-01
-3.696868121623992920e-01;-6.169450283050537109e-01;-5.328390598297119141e-01
-4.604604095220565796e-03;-2.550930976867675781e-01;-1.158412620425224304e-01
1.662182509899139404e-01;1.403310298919677734e-01;-2.456519305706024170e-01
2.503337562084197998e-01;7.248771190643310547e-01;-5.018568783998489380e-02
2.609514594078063965e-01;-7.156904935836791992e-01;1.025952100753784180e-01
2.600378692150115967e-01;-7.164645791053771973e-01;-5.091710016131401062e-02
-5.983864143490791321e-02;5.322122573852539062e-01;2.684874236583709717e-01
-1.340852081775665283e-01;-4.409841001033782959e-01;2.947156727313995361e-01
-1.085396856069564819e-01;-2.569875717163085938e-01;-4.960471987724304199e-01
-1.210846379399299622e-02;3.401727378368377686e-01;-1.225892975926399231e-01
-7.799341529607772827e-02;-1.373806893825531006e-01;-1.664588451385498047e-01
-1.954661458730697632e-01;6.928755044937133789e-01;3.688658773899078369e-01
2.621040940284729004e-01;-7.153676748275756836e-01;1.264500617980957031e-01
2.617208063602447510e-01;7.278954982757568359e-01;1.145203560590744019e-01
2.621912956237792969e-01;-7.144855260848999023e-01;-7.477947324514389038e-02
-5.550051480531692505e-02;-3.887764811515808105e-01;2.151382416486740112e-01
-7.075086236000061035e-02;-6.312140226364135742e-01;3.115799725055694580e-01
-4.184351488947868347e-02;-6.277726292610168457e-01;-2.445367276668548584e-01
2.634154260158538818e-01;7.260903120040893555e-01;-8.699966222047805786e-02
-3.781923949718475342e-01;5.121948122978210449e-01;-5.116353631019592285e-01
2.808468937873840332e-01;-4.591273367404937744e-01;-1.859851181507110596e-01
1.695848405361175537e-01;-7.078904509544372559e-01;1.203195750713348389e-01
-4.908546432852745056e-02;1.347948564216494560e-03;-4.404004216194152832e-01
-1.890682429075241089e-01;-2.874719202518463135e-01;3.261004090309143066e-01
6.911874562501907349e-02;-5.770551562309265137e-01;-1.186344027519226074e-01
-3.854146972298622131e-02;-6.316907405853271484e-01;-3.394818902015686035e-01
-6.076677888631820679e-02;2.322486639022827148e-01;1.914539188146591187e-01
1.331280618906021118e-01;-6.489104032516479492e-01;-9.829658269882202148e-02
9.484416991472244263e-02;5.878087878227233887e-01;-1.499563306570053101e-01
1.039779409766197205e-01;-3.315528333187103271e-01;-2.947322130203247070e-01
-3.068168163299560547e-01;2.178860455751419067e-02;4.380827546119689941e-01
1.679314882494509220e-03;5.938198566436767578e-01;2.361721247434616089e-01
2.641779780387878418e-01;-7.136741876602172852e-01;-9.903530031442642212e-02
2.284025549888610840e-01;3.177250027656555176e-01;-2.224334776401519775e-01
-1.756328046321868896e-01;6.915439963340759277e-01;3.269254565238952637e-01
1.817677728831768036e-02;-4.252896085381507874e-02;-3.085616044700145721e-02
1.354322186671197414e-03;-1.916776001453399658e-01;1.154571175575256348e-01
2.931465394794940948e-02;-8.840718120336532593e-02;4.227287769317626953e-01
-3.001758456230163574e-01;-2.688802182674407959e-01;4.369212687015533447e-01
-3.117540478706359863e-01;-3.909499347209930420e-01;-5.721020698547363281e-01
-3.692139387130737305e-01;1.412928104400634766e-01;-5.943430662155151367e-01
-2.517871558666229248e-01;-3.820709511637687683e-02;-5.537956953048706055e-01
-3.614931404590606689e-01;2.959792017936706543e-01;-5.954822301864624023e-01
-3.865531980991363525e-01;4.142036736011505127e-01;-6.091256141662597656e-01
2.385794818401336670e-01;4.022488743066787720e-02;2.851043082773685455e-02
2.386668175458908081e-01;-1.399496048688888550e-01;3.973506018519401550e-02
2.296004742383956909e-01;-7.755152136087417603e-02;-2.790948189795017242e-02
2.387537509202957153e-01;2.060274928808212280e-01;4.358888044953346252e-02
2.323583066463470459e-01;1.089038401842117310e-01;-3.153042867779731750e-02
2.279323637485504150e-01;-1.658080667257308960e-01;-1.717249304056167603e-02
-1.404258608818054199e-01;-1.326923966407775879e-01;4.539716243743896484e-01
-1.501647233963012695e-01;-2.879489064216613770e-01;4.568607211112976074e-01
-1.902818381786346436e-01;4.020937383174896240e-01;4.651355445384979248e-01
2.300657331943511963e-01;-2.798088192939758301e-01;3.210246562957763672e-02
-1.384824514389038086e-01;1.025807037949562073e-01;4.541740119457244873e-01
2.576375305652618408e-01;2.364289462566375732e-01;1.119360998272895813e-01
-2.635334134101867676e-01;-3.260856270790100098e-01;4.861694276332855225e-01
-2.644620239734649658e-01;2.715661525726318359e-01;4.860269427299499512e-01
2.701044380664825439e-01;-5.246771033853292465e-03;1.454079598188400269e-01
2.226818948984146118e-01;2.969528734683990479e-01;-3.013177774846553802e-02
-2.988081276416778564e-01;-4.822605103254318237e-02;4.996379613876342773e-01
2.540657818317413330e-01;4.440622404217720032e-02;-1.037768721580505371e-01
-2.898322641849517822e-01;-1.021435260772705078e-01;4.961828589439392090e-01
-1.634415239095687866e-01;-4.602576792240142822e-01;4.609160423278808594e-01
2.707833051681518555e-01;1.506947726011276245e-01;1.527875512838363647e-01
-3.063550293445587158e-01;-6.593624353408813477e-01;-5.682457089424133301e-01
2.295210659503936768e-01;-3.053652048110961914e-01;-7.007169723510742188e-02
2.204416245222091675e-01;-4.215419888496398926e-01;2.759315446019172668e-02
-3.140456676483154297e-01;6.978349089622497559e-01;-5.696669816970825195e-01
2.252351492643356323e-01;4.353151023387908936e-01;4.451401159167289734e-02
2.346804291009902954e-01;4.592184424400329590e-01;8.166326582431793213e-02
-8.483130484819412231e-02;-3.877508640289306641e-02;4.450216293334960938e-01
2.659374773502349854e-01;-3.081656098365783691e-01;1.527949869632720947e-01
2.547421455383300781e-01;2.088926136493682861e-01;-1.205434054136276245e-01
2.787697613239288330e-01;-3.906386718153953552e-02;1.861917823553085327e-01
-1.700898110866546631e-01;-2.082683593034744263e-01;-5.470551848411560059e-01
2.328269183635711670e-01;3.999279141426086426e-01;-9.381829202175140381e-02
-1.366801708936691284e-01;-5.557008385658264160e-01;4.581879973411560059e-01
2.330619692802429199e-01;-5.036579370498657227e-01;9.223024547100067139e-02
-1.709108799695968628e-01;-2.740843594074249268e-01;-5.469352006912231445e-01
2.309803664684295654e-01;5.282709598541259766e-01;8.945941925048828125e-02
-2.164579480886459351e-01;6.295958757400512695e-01;4.731273055076599121e-01
-7.118912786245346069e-02;2.791264951229095459e-01;4.444865882396697998e-01
2.445851415395736694e-01;-3.647775352001190186e-01;-1.214686259627342224e-01
2.113932967185974121e-01;5.272437930107116699e-01;-5.183529108762741089e-02
-1.715683192014694214e-01;-4.008629918098449707e-01;-5.470928549766540527e-01
2.667217850685119629e-01;-2.180770635604858398e-01;-1.561768651008605957e-01
2.804356217384338379e-01;-1.818393170833587646e-01;2.055123895406723022e-01
1.989659965038299561e-01;-5.811396837234497070e-01;-4.002981819212436676e-03
2.085359096527099609e-01;-5.409130454063415527e-01;-6.394654512405395508e-02
2.808491885662078857e-01;1.988475769758224487e-01;2.147322297096252441e-01
-5.634298920631408691e-02;-4.259156286716461182e-01;4.454928338527679443e-01
-1.652755141258239746e-01;-5.728572607040405273e-01;-5.469918847084045410e-01
2.051179558038711548e-01;6.200320124626159668e-01;4.567113891243934631e-02
-1.591412574052810669e-01;5.945034027099609375e-01;-5.469620823860168457e-01
2.237584590911865234e-01;-5.225895047187805176e-01;-1.086803823709487915e-01
-2.774853408336639404e-01;-6.810760498046875000e-01;4.843790233135223389e-01
2.704327404499053955e-01;2.495830953121185303e-01;-1.763839125633239746e-01
-1.222912818193435669e-01;6.331353187561035156e-01;4.558636844158172607e-01
2.753118872642517090e-01;-1.851784139871597290e-01;-1.861660927534103394e-01
-1.968666464090347290e-01;-6.869980096817016602e-01;-3.851721286773681641e-01
-1.796702444553375244e-01;-6.851423382759094238e-01;-3.436852395534515381e-01
-3.598321974277496338e-01;1.642329841852188110e-01;5.195117592811584473e-01
2.811601161956787109e-01;2.850256860256195068e-01;2.337597608566284180e-01
1.922047138214111328e-01;-6.862613558769226074e-01;5.496385321021080017e-02
1.726946979761123657e-01;7.221010327339172363e-01;2.638001367449760437e-02
2.430830001831054688e-01;-6.073322892189025879e-01;1.532768756151199341e-01
2.120647430419921875e-01;6.090301275253295898e-01;-1.021386906504631042e-01
-3.262254893779754639e-01;6.878893971443176270e-01;-4.616596400737762451e-01
-1.330287754535675049e-01;7.042526006698608398e-01;4.564040005207061768e-01
1.679231822490692139e-01;7.213696837425231934e-01;4.181555286049842834e-02
1.617804020643234253e-01;7.207688093185424805e-01;3.608323261141777039e-02
1.890308856964111328e-01;-6.628953814506530762e-01;-5.391008779406547546e-02
1.997415870428085327e-01;7.241290807723999023e-01;8.482749015092849731e-02
1.689922809600830078e-01;-7.089837193489074707e-01;5.780720710754394531e-02
2.029110044240951538e-01;7.243320941925048828e-01;9.168505668640136719e-02
1.677486449480056763e-01;-7.087311744689941406e-01;6.504996865987777710e-02
-1.377610117197036743e-01;-6.855482459068298340e-01;-2.980183660984039307e-01
-1.138259917497634888e-01;-6.928487420082092285e-01;4.586784243583679199e-01
-1.260661482810974121e-01;7.027890086174011230e-01;-3.538857102394104004e-01
1.356335431337356567e-01;-7.050881385803222656e-01;1.190075068734586239e-03
1.812039464712142944e-01;7.017984986305236816e-01;-4.931502416729927063e-02
1.959574669599533081e-01;-7.111058235168457031e-01;1.055349633097648621e-01
2.612146139144897461e-01;-5.539413690567016602e-01;1.983846426010131836e-01
1.280660331249237061e-01;-7.040730118751525879e-01;-5.835759919136762619e-03
1.710249781608581543e-01;7.207269668579101562e-01;1.021750271320343018e-01
-1.342321783304214478e-01;3.470572829246520996e-01;-5.470057725906372070e-01
2.027190774679183960e-01;7.232686281204223633e-01;1.139672249555587769e-01
5.462049040943384171e-03;3.097144514322280884e-02;4.364324808120727539e-01
1.433074027299880981e-01;7.175945043563842773e-01;-4.196823015809059143e-02
-2.575348690152168274e-02;5.094388127326965332e-01;4.449619650840759277e-01
1.416073590517044067e-01;7.172242403030395508e-01;-5.287913233041763306e-02
1.376659572124481201e-01;-7.048229575157165527e-01;-4.355678334832191467e-02
1.460270583629608154e-01;-7.056553363800048828e-01;-6.120039895176887512e-02
-8.512965589761734009e-02;7.016799449920654297e-01;3.330598473548889160e-01
1.493001580238342285e-01;7.178162336349487305e-01;-6.640373170375823975e-02
1.022382602095603943e-01;7.127972841262817383e-01;-6.484780926257371902e-03
1.793284118175506592e-01;-7.085055112838745117e-01;-7.498637586832046509e-02
2.253230065107345581e-01;7.241576313972473145e-01;1.320016831159591675e-01
