-3.454120755195617676e-01;-1.577209085226058960e-01;-6.490123867988586426e-01
-2.741250097751617432e-01;4.817939102649688721e-01;-6.201530098915100098e-01
-3.332543969154357910e-01;-1.178914010524749756e-01;6.053408384323120117e-01
-3.660783469676971436e-01;-2.038523107767105103e-01;6.241030693054199219e-01
-3.284081220626831055e-01;5.905671790242195129e-02;-6.401160955429077148e-01
-2.616802752017974854e-01;-4.058152139186859131e-01;5.806929469108581543e-01
-2.678833603858947754e-01;-4.268861841410398483e-03;5.806226730346679688e-01
-3.638887107372283936e-01;-5.505420565605163574e-01;6.213731169700622559e-01
-2.449330091476440430e-01;3.397109210491180420e-01;5.777275562286376953e-01
-3.657141625881195068e-01;4.513303935527801514e-01;6.243296265602111816e-01
-3.524630069732666016e-01;1.080446094274520874e-01;-6.146622300148010254e-01
-2.212470918893814087e-01;2.135005593299865723e-01;4.903805255889892578e-01
-2.211492359638214111e-01;1.300126165151596069e-01;-5.687780976295471191e-01
1.575124710798263550e-01;6.613431125879287720e-02;6.680829077959060669e-02
-2.167550772428512573e-01;2.179687321186065674e-01;-6.109924912452697754e-01
-2.727492451667785645e-01;6.388664841651916504e-01;-6.221408247947692871e-01
1.547362804412841797e-01;6.210496649146080017e-02;6.095121800899505615e-02
1.508159935474395752e-01;2.397833764553070068e-01;-8.348923921585083008e-02
1.585196405649185181e-01;-2.544646859169006348e-01;-1.163423135876655579e-01
-2.392419725656509399e-01;1.120407283306121826e-01;4.636126756668090820e-01
1.461743414402008057e-01;-3.040750622749328613e-01;3.239403292536735535e-02
1.437436342239379883e-01;1.763523817062377930e-01;5.113593861460685730e-02
-1.620309501886367798e-01;1.653800457715988159e-01;3.776924014091491699e-01
1.455323398113250732e-01;8.025965094566345215e-02;-4.389271512627601624e-02
-1.183910220861434937e-01;-1.748332679271697998e-01;4.242129325866699219e-01
1.453227698802947998e-01;-2.089963294565677643e-02;-6.010593846440315247e-02
1.404949277639389038e-01;3.198363184928894043e-01;9.196926653385162354e-02
1.497621089220046997e-01;-3.492094576358795166e-01;-9.588718414306640625e-02
-8.963075280189514160e-02;8.268142491579055786e-02;-3.695107400417327881e-01
1.676405668258666992e-01;-2.363403290510177612e-01;-1.392529010772705078e-01
1.468350142240524292e-01;4.304068982601165771e-01;5.807075649499893188e-02
-1.485125720500946045e-01;-3.640759885311126709e-01;-5.154354572296142578e-01
-3.233503699302673340e-01;-3.497003316879272461e-01;5.323811173439025879e-01
-2.611017823219299316e-01;3.906913697719573975e-01;-5.090997219085693359e-01
-1.896962672472000122e-01;-1.201795935630798340e-01;-5.625320672988891602e-01
-2.273945510387420654e-01;5.181248784065246582e-01;4.563025236129760742e-01
1.699826866388320923e-01;6.103396788239479065e-02;-1.360633820295333862e-01
-3.785720467567443848e-01;-3.727825582027435303e-01;-6.328724622726440430e-01
1.732203811407089233e-01;-1.188528612256050110e-01;1.081300228834152222e-01
-1.801704764366149902e-01;-1.109386682510375977e-01;5.236248373985290527e-01
-2.298515886068344116e-01;4.503851830959320068e-01;-4.908633828163146973e-01
-1.343290805816650391e-01;-3.502759933471679688e-01;4.705875515937805176e-01
1.413610130548477173e-01;-1.130162850022315979e-01;2.669824985787272453e-03
1.420916765928268433e-01;5.361716151237487793e-01;-1.053921505808830261e-01
1.340575814247131348e-01;-2.943212687969207764e-01;-8.209767937660217285e-02
-2.298370748758316040e-01;-3.987546861171722412e-01;-4.987148940563201904e-01
1.481992155313491821e-01;-4.893584549427032471e-01;7.996231317520141602e-02
1.416545808315277100e-01;2.975223660469055176e-01;1.678207516670227051e-02
-3.333921730518341064e-01;4.384516775608062744e-01;5.317083001136779785e-01
1.708171069622039795e-01;-1.795253753662109375e-01;-1.447848528623580933e-01
-2.131733596324920654e-01;-9.188333898782730103e-02;4.059569835662841797e-01
-9.957210719585418701e-02;3.016297519207000732e-01;3.938811719417572021e-01
1.479807049036026001e-01;4.473900198936462402e-01;-1.112168207764625549e-01
1.398212760686874390e-01;-3.882229626178741455e-01;-3.620852530002593994e-02
-3.192691877484321594e-02;8.428995311260223389e-02;2.410301715135574341e-01
-1.148348227143287659e-01;3.397109210491180420e-01;4.280647337436676025e-01
1.622192859649658203e-01;3.774801492691040039e-01;1.100436151027679443e-01
8.421506732702255249e-02;4.310796782374382019e-02;-1.734732687473297119e-01
1.389927119016647339e-01;-3.808934390544891357e-01;-7.351662032306194305e-03
1.551264077425003052e-01;5.526992082595825195e-01;-1.685529500246047974e-01
4.611449316143989563e-02;-2.166947573423385620e-01;-2.485792487859725952e-01
1.741099059581756592e-01;-2.416769787669181824e-02;-1.453872919082641602e-01
-3.748012185096740723e-01;-4.512781798839569092e-01;-6.295042037963867188e-01
8.372192084789276123e-02;-1.702543497085571289e-01;1.830499321222305298e-01
-3.762791752815246582e-01;-4.212066531181335449e-01;-6.739079356193542480e-01
1.294175684452056885e-01;6.895629167556762695e-01;-1.057250201702117920e-01
1.230076253414154053e-01;7.036833763122558594e-01;-1.086306292563676834e-02
1.756866723299026489e-01;1.515113115310668945e-01;1.159921810030937195e-01
1.273541301488876343e-01;-7.169446349143981934e-01;6.358224898576736450e-02
1.303761899471282959e-01;4.508088827133178711e-01;-8.789091557264328003e-02
1.140779107809066772e-01;-5.087540745735168457e-01;1.348319649696350098e-01
-1.603104025125503540e-01;3.186831772327423096e-01;-5.571218132972717285e-01
-7.590934634208679199e-02;4.605431854724884033e-01;3.284610211849212646e-01
-2.288239821791648865e-02;-4.177923202514648438e-01;-3.698694407939910889e-01
1.223243996500968933e-01;-7.372589111328125000e-01;4.018870368599891663e-02
6.420714408159255981e-02;-1.116805747151374817e-01;-1.746712177991867065e-01
9.003269486129283905e-03;9.775371849536895752e-02;-2.284571826457977295e-01
-1.692454218864440918e-01;-1.369820386171340942e-01;3.555551469326019287e-01
1.225852668285369873e-01;-7.292660474777221680e-01;-2.069635689258575439e-02
1.104003936052322388e-01;-9.195584803819656372e-02;1.730355769395828247e-01
-3.137537837028503418e-02;-4.508350044488906860e-02;-3.953053951263427734e-01
1.721097379922866821e-01;3.481770157814025879e-01;1.352004855871200562e-01
1.946208067238330841e-02;3.074450492858886719e-01;2.204250693321228027e-01
1.258679330348968506e-01;-7.073571085929870605e-01;1.867268793284893036e-02
1.242868006229400635e-01;-7.251560091972351074e-01;-7.543427497148513794e-02
1.242868006229400635e-01;-7.251560091972351074e-01;-7.543427497148513794e-02
1.224692761898040771e-01;7.077443599700927734e-01;-2.730419859290122986e-03
-2.154244482517242432e-01;-7.256523966789245605e-01;5.725026726722717285e-01
-1.718852669000625610e-01;1.413664817810058594e-01;5.694379210472106934e-01
-1.590590029954910278e-01;1.685063540935516357e-02;-5.563062429428100586e-01
-3.462831676006317139e-01;-7.164108157157897949e-01;5.724437236785888672e-01
7.529857009649276733e-02;-3.691305518150329590e-01;-1.774421483278274536e-01
8.345203846693038940e-02;4.180510938167572021e-01;1.597597599029541016e-01
1.347309201955795288e-01;6.072151064872741699e-01;5.339581519365310669e-02
-1.125169545412063599e-01;-5.391122698783874512e-01;4.724929928779602051e-01
1.226680055260658264e-01;7.275101542472839355e-01;5.758231878280639648e-02
-3.823051927611231804e-03;7.766674458980560303e-02;-3.719683885574340820e-01
2.440195158123970032e-02;1.646353304386138916e-01;-2.065255492925643921e-01
1.616755574941635132e-01;5.275712013244628906e-01;1.488821059465408325e-01
1.250444203615188599e-01;6.985105276107788086e-01;-6.578652560710906982e-02
1.248663514852523804e-01;-7.425804138183593750e-01;8.735094964504241943e-02
1.344485580921173096e-01;-5.497415065765380859e-01;-2.667941898107528687e-02
-3.316235542297363281e-01;5.800788402557373047e-01;-5.650201439857482910e-01
-1.224703807383775711e-02;-1.036624163389205933e-01;3.501834273338317871e-01
1.251228451728820801e-01;-7.419433593750000000e-01;8.837167918682098389e-02
1.536339819431304932e-01;-4.560497999191284180e-01;1.662454009056091309e-01
1.311545521020889282e-01;-7.089363336563110352e-01;-1.294125467538833618e-01
1.263954937458038330e-01;7.194057106971740723e-01;8.878175914287567139e-02
-2.496416568756103516e-01;3.865308593958616257e-03;-4.477424919605255127e-01
1.152524650096893311e-01;-1.995198875665664673e-01;-3.373776003718376160e-02
1.218926236033439636e-01;7.266143560409545898e-01;-8.459331095218658447e-02
1.212492287158966064e-01;-4.912715554237365723e-01;-6.485121697187423706e-02
-2.318353950977325439e-02;7.585851103067398071e-02;3.614183962345123291e-01
6.302813440561294556e-02;-1.683380305767059326e-01;1.017220467329025269e-01
-1.591034084558486938e-01;6.552162170410156250e-01;4.894971549510955811e-01
1.260708123445510864e-01;7.328999042510986328e-01;1.080010384321212769e-01
1.320657730102539062e-01;7.221708297729492188e-01;-1.640844643115997314e-01
1.306778043508529663e-01;-7.443190813064575195e-01;-1.620948761701583862e-01
1.241853907704353333e-01;-7.410936951637268066e-01;-1.132613793015480042e-01
1.257109045982360840e-01;-7.424039840698242188e-01;-1.291721612215042114e-01
-1.404192149639129639e-01;-5.141013860702514648e-01;-5.616429448127746582e-01
6.973186135292053223e-02;-2.563850283622741699e-01;-1.160600036382675171e-01
9.635679423809051514e-02;6.633647084236145020e-01;-1.134348139166831970e-01
1.357377320528030396e-01;-7.239729166030883789e-01;-1.700571477413177490e-01
-5.323340371251106262e-02;-5.407502651214599609e-01;-4.335483014583587646e-01
-4.063338339328765869e-01;5.154802799224853516e-01;6.475504040718078613e-01
1.344279646873474121e-01;7.192921042442321777e-01;-1.745181977748870850e-01
1.278072297573089600e-01;6.452767252922058105e-01;-2.742267213761806488e-02
3.234110027551651001e-02;4.670830070972442627e-01;3.036983311176300049e-01
-4.112598598003387451e-01;4.254052415490150452e-02;6.561578512191772461e-01
3.638221323490142822e-02;-5.392027497291564941e-01;2.989870309829711914e-01
1.726536303758621216e-01;-4.781000912189483643e-01;-2.054272294044494629e-01
3.912555798888206482e-02;5.320302248001098633e-01;-3.345730602741241455e-01
-1.301548928022384644e-01;-7.258983850479125977e-01;4.432394504547119141e-01
-3.966670483350753784e-02;-6.598096489906311035e-01;3.414618670940399170e-01
-8.110971003770828247e-02;-5.278754234313964844e-01;-3.379283249378204346e-01
9.280626475811004639e-02;-4.536280632019042969e-01;-2.723201811313629150e-01
-1.718655377626419067e-01;7.127157449722290039e-01;5.696069598197937012e-01
1.301022917032241821e-01;-7.458956837654113770e-01;1.291573643684387207e-01
1.358082890510559082e-01;7.225870490074157715e-01;1.490042358636856079e-01
-1.936261951923370361e-01;-7.188864350318908691e-01;-4.449825882911682129e-01
-8.958080410957336426e-02;-6.614989042282104492e-01;-4.857314229011535645e-01
1.789813935756683350e-01;2.327191978693008423e-01;-1.904325187206268311e-01
-2.307126522064208984e-01;-6.537997722625732422e-01;-4.654982686042785645e-01
-8.876472711563110352e-02;6.571435928344726562e-01;-4.789337813854217529e-01
-1.525736749172210693e-01;-7.177092432975769043e-01;3.594424128532409668e-01
8.954069018363952637e-02;6.586790084838867188e-01;-4.903205111622810364e-02
-1.265777945518493652e-01;-7.249791026115417480e-01;5.002428889274597168e-01
-2.894309582188725471e-04;2.412199676036834717e-01;-4.149252474308013916e-01
1.426888555288314819e-01;-7.231369018554687500e-01;-2.001082748174667358e-01
-1.038465797901153564e-01;5.850631594657897949e-01;-3.475451767444610596e-01
-7.314405590295791626e-02;-2.746248543262481689e-01;2.309626489877700806e-01
-8.558990806341171265e-02;-6.616812944412231445e-01;-3.560589849948883057e-01
-1.213269010186195374e-01;3.556778132915496826e-01;5.190290212631225586e-01
1.569600850343704224e-01;6.543136835098266602e-01;1.881002485752105713e-01
1.794441044330596924e-01;4.779185950756072998e-01;1.957625299692153931e-01
-1.120544523000717163e-01;-3.024122118949890137e-01;5.139925479888916016e-01
-4.689498804509639740e-03;-6.024109125137329102e-01;-2.748807966709136963e-01
-1.576151140034198761e-02;-5.937504768371582031e-01;4.147997498512268066e-01
1.367652416229248047e-01;-7.444229722023010254e-01;-1.924887895584106445e-01
7.194516062736511230e-02;7.232607901096343994e-02;3.594622015953063965e-02
5.598386749625205994e-02;6.519451737403869629e-01;2.084809541702270508e-01
-2.365542761981487274e-02;-1.447748690843582153e-01;4.093537926673889160e-01
-1.616171374917030334e-02;-2.133391499519348145e-01;-4.488798081874847412e-01
1.848369240760803223e-01;3.133685886859893799e-01;-2.096472382545471191e-01
1.885125190019607544e-01;8.030357211828231812e-02;1.496367603540420532e-01
-3.053560256958007812e-01;-9.113842248916625977e-02;4.322678446769714355e-01
8.249270170927047729e-02;-3.570651412010192871e-01;3.020049929618835449e-01
-4.234345257282257080e-01;5.662053823471069336e-01;-6.881030201911926270e-01
1.414515078067779541e-01;7.340393662452697754e-01;1.775601208209991455e-01
-1.385836154222488403e-01;3.935189247131347656e-01;5.691432952880859375e-01
-1.286024451255798340e-01;5.891627669334411621e-01;-6.080080270767211914e-01
-1.043123975396156311e-01;7.126505374908447266e-01;-5.379766821861267090e-01
4.265300557017326355e-02;-6.655516028404235840e-01;-2.878144681453704834e-01
-9.786795824766159058e-03;-4.115995392203330994e-02;1.393751949071884155e-01
-1.744366586208343506e-01;-3.815630376338958740e-01;3.158861696720123291e-01
-8.608120679855346680e-02;-7.241086363792419434e-01;-5.251699090003967285e-01
-1.863500624895095825e-01;5.857865214347839355e-01;3.604114055633544922e-01
-2.361079752445220947e-01;-7.086146473884582520e-01;3.711450099945068359e-01
-4.028233140707015991e-02;6.549892425537109375e-01;4.407356381416320801e-01
6.780477613210678101e-02;-2.139867246150970459e-01;-3.609130978584289551e-01
1.435179263353347778e-01;7.301923632621765137e-01;-2.183874696493148804e-01
5.779501423239707947e-02;7.166575789451599121e-01;3.258732259273529053e-01
-2.481077797710895538e-03;7.463409751653671265e-02;1.260806918144226074e-01
6.050604954361915588e-02;-2.734642922878265381e-01;-3.757891356945037842e-01
1.567173600196838379e-01;-7.250837683677673340e-01;2.093035727739334106e-01
1.567173600196838379e-01;-7.250837683677673340e-01;2.093035727739334106e-01
5.345199257135391235e-02;-5.225944519042968750e-01;-7.925210893154144287e-02
1.057251095771789551e-01;5.922690629959106445e-01;2.910266518592834473e-01
-5.060911178588867188e-02;-3.478361964225769043e-01;-5.033904910087585449e-01
-1.053424701094627380e-01;-6.453389525413513184e-01;5.690636038780212402e-01
-5.451951548457145691e-02;4.318178594112396240e-01;1.914865821599960327e-01
-2.018143385648727417e-01;-1.005743071436882019e-01;-3.550117015838623047e-01
-7.878672331571578979e-03;4.580502808094024658e-01;-1.827234029769897461e-01
9.097819030284881592e-02;-7.316125631332397461e-01;-3.058021664619445801e-01
-2.325132116675376892e-02;-4.066335558891296387e-01;4.578475654125213623e-01
-6.432820111513137817e-02;-6.635290384292602539e-01;2.326729446649551392e-01
1.497201174497604370e-01;-7.433840632438659668e-01;1.966666430234909058e-01
1.848265528678894043e-01;4.338893890380859375e-01;-2.561452388763427734e-01
-4.100734889507293701e-01;6.939446926116943359e-01;5.918450951576232910e-01
-2.791552841663360596e-01;-1.075470596551895142e-01;-6.228843331336975098e-01
-3.730439543724060059e-01;1.120870783925056458e-01;-6.642863154411315918e-01
-2.394851446151733398e-01;5.843418836593627930e-01;-6.122448444366455078e-01
1.628436744213104248e-01;1.133307963609695435e-01;7.830655574798583984e-02
-2.027278393507003784e-01;-1.880142986774444580e-01;4.556888043880462646e-01
-2.299987971782684326e-01;3.054051399230957031e-01;4.641829729080200195e-01
1.535171568393707275e-01;-2.100846469402313232e-01;5.923267453908920288e-02
1.646681725978851318e-01;2.413280457258224487e-01;9.379341453313827515e-02
-3.542056083679199219e-01;2.882242202758789062e-01;-6.518913507461547852e-01
-1.725702136754989624e-01;-3.743492364883422852e-01;4.475749731063842773e-01
1.549589335918426514e-01;-1.870349347591400146e-01;-1.014473512768745422e-01
1.646020412445068359e-01;6.883591413497924805e-02;-1.226030066609382629e-01
-1.817553043365478516e-01;-8.066731691360473633e-02;4.492919445037841797e-01
-2.428083568811416626e-01;-2.507044970989227295e-01;4.681856334209442139e-01
1.454076170921325684e-01;8.051332086324691772e-02;-4.263199865818023682e-02
1.468322426080703735e-01;2.905909121036529541e-01;-8.046677708625793457e-02
-2.303020507097244263e-01;4.737929105758666992e-01;4.648469388484954834e-01
1.508405208587646484e-01;-3.734695613384246826e-01;-1.036789864301681519e-01
1.435586512088775635e-01;-8.515484631061553955e-02;-3.782312944531440735e-02
1.520475894212722778e-01;-3.842563033103942871e-01;-1.098630800843238831e-01
-1.566549390554428101e-01;-4.833306968212127686e-01;4.456208944320678711e-01
1.714692115783691406e-01;1.005610451102256775e-02;9.798839688301086426e-02
1.554890125989913940e-01;-5.144200921058654785e-01;1.118096709251403809e-01
1.497266292572021484e-01;-4.645467996597290039e-01;8.064310252666473389e-02
1.414506286382675171e-01;-3.156189918518066406e-01;-5.037450045347213745e-02
1.449290961027145386e-01;4.684666991233825684e-01;6.281152367591857910e-02
-1.259063631296157837e-01;9.258984029293060303e-02;4.329306185245513916e-01
1.388280838727951050e-01;-3.700190186500549316e-01;-1.664101332426071167e-02
1.406718194484710693e-01;2.563185989856719971e-01;7.011539768427610397e-03
1.387734413146972656e-01;6.574916243553161621e-01;-1.442929506301879883e-01
1.536223739385604858e-01;5.577997565269470215e-01;-1.646929532289505005e-01
-1.106901690363883972e-01;3.500608503818511963e-01;4.304103851318359375e-01
1.417024582624435425e-01;-6.219673752784729004e-01;8.920235931873321533e-02
1.394660174846649170e-01;4.239398837089538574e-01;-6.256362050771713257e-02
1.473397314548492432e-01;4.951764047145843506e-01;8.364470303058624268e-02
1.204398572444915771e-01;7.235728502273559570e-01;-2.847336977720260620e-02
-3.200919628143310547e-01;9.044568985700607300e-02;4.930125176906585693e-01
1.223149597644805908e-01;-7.373179197311401367e-01;4.018694907426834106e-02
1.223149597644805908e-01;-7.373179197311401367e-01;4.018694907426834106e-02
1.227675899863243103e-01;-7.258102893829345703e-01;-9.879013523459434509e-03
-2.870200872421264648e-01;7.115644216537475586e-01;-5.778526067733764648e-01
1.452303975820541382e-01;-6.526283621788024902e-01;-1.634217351675033569e-01
1.211555153131484985e-01;7.232333421707153320e-01;-3.485716134309768677e-02
1.211555153131484985e-01;7.232333421707153320e-01;-3.485716134309768677e-02
1.401402503252029419e-01;6.584375500679016113e-01;1.186951175332069397e-01
-4.109669327735900879e-01;5.537795424461364746e-01;-6.841956377029418945e-01
1.218096017837524414e-01;-7.355210185050964355e-01;1.650427654385566711e-02
1.747731417417526245e-01;2.835075259208679199e-01;-1.692413389682769775e-01
-9.592196345329284668e-02;2.188524752855300903e-01;4.266755878925323486e-01
1.220796480774879456e-01;-7.339282035827636719e-01;-2.961013838648796082e-02
1.344823241233825684e-01;6.568623781204223633e-01;8.255220204591751099e-02
1.221046224236488342e-01;7.133302688598632812e-01;-2.948766946792602539e-02
1.215898245573043823e-01;-7.360163331031799316e-01;-5.665813758969306946e-02
1.242868006229400635e-01;-7.251560091972351074e-01;-7.543427497148513794e-02
1.236973926424980164e-01;7.293609976768493652e-01;-1.097674742341041565e-01
-2.353085726499557495e-01;7.128269672393798828e-01;-5.388374328613281250e-01
-2.951989769935607910e-01;-7.192035317420959473e-01;-5.503225326538085938e-01
-4.372265636920928955e-01;-7.825321704149246216e-02;-6.994363665580749512e-01
1.776653081178665161e-01;-1.564030945301055908e-01;-1.628970652818679810e-01
1.313284039497375488e-01;-6.736022233963012695e-01;-8.809713274240493774e-02
1.079698726534843445e-01;7.224131822586059570e-01;-6.181836500763893127e-02
1.243479922413825989e-01;-7.416449785232543945e-01;7.906383275985717773e-02
1.214966401457786560e-01;7.267202138900756836e-01;4.485455527901649475e-02
1.324526071548461914e-01;-5.992437601089477539e-01;-2.420745417475700378e-02
1.312702000141143799e-01;6.194549202919006348e-01;2.696564607322216034e-02
1.218926236033439636e-01;7.266143560409545898e-01;-8.459331095218658447e-02
1.259277462959289551e-01;-7.399440407752990723e-01;9.157507121562957764e-02
1.551060229539871216e-01;-6.525517106056213379e-01;1.674311608076095581e-01
1.248740777373313904e-01;7.316898703575134277e-01;9.462653845548629761e-02
1.248740777373313904e-01;7.316898703575134277e-01;9.462653845548629761e-02
1.335654407739639282e-01;5.617480874061584473e-01;-5.587300285696983337e-02
1.203252598643302917e-01;7.259302735328674316e-01;3.212679550051689148e-02
-6.718774884939193726e-02;-5.116158723831176758e-01;4.274136126041412354e-01
9.679241478443145752e-02;7.263154983520507812e-01;-1.252935230731964111e-01
-1.979548335075378418e-01;-7.219040989875793457e-01;4.565905332565307617e-01
1.241853907704353333e-01;-7.410936951637268066e-01;-1.132613793015480042e-01
1.251714527606964111e-01;-7.419406175613403320e-01;-1.235457733273506165e-01
1.259328424930572510e-01;-7.425945997238159180e-01;-1.314871162176132202e-01
1.262733042240142822e-01;7.331686019897460938e-01;1.105788797140121460e-01
9.245765209197998047e-02;-7.315117120742797852e-01;-4.302579164505004883e-02
1.319136768579483032e-01;7.335752844810485840e-01;-1.739002466201782227e-01
1.755481213331222534e-01;4.007469713687896729e-01;1.593372672796249390e-01
-1.440165042877197266e-01;7.104053497314453125e-01;-4.258927404880523682e-01
1.841233670711517334e-01;-2.425235658884048462e-01;1.474483907222747803e-01
9.230019897222518921e-02;7.221540212631225586e-01;4.117231816053390503e-02
1.527728885412216187e-01;6.737555861473083496e-01;-2.170407027006149292e-01
1.428425312042236328e-01;6.981315612792968750e-01;1.590219438076019287e-01
1.641753911972045898e-01;5.864335894584655762e-01;-2.186859846115112305e-01
1.301022917032241821e-01;-7.458956837654113770e-01;1.291573643684387207e-01
1.753691434860229492e-01;4.702833592891693115e-01;1.786606460809707642e-01
1.425622850656509399e-01;7.143749594688415527e-01;-2.053307443857192993e-01
-1.629394888877868652e-01;-1.273142080754041672e-02;-6.083250045776367188e-01
-8.248565346002578735e-02;7.129754424095153809e-01;3.562791943550109863e-01
1.350244134664535522e-01;7.346373200416564941e-01;1.550396978855133057e-01
-1.527116149663925171e-01;-6.012962460517883301e-01;-6.080402731895446777e-01
1.765978485345840454e-01;-4.931759238243103027e-01;-2.243437916040420532e-01
6.067196652293205261e-02;7.157271504402160645e-01;-2.649734541773796082e-02
1.031818687915802002e-01;7.289810180664062500e-01;-1.583410799503326416e-01
-4.819803312420845032e-02;-6.712203025817871094e-01;4.301646947860717773e-01
6.672156159766018391e-04;-7.270477414131164551e-01;3.139895200729370117e-01
