1.160876452922821045e-01;4.136543720960617065e-02;3.040719404816627502e-02
9.769446402788162231e-02;1.305403113365173340e-01;1.688387431204319000e-02
-4.304806292057037354e-01;-3.735687434673309326e-01;4.808663427829742432e-01
-4.301581382751464844e-01;4.782327115535736084e-01;-4.643017947673797607e-01
-3.614465892314910889e-01;-4.060299992561340332e-01;-4.196656644344329834e-01
1.081987172365188599e-01;-2.834480106830596924e-01;5.846110358834266663e-02
1.437332779169082642e-01;-1.439053267240524292e-01;8.018974214792251587e-02
-4.156981110572814941e-01;4.674430191516876221e-01;4.911776185035705566e-01
-4.084939360618591309e-01;-2.275530993938446045e-01;4.517394900321960449e-01
-3.469354510307312012e-01;-2.301339805126190186e-01;-3.879924118518829346e-01
2.228293716907501221e-01;-7.415370345115661621e-01;-4.325720071792602539e-01
2.430174648761749268e-01;-2.012022733688354492e-01;2.934844046831130981e-02
2.553161382675170898e-01;-1.246547996997833252e-01;-1.204948872327804565e-02
1.098700910806655884e-01;3.145256042480468750e-01;6.628737598657608032e-02
5.380615219473838806e-02;2.593635767698287964e-02;1.006493717432022095e-01
-4.476070702075958252e-01;2.466128468513488770e-01;4.706876277923583984e-01
2.160462886095046997e-01;3.185885548591613770e-01;-4.763327306136488914e-04
9.577360004186630249e-02;-3.891135454177856445e-01;3.097035177052021027e-02
-3.223113715648651123e-01;2.109378129243850708e-01;4.676354527473449707e-01
-3.729357719421386719e-01;-6.228219270706176758e-01;-4.441616833209991455e-01
-3.045947551727294922e-01;-1.450977921485900879e-01;-3.269612789154052734e-01
-3.050347864627838135e-01;1.171266213059425354e-01;-3.700461089611053467e-01
-3.578075766563415527e-01;-4.340718984603881836e-01;4.200647175312042236e-01
2.211989760398864746e-01;7.199467420578002930e-01;-4.170302152633666992e-01
-3.177743554115295410e-01;2.325450032949447632e-01;-3.449448049068450928e-01
4.100327193737030029e-02;1.494551748037338257e-01;-7.159457355737686157e-02
2.230888307094573975e-01;-7.418354153633117676e-01;4.589644968509674072e-01
2.213118225336074829e-01;-7.498296499252319336e-01;-4.179369211196899414e-01
-2.037798054516315460e-02;6.316792219877243042e-02;-1.825153827667236328e-02
2.230703085660934448e-01;7.147723436355590820e-01;-4.248349070549011230e-01
2.475511878728866577e-01;2.091278731822967529e-01;-4.566821083426475525e-02
1.230781152844429016e-02;-1.029845401644706726e-01;8.846901357173919678e-02
2.663123607635498047e-01;2.646763622760772705e-02;-3.678935766220092773e-02
-4.388422667980194092e-01;6.581037044525146484e-01;5.015895366668701172e-01
-2.648729085922241211e-02;2.329067587852478027e-01;-9.609197266399860382e-03
2.196568548679351807e-01;7.287580370903015137e-01;4.299008250236511230e-01
-3.451993316411972046e-02;-8.105650544166564941e-02;3.474375233054161072e-02
-5.623438046313822269e-04;2.648482918739318848e-01;8.203560858964920044e-02
-3.299101293087005615e-01;1.602371931076049805e-01;3.419323265552520752e-01
2.627720534801483154e-01;6.593018025159835815e-02;9.814811497926712036e-02
-4.409247636795043945e-01;-6.651263833045959473e-01;5.022335052490234375e-01
-1.912798583507537842e-01;-1.989750377833843231e-02;-1.986675709486007690e-01
-3.071309030055999756e-01;-1.289047151803970337e-01;-4.031693935394287109e-01
-3.264482021331787109e-01;2.121951282024383545e-01;-4.353953301906585693e-01
2.183923870325088501e-01;3.562228381633758545e-01;-5.070843920111656189e-02
1.756956875324249268e-01;7.102127671241760254e-01;4.647710919380187988e-01
-3.718803524971008301e-01;4.571959078311920166e-01;4.285576641559600830e-01
-2.757449746131896973e-01;-1.289158314466476440e-01;3.909317553043365479e-01
2.630430459976196289e-01;-1.095876321196556091e-01;-6.543990969657897949e-02
2.465465813875198364e-01;2.273536175489425659e-01;1.023637354373931885e-01
1.646620333194732666e-01;-9.865611046552658081e-02;-9.178224205970764160e-02
-4.911982268095016479e-02;1.418636590242385864e-01;1.176713705062866211e-01
2.168831378221511841e-01;7.292469143867492676e-01;-3.948146402835845947e-01
1.752462387084960938e-01;4.759325087070465088e-01;2.928405627608299255e-02
-2.337906509637832642e-02;-2.656841874122619629e-01;1.300133466720581055e-01
2.577706575393676758e-01;-1.515586227178573608e-01;1.300302892923355103e-01
-2.596695721149444580e-01;-9.425224363803863525e-02;2.621469497680664062e-01
2.257534861564636230e-01;-3.715958893299102783e-01;-7.731726765632629395e-02
-4.337839037179946899e-02;-2.371828705072402954e-01;7.802175823599100113e-03
6.963500380516052246e-02;4.894767999649047852e-01;-1.239087898284196854e-02
1.839938014745712280e-01;7.201506495475769043e-01;-4.128864705562591553e-01
-3.386412262916564941e-01;-5.449486970901489258e-01;-3.474640250205993652e-01
2.171906083822250366e-01;-7.610405087471008301e-01;4.256323873996734619e-01
-1.050507649779319763e-01;-2.429747432470321655e-01;-1.339852809906005859e-01
-8.207957446575164795e-02;2.102563530206680298e-01;1.812759935855865479e-01
2.388367503881454468e-01;-3.114554584026336670e-01;1.341907531023025513e-01
-1.574365608394145966e-02;-4.384377598762512207e-01;7.613942027091979980e-02
-3.193652331829071045e-01;-3.957546651363372803e-01;3.417975008487701416e-01
-3.436775133013725281e-02;2.962452173233032227e-01;-9.503658115863800049e-02
-3.517750203609466553e-01;-1.486457139253616333e-01;3.375868797302246094e-01
-2.885650098323822021e-01;-7.760426402091979980e-01;4.655621349811553955e-01
2.163889408111572266e-01;7.345328330993652344e-01;4.152146279811859131e-01
-1.683130413293838501e-01;-3.321344554424285889e-01;-2.189146280288696289e-01
-2.713041901588439941e-01;1.284362189471721649e-02;4.178064465522766113e-01
1.538340747356414795e-01;-7.512240409851074219e-01;-4.093726575374603271e-01
-5.728701353073120117e-01;5.610920116305351257e-02;-5.857269763946533203e-01
1.351311206817626953e-01;-7.510547041893005371e-01;4.418700039386749268e-01
1.311811059713363647e-01;3.701174557209014893e-01;-1.022415906190872192e-01
1.324322968721389771e-01;-3.543900251388549805e-01;1.382714658975601196e-01
-2.788328193128108978e-02;4.439827203750610352e-01;2.441976591944694519e-02
-6.918529421091079712e-02;1.715545654296875000e-01;-1.725376397371292114e-01
1.700674742460250854e-01;1.001221165060997009e-01;1.462418735027313232e-01
1.646232306957244873e-01;-2.593528926372528076e-01;-1.086312755942344666e-01
-5.115329027175903320e-01;-6.301160156726837158e-02;-4.822591543197631836e-01
-1.200658306479454041e-01;2.415969818830490112e-01;-2.129239588975906372e-01
2.137900590896606445e-01;-7.666741609573364258e-01;4.122819006443023682e-01
-2.203705310821533203e-01;4.042463004589080811e-01;3.267281651496887207e-01
1.594814658164978027e-01;-7.597743868827819824e-01;-3.884817659854888916e-01
-4.415038973093032837e-02;7.223993539810180664e-01;-4.325745701789855957e-01
3.177383169531822205e-02;-7.419208884239196777e-01;4.647686779499053955e-01
1.866469979286193848e-01;6.801121830940246582e-01;-4.141953885555267334e-01
1.322335749864578247e-01;3.840503394603729248e-01;1.483250856399536133e-01
2.112243622541427612e-01;-7.689155340194702148e-01;-3.668810725212097168e-01
-1.500614434480667114e-01;-3.219995498657226562e-01;1.707116663455963135e-01
-4.032483994960784912e-01;-5.477858781814575195e-01;3.990691900253295898e-01
-1.313924938440322876e-01;1.855973601341247559e-01;2.760179340839385986e-01
-3.622007369995117188e-01;6.952846050262451172e-02;-2.962261140346527100e-01
-2.869924604892730713e-01;6.858504414558410645e-01;-4.116016626358032227e-01
-2.655416131019592285e-01;-2.421839684247970581e-01;2.482784688472747803e-01
-1.123640462756156921e-01;1.032023802399635315e-01;-4.997120797634124756e-02
1.047924906015396118e-01;5.108559727668762207e-01;1.409199386835098267e-01
2.657427452504634857e-02;-7.444787621498107910e-01;-4.325754642486572266e-01
4.596161469817161560e-02;4.125543534755706787e-01;-1.153034493327140808e-01
2.122021764516830444e-01;7.396898865699768066e-01;-3.666343688964843750e-01
1.500126123428344727e-01;-6.029277443885803223e-01;-4.411451809573918581e-04
6.534877419471740723e-02;5.607586503028869629e-01;9.031545370817184448e-02
-4.059379994869232178e-01;9.124432504177093506e-02;3.707747757434844971e-01
2.140770107507705688e-01;7.158231139183044434e-01;3.937069177627563477e-01
-4.050197452306747437e-02;-1.543548852205276489e-01;-1.727524548768997192e-01
-4.807081818580627441e-02;-1.929550617933273315e-01;2.073007375001907349e-01
-3.091651499271392822e-01;2.019942998886108398e-01;-2.472116649150848389e-01
-1.896117776632308960e-01;-4.232139289379119873e-01;2.098244428634643555e-01
-3.616912290453910828e-02;-5.694056153297424316e-01;-1.475935056805610657e-02
-1.097460240125656128e-01;-2.225085645914077759e-01;-5.376242473721504211e-02
-2.150989174842834473e-01;-5.463806912302970886e-02;-3.413749635219573975e-01
1.473324596881866455e-01;-6.190205812454223633e-01;4.249586537480354309e-02
2.059463560581207275e-01;7.480561733245849609e-01;3.798706233501434326e-01
-2.265841513872146606e-01;-7.241857647895812988e-01;-4.018154144287109375e-01
2.473497390747070312e-01;-5.860180407762527466e-02;-1.587382853031158447e-01
-4.404563903808593750e-01;5.902715325355529785e-01;4.389600455760955811e-01
2.091932594776153564e-01;-7.746223211288452148e-01;3.907258510589599609e-01
-1.020511761307716370e-01;-4.078422784805297852e-01;1.103486046195030212e-01
1.056414839695207775e-05;7.168769240379333496e-01;4.647656083106994629e-01
-1.220019087195396423e-01;1.477581411600112915e-01;6.693457812070846558e-02
-2.223504930734634399e-01;5.429959893226623535e-01;3.110100626945495605e-01
-2.824267148971557617e-01;6.200993061065673828e-01;-3.068108260631561279e-01
2.035723179578781128e-01;7.515740394592285156e-01;3.717919588088989258e-01
-2.460068315267562866e-01;-6.475075483322143555e-01;3.347620666027069092e-01
-1.602581143379211426e-01;-2.505368888378143311e-01;3.263037800788879395e-01
8.924963325262069702e-02;-6.026468276977539062e-01;-1.083606481552124023e-01
-1.693488508462905884e-01;-4.961696267127990723e-01;3.323098123073577881e-01
-3.401847481727600098e-01;3.389649391174316406e-01;-2.698769569396972656e-01
2.034071832895278931e-01;7.508317828178405762e-01;-3.380887210369110107e-01
-3.938034772872924805e-01;6.756324172019958496e-01;4.162935316562652588e-01
-8.892151713371276855e-02;7.337176203727722168e-01;4.337444305419921875e-01
2.033744305372238159e-01;-7.789620161056518555e-01;-3.398835361003875732e-01
-3.994732797145843506e-01;7.485682368278503418e-01;-4.533409476280212402e-01
-3.583551347255706787e-01;-4.186235964298248291e-01;-3.006299436092376709e-01
1.969660073518753052e-01;-5.698950290679931641e-01;1.829731911420822144e-01
-9.852637350559234619e-02;-5.049827694892883301e-01;-7.466711103916168213e-02
2.030588686466217041e-01;-7.819678783416748047e-01;3.724511861801147461e-01
1.417884081602096558e-01;6.246899366378784180e-01;-2.968533709645271301e-02
1.991714984178543091e-01;-7.834083437919616699e-01;-3.308774530887603760e-01
-3.276708126068115234e-01;-2.894047796726226807e-01;2.843522727489471436e-01
-1.291805356740951538e-01;-5.036674737930297852e-01;-2.407872974872589111e-01
1.582584083080291748e-01;6.830522418022155762e-01;-3.241277635097503662e-01
1.681672930717468262e-01;2.416754812002182007e-01;1.783227324485778809e-01
-3.262527287006378174e-01;4.559761881828308105e-01;-2.518726587295532227e-01
1.745198667049407959e-01;-2.539299242198467255e-02;1.800146102905273438e-01
1.979033350944519043e-01;7.577484250068664551e-01;-3.216230571269989014e-01
-1.388498842716217041e-01;1.983231008052825928e-01;-2.919472157955169678e-01
-6.298266351222991943e-02;-5.453619956970214844e-01;1.761408597230911255e-01
-2.450670450925827026e-01;-7.818148136138916016e-01;-3.777915835380554199e-01
9.683611243963241577e-02;-6.804470717906951904e-02;1.752587258815765381e-01
-2.492938041687011719e-01;6.881635785102844238e-01;-3.441076576709747314e-01
-1.596173793077468872e-01;-4.430849850177764893e-01;-1.185257285833358765e-01
-3.340331614017486572e-01;-1.094413325190544128e-01;-2.430288940668106079e-01
2.316431328654289246e-02;2.083324939012527466e-01;-1.659573316574096680e-01
4.788765311241149902e-02;-6.591308116912841797e-01;1.154359206557273865e-01
-9.862657636404037476e-03;5.998312234878540039e-01;1.398751586675643921e-01
-1.626059710979461670e-01;7.474488615989685059e-01;4.075520336627960205e-01
1.605843752622604370e-01;-6.773527860641479492e-01;4.215689599514007568e-01
1.961769014596939087e-01;7.623626589775085449e-01;3.442716896533966064e-01
-2.863791584968566895e-01;-7.061961293220520020e-01;3.170354962348937988e-01
1.985116600990295410e-01;-6.705474853515625000e-01;-2.510024607181549072e-01
2.369843423366546631e-01;2.456185817718505859e-01;-1.781837940216064453e-01
4.026097059249877930e-02;-9.855750203132629395e-02;-1.626500189304351807e-01
3.412897884845733643e-02;2.277905344963073730e-01;2.011903226375579834e-01
-4.094123840332031250e-01;4.083194211125373840e-02;3.367650508880615234e-01
1.305926442146301270e-01;6.607662439346313477e-01;2.637799084186553955e-01
-1.267461031675338745e-01;-6.969513297080993652e-01;4.365740716457366943e-01
1.233369335532188416e-01;-6.205706596374511719e-01;2.638767659664154053e-01
-1.680375337600708008e-01;4.885488450527191162e-01;1.474011093378067017e-01
2.103285491466522217e-01;5.442481040954589844e-01;-2.188937067985534668e-01
3.762384876608848572e-02;4.992974922060966492e-02;-1.625584065914154053e-01
2.255728691816329956e-01;3.969443142414093018e-01;2.208831608295440674e-01
-2.867090106010437012e-01;2.668299973011016846e-01;2.221314907073974609e-01
-2.070292681455612183e-01;-7.136173248291015625e-01;3.378490209579467773e-01
-1.893016695976257324e-02;4.058520495891571045e-01;-1.991666108369827271e-01
-1.298501789569854736e-01;5.539363026618957520e-01;-9.123443067073822021e-02
-2.481321692466735840e-01;4.307279586791992188e-01;-4.324985444545745850e-01
-1.357316821813583374e-01;-4.252796173095703125e-01;-4.687670152634382248e-03
1.811107397079467773e-01;-6.866201758384704590e-01;4.647672474384307861e-01
-6.552762538194656372e-02;5.496661067008972168e-01;2.357769310474395752e-01
-1.036759540438652039e-01;-5.894677042961120605e-01;-1.771501898765563965e-01
-2.429390698671340942e-01;-4.361367821693420410e-01;1.857747882604598999e-01
1.894611120223999023e-01;-7.657018899917602539e-01;3.126078844070434570e-01
-8.870240300893783569e-02;6.398695111274719238e-01;-2.399041876196861267e-02
1.066932007670402527e-01;3.141584098339080811e-01;-1.647916585206985474e-01
1.892429590225219727e-01;7.298355698585510254e-01;3.020955920219421387e-01
-2.471731454133987427e-01;3.873096108436584473e-01;4.647003412246704102e-01
1.865645796060562134e-01;7.705597281455993652e-01;3.246447741985321045e-01
1.786291152238845825e-01;7.528159022331237793e-01;-2.842101454734802246e-01
6.602416932582855225e-02;-6.756880283355712891e-01;-3.445984125137329102e-01
-1.992684155702590942e-01;3.446805477142333984e-01;-1.029766127467155457e-01
-1.331633776426315308e-01;6.721580624580383301e-01;-3.306884169578552246e-01
8.382809348404407501e-03;-3.786851465702056885e-01;-1.937057822942733765e-01
4.974739253520965576e-02;6.406553983688354492e-01;-2.162591367959976196e-01
2.357674688100814819e-01;-2.662622034549713135e-01;-1.907229125499725342e-01
1.513665616512298584e-01;7.699542641639709473e-01;-2.847639024257659912e-01
-4.562149047851562500e-01;-2.628046870231628418e-01;-4.782699048519134521e-01
1.938908845186233521e-01;1.388861332088708878e-02;6.569980643689632416e-03
2.012484967708587646e-01;-4.780137538909912109e-02;8.478281088173389435e-03
1.721110641956329346e-01;-2.525447905063629150e-01;1.541401259601116180e-02
1.978971660137176514e-01;1.388282179832458496e-01;1.993499509990215302e-02
1.620366126298904419e-01;2.307998239994049072e-01;-5.949691869318485260e-03
-3.624558150768280029e-01;-2.248378284275531769e-02;4.070097804069519043e-01
1.504791080951690674e-01;-3.239457905292510986e-01;8.820801042020320892e-03
-4.156459867954254150e-01;-6.378127336502075195e-01;-4.587163627147674561e-01
-3.575113117694854736e-01;-1.982669085264205933e-01;4.030841588973999023e-01
2.461943328380584717e-01;-7.455310225486755371e-02;5.770519003272056580e-02
2.240582406520843506e-01;-7.019565254449844360e-02;-4.471152275800704956e-02
1.964928209781646729e-01;3.107744455337524414e-01;5.767712369561195374e-02
-3.368555605411529541e-01;-3.615920245647430420e-01;-4.367893636226654053e-01
2.022926956415176392e-01;-2.631853222846984863e-01;-5.170131102204322815e-02
1.463326364755630493e-01;-3.805003464221954346e-01;-3.348780050873756409e-02
2.337233275175094604e-01;-7.478986382484436035e-01;-4.225268661975860596e-01
1.329082399606704712e-01;-4.425388574600219727e-01;2.639158256351947784e-02
2.207912355661392212e-01;7.220654487609863281e-01;-4.121071100234985352e-01
-2.587137818336486816e-01;-1.574648618698120117e-01;3.577290475368499756e-01
2.069253474473953247e-01;-7.414108514785766602e-01;-4.325714409351348877e-01
-3.251511752605438232e-01;-3.907553553581237793e-01;3.870993852615356445e-01
1.330829858779907227e-01;4.052061438560485840e-01;-3.325541317462921143e-02
2.325542867183685303e-01;1.614731401205062866e-01;-7.315468043088912964e-02
2.277869284152984619e-01;-1.990197896957397461e-01;-7.127392292022705078e-02
2.309404313564300537e-01;-2.880575954914093018e-01;8.693340420722961426e-02
2.261222898960113525e-01;7.103251814842224121e-01;-4.325722754001617432e-01
2.222760021686553955e-01;7.139830589294433594e-01;-4.019155204296112061e-01
2.001803517341613770e-01;2.995962798595428467e-01;-6.627274304628372192e-02
-2.532883584499359131e-01;8.462613821029663086e-02;3.545999228954315186e-01
1.596819758415222168e-01;7.182844877243041992e-01;-4.209792613983154297e-01
2.586942315101623535e-01;1.042071804404258728e-01;1.136378347873687744e-01
-3.123262524604797363e-01;-5.073024034500122070e-01;3.835203349590301514e-01
-3.451152443885803223e-01;4.003399610519409180e-01;3.967656791210174561e-01
1.600034087896347046e-01;-4.472716450691223145e-01;-6.810724735260009766e-02
2.481693029403686523e-01;2.039602249860763550e-01;1.260856688022613525e-01
1.137539148330688477e-01;4.946455061435699463e-01;3.246060758829116821e-02
2.500810325145721436e-01;-6.649252772331237793e-02;-9.776139259338378906e-02
-2.602879405021667480e-01;-4.592158794403076172e-01;3.651663661003112793e-01
2.200189828872680664e-01;-7.391477227210998535e-01;-3.925775587558746338e-01
1.862919032573699951e-01;-7.234876751899719238e-01;-4.325707852840423584e-01
2.157256603240966797e-01;7.334721684455871582e-01;-3.831391632556915283e-01
1.465446054935455322e-01;-5.393837094306945801e-01;8.078607171773910522e-02
1.663413196802139282e-01;5.038621425628662109e-01;1.061097234487533569e-01
7.610309869050979614e-02;-7.518643736839294434e-01;-4.130979180335998535e-01
1.743022501468658447e-01;-7.616477608680725098e-01;-3.844198286533355713e-01
2.160724997520446777e-01;7.383977174758911133e-01;-3.720322251319885254e-01
1.571635901927947998e-01;4.994121491909027100e-01;-1.024471446871757507e-01
2.344084233045578003e-01;2.154877483844757080e-01;-1.345583200454711914e-01
9.101516008377075195e-02;5.820499658584594727e-01;3.979201987385749817e-02
2.523531317710876465e-01;-9.132926911115646362e-02;1.754725128412246704e-01
9.955025464296340942e-02;5.610045194625854492e-01;-5.674083158373832703e-02
1.767661273479461670e-01;5.317071676254272461e-01;1.421053707599639893e-01
1.235993281006813049e-01;5.496271848678588867e-01;-8.528103679418563843e-02
-1.846148371696472168e-01;-2.981742024421691895e-01;3.368240892887115479e-01
2.168633341789245605e-01;-7.006043791770935059e-01;-3.677601814270019531e-01
1.927729249000549316e-01;-5.296694636344909668e-01;1.616899073123931885e-01
1.987958401441574097e-01;7.504283189773559570e-01;3.738624155521392822e-01
2.250694781541824341e-01;2.967548370361328125e-01;-1.417832523584365845e-01
1.088905408978462219e-01;-6.166616678237915039e-01;6.880850344896316528e-02
-1.796972006559371948e-01;7.206189632415771484e-01;-4.325748383998870850e-01
-1.701923459768295288e-01;2.700699865818023682e-01;3.325441181659698486e-01
-4.891382753849029541e-01;2.141324132680892944e-01;4.745695590972900391e-01
-2.007891684770584106e-01;5.015186667442321777e-01;3.533234000205993652e-01
1.044644787907600403e-01;6.011341810226440430e-01;6.815844029188156128e-02
-1.713338047266006470e-01;-7.703865766525268555e-01;-4.070665240287780762e-01
2.328816652297973633e-01;-2.598834037780761719e-01;-1.493148654699325562e-01
2.080951333045959473e-01;7.478195428848266602e-01;-3.476905524730682373e-01
6.996457278728485107e-02;-6.319016218185424805e-01;-1.451997552067041397e-02
2.282020598649978638e-01;3.434524834156036377e-01;1.814422309398651123e-01
-2.541760802268981934e-01;-7.825095653533935547e-01;-3.631252944469451904e-01
1.440339386463165283e-01;6.696549057960510254e-01;-4.325732290744781494e-01
1.987405419349670410e-01;-7.603844404220581055e-01;-3.286813199520111084e-01
2.105021178722381592e-01;-6.893225908279418945e-01;3.478600382804870605e-01
-1.349459886550903320e-01;7.390240430831909180e-01;-3.982515633106231689e-01
1.507160812616348267e-01;7.283215522766113281e-01;3.657976686954498291e-01
1.492157876491546631e-01;-7.777892947196960449e-01;3.759337961673736572e-01
2.050119489431381226e-01;-7.647417783737182617e-01;3.590488135814666748e-01
-6.820175051689147949e-02;7.400156855583190918e-01;-3.707583248615264893e-01
2.179941385984420776e-01;6.354858875274658203e-01;-3.560253977775573730e-01
2.088620066642761230e-01;-4.360042214393615723e-01;-1.686812043190002441e-01
2.058118283748626709e-01;-6.612076759338378906e-01;-3.043393790721893311e-01
1.314992606639862061e-01;-6.571957468986511230e-01;-1.462513059377670288e-01
1.922840327024459839e-01;7.566468715667724609e-01;3.586768805980682373e-01
1.945594400167465210e-01;-6.084913015365600586e-01;2.269175946712493896e-01
9.604067355394363403e-02;-7.705662846565246582e-01;-3.543277084827423096e-01
1.995819360017776489e-01;6.158285140991210938e-01;2.693151831626892090e-01
2.000977396965026855e-01;5.065517425537109375e-01;-1.961266547441482544e-01
2.030488848686218262e-01;6.213989257812500000e-01;-2.815009653568267822e-01
1.179183125495910645e-01;-7.756457924842834473e-01;-3.415423035621643066e-01
-1.559468358755111694e-01;-6.302236914634704590e-01;3.530455827713012695e-01
-4.296940863132476807e-01;-7.745711803436279297e-01;-4.641146957874298096e-01
1.694955676794052124e-01;6.342740654945373535e-01;3.409427106380462646e-01
1.079917177557945251e-01;7.579853534698486328e-01;-3.077032864093780518e-01
1.880444437265396118e-01;7.644730806350708008e-01;-3.038655817508697510e-01
2.134136855602264404e-01;-5.007458925247192383e-01;2.280027866363525391e-01
6.125421822071075439e-02;-6.861519813537597656e-01;2.134775370359420776e-02
2.112903147935867310e-01;6.017786264419555664e-01;3.134481310844421387e-01
1.938631385564804077e-01;-7.284541726112365723e-01;3.020431399345397949e-01
1.736152619123458862e-01;-7.371020913124084473e-01;-2.652407288551330566e-01
