-3.788890242576599121e-01;-1.246598269790410995e-02;4.854655861854553223e-01
-3.470547795295715332e-01;6.668363697826862335e-03;3.836204409599304199e-01
-4.461874961853027344e-01;1.455471962690353394e-01;5.202326774597167969e-01
-2.509731352329254150e-01;-1.364029496908187866e-01;5.047665238380432129e-01
-2.524011433124542236e-01;1.079213842749595642e-01;4.139765799045562744e-01
-2.604501843452453613e-01;-1.579032689332962036e-01;4.174374639987945557e-01
-2.647059559822082520e-01;1.679466515779495239e-01;4.117638170719146729e-01
-2.365621775388717651e-01;1.646635085344314575e-01;4.672235548496246338e-01
-1.757877916097640991e-01;-5.217015743255615234e-02;3.883269727230072021e-01
-3.097742199897766113e-01;-2.118301689624786377e-01;3.745260536670684814e-01
2.636478245258331299e-01;-7.899203896522521973e-01;-4.254958629608154297e-01
2.617003619670867920e-01;-7.933469414710998535e-01;-4.158748686313629150e-01
2.484866082668304443e-01;-7.916975617408752441e-01;-4.228518903255462646e-01
2.558638453483581543e-01;-8.040719628334045410e-01;-3.873908817768096924e-01
2.683402895927429199e-01;-7.394441962242126465e-01;-4.344988465309143066e-01
2.539088428020477295e-01;-8.076887130737304688e-01;-3.761723637580871582e-01
2.580308020114898682e-01;-7.515859007835388184e-01;-3.666566312313079834e-01
2.491623759269714355e-01;-8.035756945610046387e-01;-3.455534577369689941e-01
1.749354302883148193e-01;-7.913824319839477539e-01;-4.240906536579132080e-01
2.327589243650436401e-01;-8.039696812629699707e-01;-3.316772878170013428e-01
2.629305720329284668e-01;-7.898772954940795898e-01;4.957878589630126953e-01
2.538367509841918945e-01;-8.092875480651855469e-01;4.462564587593078613e-01
2.523750960826873779e-01;-8.116436600685119629e-01;4.351479411125183105e-01
2.482711076736450195e-01;-8.167673349380493164e-01;4.138625860214233398e-01
1.036854088306427002e-01;-7.992714047431945801e-01;4.769443869590759277e-01
1.089178025722503662e-01;-8.113750219345092773e-01;4.250040650367736816e-01
3.258761763572692871e-02;-8.040463924407958984e-01;4.636924266815185547e-01
1.471358984708786011e-01;-6.659011244773864746e-01;2.058480381965637207e-01
2.035291939973831177e-01;-6.988823413848876953e-01;1.716862618923187256e-01
2.506367862224578857e-01;-5.320138931274414062e-01;2.689996063709259033e-01
2.573628723621368408e-01;-8.806742727756500244e-03;-1.383637487888336182e-01
1.890966147184371948e-01;-5.117196589708328247e-02;-1.465623825788497925e-01
2.797995209693908691e-01;7.492180168628692627e-02;-2.153408378362655640e-01
2.050948441028594971e-01;4.393886402249336243e-02;-3.302377462387084961e-02
1.833469718694686890e-01;4.727512598037719727e-02;-4.808332771062850952e-02
2.712450921535491943e-01;-1.439043879508972168e-01;-1.728143543004989624e-01
1.794899255037307739e-01;-1.759568750858306885e-01;-1.222312077879905701e-01
1.833311617374420166e-01;5.232699587941169739e-02;2.126598358154296875e-02
1.892916560173034668e-01;-1.199383512139320374e-01;-1.867517828941345215e-03
1.333256214857101440e-01;-1.053602620959281921e-01;2.164289355278015137e-03
-3.864126205444335938e-01;-7.955018877983093262e-01;-4.667568802833557129e-01
-2.826793491840362549e-01;-8.057981133460998535e-01;-4.391926229000091553e-01
-2.835298776626586914e-01;-6.715320348739624023e-01;-4.375021457672119141e-01
-2.223540991544723511e-01;-7.394683361053466797e-01;-4.345362782478332520e-01
-2.229270339012145996e-01;-8.121603727340698242e-01;-3.727286756038665771e-01
-3.876532614231109619e-01;-5.932636260986328125e-01;-4.488008022308349609e-01
-2.324763834476470947e-01;-6.797922849655151367e-01;-4.002056419849395752e-01
-3.228583037853240967e-01;-5.668390393257141113e-01;-3.496452271938323975e-01
-8.956858515739440918e-02;-8.011429309844970703e-01;-4.255104959011077881e-01
-1.654653996229171753e-01;-7.441790699958801270e-01;-2.650862634181976318e-01
-5.965732038021087646e-03;8.466476202011108398e-01;4.809861537069082260e-03
-1.072823256254196167e-01;8.146860003471374512e-01;-5.770714953541755676e-02
-1.293467879295349121e-01;8.049963712692260742e-01;1.638847216963768005e-02
2.831004187464714050e-02;7.329984903335571289e-01;8.749974519014358521e-02
1.179576590657234192e-01;7.608827948570251465e-01;5.343739688396453857e-02
1.301448643207550049e-01;7.457684874534606934e-01;-5.917136743664741516e-02
-2.698783203959465027e-02;6.938176155090332031e-01;-9.642736613750457764e-02
1.279594004154205322e-01;6.883577704429626465e-01;-6.601389497518539429e-02
1.246258392930030823e-01;6.497812867164611816e-01;-1.824867539107799530e-02
1.529859900474548340e-01;7.396476268768310547e-01;-1.707807481288909912e-01
-1.601783782243728638e-01;3.122604191303253174e-01;3.833194673061370850e-01
-2.381397932767868042e-01;3.018833100795745850e-01;3.343980014324188232e-01
-2.502153515815734863e-01;3.321330249309539795e-01;4.714883565902709961e-01
-2.558197081089019775e-02;2.631986439228057861e-01;3.621656894683837891e-01
-2.037173807621002197e-01;4.541981220245361328e-01;3.675027489662170410e-01
9.038731455802917480e-03;3.032929301261901855e-01;3.502282202243804932e-01
-1.199745833873748779e-01;3.603409230709075928e-01;2.210621684789657593e-01
-2.647059559822082520e-01;1.679466515779495239e-01;4.117638170719146729e-01
-2.365621775388717651e-01;1.646635085344314575e-01;4.672235548496246338e-01
-3.207981884479522705e-01;4.033028483390808105e-01;4.865614175796508789e-01
2.698655724525451660e-01;1.004673764109611511e-01;2.308120429515838623e-01
2.823137342929840088e-01;7.583357393741607666e-02;2.927744686603546143e-01
2.757105231285095215e-01;2.946761995553970337e-02;2.493581473827362061e-01
1.617083996534347534e-01;8.334488421678543091e-02;1.597362905740737915e-01
2.619719505310058594e-01;2.397932410240173340e-01;2.165548503398895264e-01
2.094163000583648682e-01;1.821041107177734375e-01;1.232707947492599487e-01
2.392408102750778198e-01;2.411020696163177490e-01;1.670204699039459229e-01
2.101996392011642456e-01;-1.575334370136260986e-02;1.185073927044868469e-01
2.300583571195602417e-01;-5.750709027051925659e-02;1.465882062911987305e-01
1.693227738142013550e-01;-6.772641092538833618e-02;1.996606886386871338e-01
-4.865770339965820312e-01;-4.325271844863891602e-01;-5.362839102745056152e-01
-3.654713034629821777e-01;-4.197710454463958740e-01;-4.389221370220184326e-01
-3.876532614231109619e-01;-5.932636260986328125e-01;-4.488008022308349609e-01
-2.588013112545013428e-01;-4.590977430343627930e-01;-4.354636967182159424e-01
-2.875865399837493896e-01;-5.206516385078430176e-01;-3.766668438911437988e-01
-2.520802915096282959e-01;-3.148933649063110352e-01;-4.351772069931030273e-01
-3.228583037853240967e-01;-5.668390393257141113e-01;-3.496452271938323975e-01
-2.998951077461242676e-01;-3.612369596958160400e-01;-3.169817030429840088e-01
-3.483949005603790283e-01;-2.056438028812408447e-01;-3.746829628944396973e-01
-2.423744648694992065e-01;-2.395317852497100830e-01;-4.349001348018646240e-01
2.375302612781524658e-01;5.683345198631286621e-01;-1.962336152791976929e-01
1.799603253602981567e-01;4.852265715599060059e-01;-2.061011791229248047e-01
2.182999402284622192e-01;4.907774925231933594e-01;-1.278846561908721924e-01
1.036843061447143555e-01;5.317282676696777344e-01;-2.029789388179779053e-01
1.413440108299255371e-01;5.142524242401123047e-01;-1.091788411140441895e-01
2.107177376747131348e-01;5.831136107444763184e-01;-4.832293093204498291e-02
1.562993526458740234e-01;4.945642650127410889e-01;-4.544641077518463135e-02
1.529860049486160278e-01;7.396476268768310547e-01;-1.707807481288909912e-01
1.742682904005050659e-01;3.813063800334930420e-01;-1.380875408649444580e-01
1.279594004154205322e-01;6.883577704429626465e-01;-6.601388752460479736e-02
2.121379971504211426e-01;6.903791427612304688e-01;1.885774135589599609e-01
1.536191105842590332e-01;6.555010080337524414e-01;8.481194823980331421e-02
2.460103929042816162e-01;6.085695028305053711e-01;2.771049737930297852e-01
1.972733139991760254e-01;6.038271784782409668e-01;5.307577550411224365e-02
1.577966362237930298e-01;5.707249641418457031e-01;7.837279140949249268e-02
1.179576590657234192e-01;7.608827948570251465e-01;5.343739688396453857e-02
8.168652653694152832e-02;5.494834780693054199e-01;2.672595381736755371e-01
2.831004559993743896e-02;7.329984903335571289e-01;8.749974519014358521e-02
1.385000199079513550e-01;5.402736663818359375e-01;5.122235417366027832e-02
1.246258318424224854e-01;6.497812867164611816e-01;-1.824867725372314453e-02
-1.393414139747619629e-01;6.826306581497192383e-01;2.148504704236984253e-01
-2.127463668584823608e-01;6.003748178482055664e-01;2.576319277286529541e-01
-8.416633307933807373e-02;5.456236004829406738e-01;2.368405610322952271e-01
-1.153718233108520508e-01;5.839883089065551758e-01;3.800573945045471191e-01
-6.886000186204910278e-02;5.165348052978515625e-01;1.329870671033859253e-01
-2.422972768545150757e-01;7.344296574592590332e-01;3.830530345439910889e-01
2.831004559993743896e-02;7.329984903335571289e-01;8.749975264072418213e-02
-1.293467879295349121e-01;8.049963712692260742e-01;1.638847589492797852e-02
-2.571150064468383789e-01;7.209753394126892090e-01;4.130534529685974121e-01
-4.291251301765441895e-03;5.609233975410461426e-01;2.565808594226837158e-02
-1.253088861703872681e-01;1.568820327520370483e-02;3.098343610763549805e-01
-5.234337598085403442e-02;2.794496715068817139e-02;3.639019429683685303e-01
-1.757877916097640991e-01;-5.217015743255615234e-02;3.883269727230072021e-01
-1.202541440725326538e-01;1.057065576314926147e-01;1.817098110914230347e-01
-2.777606248855590820e-02;-1.103506162762641907e-01;3.506471514701843262e-01
1.928541064262390137e-02;3.888890147209167480e-02;2.242499738931655884e-01
-1.432877779006958008e-01;-1.130850091576576233e-01;1.971677094697952271e-01
-2.524011433124542236e-01;1.079213842749595642e-01;4.139765799045562744e-01
-4.976416379213333130e-02;1.817598342895507812e-01;2.530754208564758301e-01
-1.396825909614562988e-02;-1.736051738262176514e-01;3.606968820095062256e-01
