-3.269610702991485596e-01;-1.031242832541465759e-01;-4.265142083168029785e-01
-3.345345556735992432e-01;-1.396053284406661987e-01;-4.038772284984588623e-01
-2.941904664039611816e-01;-1.079773083329200745e-01;4.385740160942077637e-01
-2.940036654472351074e-01;-4.556056559085845947e-01;5.013883113861083984e-01
-3.613334596157073975e-01;-3.061067163944244385e-01;4.944929480552673340e-01
-3.812926709651947021e-01;-4.022631943225860596e-01;-4.468390941619873047e-01
-2.939528226852416992e-01;-2.452659159898757935e-01;5.008986592292785645e-01
-2.961118519306182861e-01;4.103374183177947998e-01;-4.481701552867889404e-01
-3.842601776123046875e-01;9.722135961055755615e-02;4.753669202327728271e-01
1.764452457427978516e-01;-1.004509031772613525e-01;-1.058510039001703262e-02
-2.710656523704528809e-01;3.201126456260681152e-01;4.340255558490753174e-01
1.754619926214218140e-01;1.142881661653518677e-01;6.382420659065246582e-02
-2.877988517284393311e-01;5.377978086471557617e-01;4.998984634876251221e-01
1.838334649801254272e-01;2.926800847053527832e-01;7.925267517566680908e-02
1.728884428739547729e-01;-3.068752884864807129e-01;2.570126391947269440e-02
-3.001186549663543701e-01;1.313435435295104980e-01;3.832217156887054443e-01
2.151690721511840820e-01;3.103781957179307938e-03;1.293657124042510986e-01
2.135649323463439941e-01;1.117513403296470642e-01;-7.555123418569564819e-02
-4.215130805969238281e-01;-2.064249068498611450e-01;-4.734406173229217529e-01
2.492033243179321289e-01;8.180556297302246094e-01;-4.352021217346191406e-01
2.119224518537521362e-01;2.045526504516601562e-01;-7.944920659065246582e-02
-2.675893008708953857e-01;-1.701141446828842163e-01;4.015682935714721680e-01
8.067415654659271240e-02;-2.089149355888366699e-01;-3.299237461760640144e-03
2.126427292823791504e-01;2.854948639869689941e-01;1.351970881223678589e-01
2.149460315704345703e-01;-2.517157495021820068e-01;-8.571808785200119019e-02
6.891144812107086182e-02;-1.415646225214004517e-01;8.321519196033477783e-02
7.591976970434188843e-02;-2.002721279859542847e-01;6.170050799846649170e-02
-2.143610566854476929e-01;-6.275118142366409302e-02;4.570968747138977051e-01
2.482182085514068604e-01;8.188847303390502930e-01;-4.252687394618988037e-01
6.032037362456321716e-02;1.726517975330352783e-01;2.809686213731765747e-02
7.129828631877899170e-02;3.198039233684539795e-01;3.908631950616836548e-02
2.474495172500610352e-01;8.208080530166625977e-01;4.787339568138122559e-01
-2.072094529867172241e-01;-3.339614570140838623e-01;3.431861996650695801e-01
2.100438475608825684e-01;-3.655277192592620850e-01;1.331743896007537842e-01
2.320445477962493896e-01;-1.334107816219329834e-01;1.647652089595794678e-01
-4.195866286754608154e-01;2.749489434063434601e-02;5.395550131797790527e-01
2.487617433071136475e-01;-7.757877707481384277e-01;-4.361824989318847656e-01
6.371779739856719971e-02;6.053234264254570007e-02;-1.202732622623443604e-01
2.135339379310607910e-01;-3.702468276023864746e-01;-8.762457221746444702e-02
-1.524461209774017334e-01;-1.219176501035690308e-01;2.778288424015045166e-01
-1.402563601732254028e-01;2.417308539152145386e-01;3.244990408420562744e-01
-2.095884829759597778e-01;1.897592246532440186e-01;3.069862127304077148e-01
-3.732820749282836914e-01;-4.341582357883453369e-01;4.685376286506652832e-01
2.307447642087936401e-01;-2.157696336507797241e-01;-1.147334501147270203e-01
7.989742606878280640e-02;4.310172796249389648e-01;-2.369905821979045868e-02
2.028340250253677368e-01;4.987886250019073486e-01;-7.049971073865890503e-02
-1.434232145547866821e-01;2.560000419616699219e-01;-3.167943358421325684e-01
1.812912523746490479e-01;-5.263731479644775391e-01;2.754298038780689240e-02
-2.000064104795455933e-01;8.685995638370513916e-02;-2.327065020799636841e-01
-4.049222469329833984e-01;-5.773531794548034668e-01;-4.542557001113891602e-01
3.251038119196891785e-02;1.561357229948043823e-01;1.546620428562164307e-01
2.103240191936492920e-01;4.698224067687988281e-01;1.382332742214202881e-01
2.453792393207550049e-01;-7.812294363975524902e-01;4.811558425426483154e-01
-3.563416898250579834e-01;6.875336766242980957e-01;-4.453713893890380859e-01
1.043152734637260437e-01;4.759012162685394287e-01;1.151597574353218079e-01
-2.399610430002212524e-01;-1.726387739181518555e-01;3.189373910427093506e-01
2.405707258731126785e-03;-1.648747324943542480e-01;1.166867986321449280e-01
8.731029927730560303e-02;5.515456199645996094e-01;7.259716838598251343e-02
-3.104321360588073730e-01;-6.410214304924011230e-01;-3.938472270965576172e-01
-1.221413025632500648e-03;8.135916292667388916e-02;-5.630491673946380615e-02
-2.256523519754409790e-01;6.328434348106384277e-01;4.590850770473480225e-01
-3.136652410030364990e-01;-3.425357937812805176e-01;-3.238922655582427979e-01
-4.688915610313415527e-01;5.037042498588562012e-01;-4.900052547454833984e-01
9.670351445674896240e-02;-8.319240808486938477e-02;-1.573653370141983032e-01
-2.855205237865447998e-01;-6.510877609252929688e-01;4.030917882919311523e-01
-1.306523084640502930e-01;4.016687273979187012e-01;-2.664875388145446777e-01
1.784210056066513062e-01;5.507425591349601746e-02;-1.526483744382858276e-01
-1.105486080050468445e-01;-1.589599549770355225e-01;-1.743207871913909912e-01
-3.642409741878509521e-01;-4.751976728439331055e-01;-3.847842812538146973e-01
2.289338558912277222e-01;-7.667083144187927246e-01;-4.082985520362854004e-01
-2.166192829608917236e-01;2.535575330257415771e-01;-4.450789690017700195e-01
3.568928688764572144e-02;-7.527377456426620483e-02;-1.949802190065383911e-01
-2.083705663681030273e-01;5.495811700820922852e-01;-3.996915817260742188e-01
-2.564440071582794189e-01;6.242751479148864746e-01;-3.295642733573913574e-01
-1.060702651739120483e-01;-2.280043959617614746e-01;-1.507265269756317139e-01
-4.374779760837554932e-01;-5.078473091125488281e-01;5.378593206405639648e-01
-1.526657938957214355e-01;4.921109974384307861e-01;3.128551840782165527e-01
2.385244071483612061e-01;-7.932801246643066406e-01;-3.870485723018646240e-01
-1.984533816576004028e-01;-3.497875034809112549e-01;-3.997329473495483398e-01
9.768158197402954102e-02;5.415007099509239197e-02;2.294887900352478027e-01
2.231905907392501831e-01;-4.777842164039611816e-01;-1.307440847158432007e-01
7.749000191688537598e-02;6.359736323356628418e-01;4.658326879143714905e-02
1.204980462789535522e-01;6.009662151336669922e-01;-8.502249419689178467e-02
3.625974059104919434e-02;-4.504567682743072510e-01;-9.900711476802825928e-02
2.377970218658447266e-01;8.360236287117004395e-01;4.234210252761840820e-01
2.328116148710250854e-01;8.073090314865112305e-01;4.582684636116027832e-01
2.512154877185821533e-01;-7.498511672019958496e-01;4.979265928268432617e-01
2.219957113265991211e-01;-5.009087324142456055e-01;1.837670654058456421e-01
-1.826507411897182465e-02;-4.047829806804656982e-01;-4.353587981313467026e-03
2.276163995265960693e-01;8.102458715438842773e-01;4.437333047389984131e-01
-1.112344190478324890e-01;2.469737976789474487e-01;-1.517043858766555786e-01
2.379832267761230469e-01;-7.947012782096862793e-01;-3.772154748439788818e-01
-1.636625826358795166e-01;-6.291510164737701416e-02;-3.962902426719665527e-01
-1.333725750446319580e-01;4.175436496734619141e-01;2.454163730144500732e-01
2.191065847873687744e-01;5.888592004776000977e-01;-1.332234740257263184e-01
-2.920353114604949951e-01;-7.899674773216247559e-01;5.020841360092163086e-01
9.172434359788894653e-02;-2.048216313123703003e-01;2.282311618328094482e-01
-1.239292975515127182e-02;-5.091561675071716309e-01;7.732180505990982056e-02
-2.458614408969879150e-01;-7.030854225158691406e-01;4.981578588485717773e-01
1.781515032052993774e-01;2.304680794477462769e-01;-1.733903288841247559e-01
2.006101757287979126e-01;7.706025838851928711e-01;4.979284107685089111e-01
2.403197288513183594e-01;-3.420697748661041260e-01;2.156519591808319092e-01
2.370704561471939087e-01;8.341758251190185547e-01;-3.710663318634033203e-01
2.109690159559249878e-01;7.789131999015808105e-01;-4.280280172824859619e-01
-5.188009142875671387e-01;4.398115873336791992e-01;-5.309863686561584473e-01
-3.009380102157592773e-01;-4.539709389209747314e-01;3.386479318141937256e-01
-1.885081976652145386e-01;-5.081997513771057129e-01;-2.226940393447875977e-01
1.491975039243698120e-01;8.120783567428588867e-01;4.979254305362701416e-01
-4.071902483701705933e-02;-3.216110467910766602e-01;4.815576598048210144e-02
2.372051775455474854e-01;-7.975135445594787598e-01;4.289405047893524170e-01
-8.440326899290084839e-02;4.967174232006072998e-01;2.469143867492675781e-01
-1.347290724515914917e-01;1.264574676752090454e-01;1.729485094547271729e-01
2.352209091186523438e-01;8.372922539710998535e-01;-3.608596622943878174e-01
-2.355530485510826111e-02;5.799819827079772949e-01;5.615315586328506470e-02
-9.699996560811996460e-02;4.866761863231658936e-01;-1.613084822893142700e-01
-1.432037353515625000e-02;-1.460415869951248169e-01;3.096131980419158936e-01
-3.917749226093292236e-01;-1.118581667542457581e-01;-3.438931703567504883e-01
-6.827111542224884033e-02;4.360163211822509766e-01;-9.134600311517715454e-02
-1.838167607784271240e-01;-4.192388653755187988e-01;2.373587787151336670e-01
8.721546083688735962e-02;-7.851681709289550781e-01;4.706821739673614502e-01
1.606421768665313721e-01;-3.786623179912567139e-01;2.245830148458480835e-01
-9.831989556550979614e-02;-1.057549417018890381e-01;-9.505893290042877197e-02
-2.480675280094146729e-01;4.548642039299011230e-01;2.902045249938964844e-01
-4.107862114906311035e-01;5.186561346054077148e-01;-4.018590450286865234e-01
-2.047451436519622803e-01;-7.894839644432067871e-01;-4.449946880340576172e-01
4.486307129263877869e-02;-5.385433435440063477e-01;-1.395099759101867676e-01
6.427794694900512695e-02;7.204577326774597168e-01;-5.886202678084373474e-03
2.025704681873321533e-01;-6.557410359382629395e-01;1.371009796857833862e-01
-2.448982000350952148e-02;-1.050401553511619568e-01;-2.917101681232452393e-01
-2.228379547595977783e-01;8.891422301530838013e-02;-1.953527331352233887e-01
-2.275795489549636841e-01;7.748451828956604004e-01;4.324866831302642822e-01
-3.498817980289459229e-01;-6.252762079238891602e-01;4.014479219913482666e-01
2.282960265874862671e-01;8.340851068496704102e-01;4.071115255355834961e-01
-1.660229265689849854e-01;3.729830086231231689e-01;4.470975697040557861e-01
2.331844568252563477e-01;5.415283441543579102e-01;2.270662933588027954e-01
2.104376852512359619e-01;-6.484879255294799805e-01;-1.202040538191795349e-01
2.552978694438934326e-01;2.385675162076950073e-01;-1.910231858491897583e-01
2.342349439859390259e-01;-7.998465895652770996e-01;-3.554370105266571045e-01
1.144505813717842102e-01;5.483869910240173340e-01;2.287936806678771973e-01
1.179599687457084656e-01;7.088963389396667480e-01;1.234189718961715698e-01
2.328065335750579834e-01;8.412662148475646973e-01;-3.444466292858123779e-01
3.838589787483215332e-02;-6.178399324417114258e-01;1.709013283252716064e-01
2.341580092906951904e-01;-8.021751046180725098e-01;4.073598086833953857e-01
-4.042400419712066650e-01;-7.798265814781188965e-01;-4.779755175113677979e-01
-6.066079717129468918e-03;6.880167126655578613e-02;-2.895942628383636475e-01
5.478508770465850830e-02;1.375515311956405640e-01;2.893582582473754883e-01
-2.364680171012878418e-01;1.837590932846069336e-01;2.360539585351943970e-01
-1.452873796224594116e-01;-2.472728788852691650e-01;1.800520867109298706e-01
7.132814079523086548e-02;-5.121501684188842773e-01;-1.825239211320877075e-01
-3.003211319446563721e-01;-5.061523914337158203e-01;-2.754843235015869141e-01
1.658444404602050781e-01;8.364222049713134766e-01;-3.581133186817169189e-01
-1.542250066995620728e-01;3.905240595340728760e-01;1.741773784160614014e-01
-4.121471047401428223e-01;5.917385816574096680e-01;4.592525064945220947e-01
-1.513995677232742310e-01;-5.030323266983032227e-01;2.068130820989608765e-01
5.831772834062576294e-02;6.288332939147949219e-01;-1.758227050304412842e-01
2.585965991020202637e-01;2.229249328374862671e-01;2.525630295276641846e-01
1.804495789110660553e-02;7.632729411125183105e-01;-3.368166834115982056e-02
-1.489016711711883545e-01;-4.386405646800994873e-01;-1.203916370868682861e-01
2.487824261188507080e-01;-6.979461908340454102e-01;4.471121728420257568e-01
1.924289017915725708e-01;5.341069772839546204e-02;2.727744579315185547e-01
-1.269953250885009766e-01;-1.006787642836570740e-01;4.506370127201080322e-01
-1.799640208482742310e-01;4.981648549437522888e-02;-4.450962543487548828e-01
-3.906420767307281494e-01;-7.137433290481567383e-01;-4.256915748119354248e-01
-3.273478150367736816e-02;-7.911817431449890137e-01;-3.928082287311553955e-01
-1.367758512496948242e-01;-6.706737279891967773e-01;-3.018338084220886230e-01
-3.187007606029510498e-01;-7.193825840950012207e-01;-3.353302776813507080e-01
-4.206312894821166992e-01;6.588739752769470215e-01;-4.441605508327484131e-01
1.909898072481155396e-01;-2.374695390462875366e-01;-2.124711722135543823e-01
2.655957043170928955e-01;9.520375728607177734e-02;-2.258790731430053711e-01
2.566022276878356934e-01;-2.612483799457550049e-01;-2.100870162248611450e-01
-1.427872572094202042e-02;-7.901330590248107910e-01;1.677239686250686646e-02
-3.299223631620407104e-02;-4.898148179054260254e-01;-2.711583673954010010e-01
-3.348978459835052490e-01;3.001820147037506104e-01;3.154525458812713623e-01
5.953259393572807312e-02;4.741001427173614502e-01;-2.319512069225311279e-01
2.293814867734909058e-01;-6.952751278877258301e-01;-2.489186972379684448e-01
-2.177165001630783081e-01;-8.003212809562683105e-01;4.221731126308441162e-01
1.640335172414779663e-01;5.986187458038330078e-01;-2.253270447254180908e-01
-1.569235175848007202e-01;5.559030175209045410e-01;1.676399558782577515e-01
2.290717363357543945e-01;8.490851521492004395e-01;3.746047914028167725e-01
1.653826087713241577e-01;-7.153711915016174316e-01;-3.881676793098449707e-01
1.899373829364776611e-01;7.793501019477844238e-01;9.165938943624496460e-02
-1.441338360309600830e-01;7.636096477508544922e-01;4.634890258312225342e-01
2.291336804628372192e-01;-8.113873600959777832e-01;3.751605153083801270e-01
-6.594423204660415649e-02;-7.435822859406471252e-03;3.981807827949523926e-01
-5.267789959907531738e-01;4.476329088211059570e-01;6.245635747909545898e-01
9.743594378232955933e-02;-7.670419216156005859e-01;-4.953460022807121277e-02
-2.551037967205047607e-01;8.376663327217102051e-01;-3.609460592269897461e-01
-3.413374125957489014e-01;3.964658379554748535e-01;-2.807425856590270996e-01
1.810596883296966553e-01;7.649006843566894531e-01;3.645415604114532471e-01
-2.458058297634124756e-01;-7.311622053384780884e-02;2.313283532857894897e-01
-3.686396777629852295e-01;-2.998526394367218018e-01;-3.089875876903533936e-01
1.009108051657676697e-01;-4.475773274898529053e-01;-2.388132065534591675e-01
3.661667928099632263e-02;-8.468433022499084473e-01;-3.345727175474166870e-02
1.079236418008804321e-01;-7.922750115394592285e-01;4.581264033913612366e-02
2.266768217086791992e-01;8.509683609008789062e-01;-3.112964630126953125e-01
1.913026571273803711e-01;-2.172591537237167358e-01;2.854535877704620361e-01
2.655499614775180817e-02;-7.725459933280944824e-01;1.685668081045150757e-01
3.273530304431915283e-02;-6.863938570022583008e-01;2.413520365953445435e-01
-1.074924916028976440e-01;2.788369357585906982e-01;-3.896195590496063232e-01
-5.128866434097290039e-01;-4.781569242477416992e-01;-5.557032227516174316e-01
-3.779781460762023926e-01;-5.184352993965148926e-01;-4.669956862926483154e-01
-2.757496535778045654e-01;-6.737514585256576538e-02;-4.460800290107727051e-01
-2.713068723678588867e-01;3.298514485359191895e-01;-4.459974467754364014e-01
-2.636236250400543213e-01;-2.221518307924270630e-01;-4.456400573253631592e-01
-2.777193188667297363e-01;-1.005038712173700333e-02;4.110853672027587891e-01
1.729068160057067871e-01;5.964042246341705322e-02;8.414644747972488403e-02
-3.466070592403411865e-01;-5.830280184745788574e-01;-4.582979083061218262e-01
-3.155798912048339844e-01;2.745225429534912109e-01;4.249306321144104004e-01
1.212732046842575073e-01;-2.247641421854496002e-02;-4.138884600251913071e-03
1.462647169828414917e-01;1.308068912476301193e-02;-3.738145157694816589e-02
1.940442323684692383e-01;4.342485684901475906e-03;1.107335388660430908e-01
1.191188246011734009e-01;1.157396286725997925e-01;1.060012448579072952e-02
2.543226182460784912e-01;8.164069056510925293e-01;-4.451300203800201416e-01
1.245022639632225037e-01;-2.346434444189071655e-01;2.626235410571098328e-02
1.387010663747787476e-01;-2.109720259904861450e-01;-3.431448340415954590e-02
1.216369122266769409e-01;2.943221926689147949e-01;2.195582725107669830e-02
1.298979669809341431e-01;3.143797516822814941e-01;-2.517140842974185944e-02
1.266860067844390869e-01;-3.436672985553741455e-01;3.488134592771530151e-02
-2.681207954883575439e-01;-4.640411138534545898e-01;4.044636189937591553e-01
1.179053932428359985e-01;-3.105964958667755127e-01;-1.431087311357259750e-02
1.460070908069610596e-01;3.969586789608001709e-01;5.980269983410835266e-02
-2.541208267211914062e-01;1.764935255050659180e-01;-4.454356431961059570e-01
1.945987194776535034e-01;-1.835903674364089966e-01;-8.467494696378707886e-02
-2.659404575824737549e-01;4.875216186046600342e-01;4.018035531044006348e-01
1.251989006996154785e-01;3.987099826335906982e-01;-2.707899548113346100e-02
-1.516736447811126709e-01;1.640756726264953613e-01;3.708516359329223633e-01
-1.909753382205963135e-01;-2.949196994304656982e-01;3.787924647331237793e-01
2.504140436649322510e-01;8.203336596488952637e-01;-4.235891699790954590e-01
1.580154597759246826e-01;-3.643674552440643311e-01;-6.065717712044715881e-02
2.005168199539184570e-01;2.658526599407196045e-01;-9.672088176012039185e-02
1.907148361206054688e-01;-3.802624344825744629e-01;1.193711683154106140e-01
2.212229818105697632e-01;-2.177888751029968262e-01;1.553856879472732544e-01
-1.487807482481002808e-01;-1.482099890708923340e-01;3.715124130249023438e-01
2.545382976531982422e-01;-7.713924646377563477e-01;-4.451300799846649170e-01
2.360713332891464233e-01;-5.454215779900550842e-02;1.724621802568435669e-01
2.218906432390213013e-01;8.177039623260498047e-01;-4.314730465412139893e-01
2.237296998500823975e-01;-7.711036205291748047e-01;-4.451306760311126709e-01
-3.205156922340393066e-01;-5.121210217475891113e-01;4.219821095466613770e-01
1.623740196228027344e-01;-4.495125412940979004e-01;-7.337973266839981079e-02
1.143082380294799805e-01;5.386010408401489258e-01;2.132295630872249603e-02
1.917890459299087524e-01;4.477509856224060059e-01;-1.071306690573692322e-01
2.504394650459289551e-01;8.241505622863769531e-01;-4.052411019802093506e-01
-2.876373827457427979e-01;-6.313360929489135742e-01;4.066493511199951172e-01
2.403002530336380005e-01;1.744974106550216675e-01;1.880293637514114380e-01
1.834338605403900146e-01;8.138484358787536621e-01;-4.451295137405395508e-01
1.140430197119712830e-01;-5.426244139671325684e-01;-1.548947766423225403e-02
2.263785004615783691e-01;3.684917986392974854e-01;1.773921251296997070e-01
1.426110267639160156e-01;5.935553908348083496e-01;7.005127519369125366e-02
2.403021603822708130e-01;-9.231491386890411377e-02;-1.476252973079681396e-01
2.484398782253265381e-01;-7.897817492485046387e-01;-3.994354307651519775e-01
-3.409879803657531738e-01;6.412106156349182129e-01;4.286977052688598633e-01
2.139959931373596191e-01;4.208541512489318848e-01;-1.367998570203781128e-01
2.515853941440582275e-01;-7.404852509498596191e-01;-4.219390451908111572e-01
-8.835150301456451416e-02;-9.518913924694061279e-02;3.599244654178619385e-01
2.353339791297912598e-01;2.754798531532287598e-01;-1.516567170619964600e-01
1.545204371213912964e-01;8.207485079765319824e-01;-4.213473498821258545e-01
-2.401106059551239014e-02;-7.817854285240173340e-01;-4.451353847980499268e-01
1.243987232446670532e-01;6.361688971519470215e-01;-4.943630844354629517e-02
2.555531263351440430e-01;2.964844368398189545e-02;2.231720089912414551e-01
1.254127472639083862e-01;8.274555206298828125e-01;-3.959818482398986816e-01
-2.712662220001220703e-01;-7.915359139442443848e-01;-4.458889067173004150e-01
1.959949582815170288e-01;-5.928972959518432617e-01;1.580381691455841064e-01
1.669727712869644165e-01;-7.892538905143737793e-01;-3.960072398185729980e-01
2.396235764026641846e-01;-7.803978919982910156e-01;-3.754342794418334961e-01
2.347167730331420898e-01;8.327591419219970703e-01;-3.749644160270690918e-01
7.718054205179214478e-02;-7.855970263481140137e-01;-4.118974208831787109e-01
-2.267284095287322998e-01;8.275108933448791504e-01;-4.459283351898193359e-01
2.403952032327651978e-01;-2.536325156688690186e-01;-1.689497679471969604e-01
1.696676760911941528e-01;-6.426797509193420410e-01;1.203206852078437805e-01
1.293627321720123291e-01;6.810230016708374023e-01;-6.618084013462066650e-02
1.926244944334030151e-01;6.095928549766540527e-01;-1.413402259349822998e-01
-2.281042933464050293e-01;-3.619056940078735352e-01;-4.450193643569946289e-01
-4.575463831424713135e-01;-3.489297330379486084e-01;4.905484020709991455e-01
2.368132621049880981e-01;-4.186168313026428223e-01;2.308606654405593872e-01
2.270220071077346802e-01;-4.446846246719360352e-01;-1.847379058599472046e-01
-5.203849077224731445e-02;2.034714221954345703e-01;3.576493561267852783e-01
1.049361824989318848e-01;-6.977481842041015625e-01;3.153521195054054260e-02
-8.930786699056625366e-02;-3.698545694351196289e-01;3.634209632873535156e-01
2.279074490070343018e-01;5.720484852790832520e-01;2.324049621820449829e-01
2.501065433025360107e-01;-7.085417509078979492e-01;-4.056302905082702637e-01
9.535859525203704834e-02;-7.135844230651855469e-01;8.672598749399185181e-03
2.360538244247436523e-01;8.450237512588500977e-01;-3.344318568706512451e-01
1.928495317697525024e-01;6.901408433914184570e-01;-1.712430715560913086e-01
2.084605544805526733e-01;-6.709696054458618164e-01;2.095709741115570068e-01
2.433954477310180664e-01;4.594777226448059082e-01;2.560106515884399414e-01
3.384099900722503662e-02;8.220828771591186523e-01;-4.201259613037109375e-01
-1.147698760032653809e-01;6.659322381019592285e-01;3.739604353904724121e-01
2.310622930526733398e-01;6.321702599525451660e-01;2.709712982177734375e-01
1.941498219966888428e-01;-6.540166139602661133e-01;-1.741087883710861206e-01
1.441899836063385010e-01;7.628520727157592773e-01;9.980343282222747803e-02
1.035468503832817078e-01;7.847182750701904297e-01;4.558305069804191589e-02
2.373103350400924683e-01;7.297797799110412598e-01;-3.275814950466156006e-01
-3.789896965026855469e-01;-7.785428762435913086e-01;4.322578012943267822e-01
2.369925677776336670e-01;7.944599986076354980e-01;3.802311420440673828e-01
2.583629190921783447e-01;-2.270547896623611450e-01;2.645589709281921387e-01
9.834975004196166992e-02;-7.499858736991882324e-01;-4.436539486050605774e-02
-8.926381357014179230e-03;8.749666810035705566e-01;2.898053266108036041e-02
-3.868229314684867859e-02;-8.264831900596618652e-01;1.522906590253114700e-02
2.377684712409973145e-01;-7.155919075012207031e-01;3.726488351821899414e-01
-1.863935589790344238e-02;8.718677759170532227e-01;-3.136594081297516823e-03
