2.055064886808395386e-01;7.284380197525024414e-01;3.553891479969024658e-01
2.053736448287963867e-01;7.095429301261901855e-01;4.178446233272552490e-01
1.277567893266677856e-01;7.095357775688171387e-01;4.535206556320190430e-01
2.187690883874893188e-01;7.189881801605224609e-01;4.367681443691253662e-01
2.031682282686233521e-01;7.458143234252929688e-01;3.708840608596801758e-01
2.008573859930038452e-01;7.492386102676391602e-01;3.630204796791076660e-01
1.898696273565292358e-01;7.541763782501220703e-01;3.502545356750488281e-01
1.832664310932159424e-01;7.454388141632080078e-01;3.379468917846679688e-01
2.149163335561752319e-01;7.296943664550781250e-01;4.128463566303253174e-01
2.102520465850830078e-01;7.375198602676391602e-01;3.925259709358215332e-01
1.651796996593475342e-01;-7.453763484954833984e-01;3.546802997589111328e-01
1.382189244031906128e-01;-7.155497670173645020e-01;3.555890917778015137e-01
1.954059898853302002e-01;-7.493515610694885254e-01;3.469662964344024658e-01
2.091578394174575806e-01;-7.312707304954528809e-01;3.930420279502868652e-01
2.030892968177795410e-01;-7.399997115135192871e-01;3.729311525821685791e-01
1.771367192268371582e-01;-7.208361029624938965e-01;3.592551648616790771e-01
1.984307914972305298e-01;-7.033519148826599121e-01;4.075969457626342773e-01
1.038326919078826904e-01;-7.018322348594665527e-01;4.535196721553802490e-01
2.203186452388763428e-01;-7.016846537590026855e-01;4.535211026668548584e-01
2.207251042127609253e-01;-6.446056365966796875e-01;4.535221457481384277e-01
-1.741110831499099731e-01;4.629766345024108887e-01;-3.334160447120666504e-01
-3.611135780811309814e-01;5.838075876235961914e-01;-4.315968751907348633e-01
-2.880551517009735107e-01;6.707303524017333984e-01;-3.168098032474517822e-01
-2.485464066267013550e-01;6.048457622528076172e-01;-4.197808802127838135e-01
-1.722089499235153198e-01;7.191075682640075684e-01;-4.199329614639282227e-01
-1.151940599083900452e-01;7.288990616798400879e-01;-4.199311733245849609e-01
-1.269139200448989868e-01;6.719367504119873047e-01;-3.207589089870452881e-01
-6.368166208267211914e-02;7.379879355430603027e-01;-3.597621023654937744e-01
7.478629052639007568e-02;7.205057144165039062e-01;-3.947950303554534912e-01
9.931768476963043213e-02;7.230346798896789551e-01;-3.880646824836730957e-01
-4.826302528381347656e-01;-2.798914909362792969e-01;4.677483141422271729e-01
-4.236386418342590332e-01;-6.421618908643722534e-02;4.796756505966186523e-01
-4.163161814212799072e-01;-3.459513485431671143e-01;4.691911041736602783e-01
-3.949148058891296387e-01;-2.038228511810302734e-01;4.408396780490875244e-01
-3.452894091606140137e-01;-1.753162741661071777e-01;3.934796154499053955e-01
-2.758272290229797363e-01;-2.281525433063507080e-01;3.309843242168426514e-01
-2.338214218616485596e-01;-8.718322217464447021e-02;3.404009044170379639e-01
-4.535786211490631104e-01;2.019720524549484253e-02;4.499637484550476074e-01
-2.471954524517059326e-01;3.285492956638336182e-02;3.501352369785308838e-01
-2.438410222530364990e-01;1.000457480549812317e-01;3.462861180305480957e-01
2.141094207763671875e-01;-7.218441367149353027e-01;-3.812005519866943359e-01
2.077019363641738892e-01;-7.205067873001098633e-01;-3.855271935462951660e-01
1.961542516946792603e-01;-7.224694490432739258e-01;-3.188052475452423096e-01
1.997172981500625610e-01;-6.719289422035217285e-01;-4.199295938014984131e-01
1.857501715421676636e-01;-6.757218837738037109e-01;-4.199292361736297607e-01
2.008905559778213501e-01;-6.989038586616516113e-01;-3.869574964046478271e-01
2.136609405279159546e-01;-6.713957786560058594e-01;-3.577302694320678711e-01
2.066363990306854248e-01;-6.828001737594604492e-01;-3.240886628627777100e-01
2.196085602045059204e-01;-6.745477914810180664e-01;-4.015857875347137451e-01
2.187403440475463867e-01;-6.452913880348205566e-01;-3.828968107700347900e-01
2.512237131595611572e-01;-1.036638319492340088e-01;-1.060257852077484131e-02
2.502206563949584961e-01;-1.120626330375671387e-01;4.697568714618682861e-02
2.080887109041213989e-01;-7.659029215574264526e-02;2.275223284959793091e-02
1.938811093568801880e-01;-3.115827217698097229e-02;-1.264345645904541016e-02
2.062450051307678223e-01;-2.496867440640926361e-03;-2.596239745616912842e-02
1.673613935708999634e-01;-5.482490360736846924e-02;1.400748640298843384e-01
2.549523413181304932e-01;-9.441946633160114288e-03;7.921250164508819580e-02
2.550417482852935791e-01;-1.180574856698513031e-02;1.442103683948516846e-01
2.377825677394866943e-01;1.269381940364837646e-01;5.837164074182510376e-02
1.766028255224227905e-01;7.630290836095809937e-02;1.807977706193923950e-01
-4.509220421314239502e-01;7.362398505210876465e-01;5.045992136001586914e-01
-3.332233428955078125e-01;4.073548018932342529e-01;3.873293399810791016e-01
-2.866638302803039551e-01;4.208680093288421631e-01;3.643348515033721924e-01
-3.144022822380065918e-01;3.952773213386535645e-01;4.559895694255828857e-01
-3.287450671195983887e-01;5.460347533226013184e-01;4.583842754364013672e-01
-2.539794743061065674e-01;6.792165637016296387e-01;3.423218429088592529e-01
-2.660910487174987793e-01;6.690901517868041992e-01;3.681868612766265869e-01
-2.439114600419998169e-01;3.467862606048583984e-01;3.501883149147033691e-01
-2.051628232002258301e-01;6.044159531593322754e-01;4.535104334354400635e-01
-6.914576888084411621e-02;7.191048264503479004e-01;4.535188674926757812e-01
-4.592345356941223145e-01;-6.148533821105957031e-01;4.958355128765106201e-01
-3.053046166896820068e-01;-6.711723208427429199e-01;4.555856883525848389e-01
-4.619126915931701660e-01;-5.273959636688232422e-01;4.744410812854766846e-01
-3.762672245502471924e-01;-4.474760890007019043e-01;4.018427729606628418e-01
-3.908368051052093506e-01;-4.320682287216186523e-01;4.136061370372772217e-01
-2.762111723423004150e-01;-5.844621658325195312e-01;3.689016401767730713e-01
-3.018833100795745850e-01;-5.972369909286499023e-01;4.548934102058410645e-01
-3.013072311878204346e-01;-4.761247932910919189e-01;3.744366168975830078e-01
-4.163161814212799072e-01;-3.459513485431671143e-01;4.691911041736602783e-01
-2.367533296346664429e-01;-6.125975251197814941e-01;3.269763886928558350e-01
-2.533437609672546387e-01;2.604398131370544434e-02;-3.752250373363494873e-01
-4.326574504375457764e-01;2.342689335346221924e-01;-4.537208378314971924e-01
-3.331184685230255127e-01;2.359028607606887817e-01;-4.254810214042663574e-01
-3.417466580867767334e-01;2.618286311626434326e-01;-4.085543751716613770e-01
-2.360714823007583618e-01;2.530096471309661865e-01;-3.728065192699432373e-01
-1.074497997760772705e-01;2.513299882411956787e-01;-2.481816560029983521e-01
-3.563029766082763672e-01;4.267666637897491455e-01;-4.304855465888977051e-01
-2.224291265010833740e-01;3.916834294795989990e-01;-3.776803612709045410e-01
-1.741110831499099731e-01;4.629766345024108887e-01;-3.334160447120666504e-01
-1.615971773862838745e-01;3.759017884731292725e-01;-1.828856021165847778e-01
2.044541686773300171e-01;6.227014660835266113e-01;-2.587406337261199951e-01
1.914596259593963623e-01;6.090684533119201660e-01;-2.393486350774765015e-01
1.980452388525009155e-01;7.110471129417419434e-01;-3.703361153602600098e-01
1.938733309507369995e-01;7.229879498481750488e-01;-3.522684574127197266e-01
2.006966620683670044e-01;7.485160827636718750e-01;-3.279622197151184082e-01
1.953393369913101196e-01;7.552486062049865723e-01;-3.119348883628845215e-01
1.871300935745239258e-01;7.600956559181213379e-01;-2.990761101245880127e-01
1.686483770608901978e-01;6.684103012084960938e-01;-2.239406853914260864e-01
2.171342372894287109e-01;6.715161204338073730e-01;-3.659767210483551025e-01
2.113677859306335449e-01;7.513263225555419922e-01;-3.234307765960693359e-01
1.120501533150672913e-01;-4.718542695045471191e-01;1.585746109485626221e-01
9.674610197544097900e-02;-4.218829274177551270e-01;8.608054369688034058e-02
1.277759224176406860e-01;-4.815957248210906982e-01;4.629494249820709229e-02
1.681908965110778809e-01;-4.144580066204071045e-01;6.750532239675521851e-02
1.937907636165618896e-01;-4.085437655448913574e-01;-2.015727758407592773e-02
2.189454138278961182e-01;-3.774960935115814209e-01;1.335802972316741943e-01
2.009065449237823486e-01;-4.961193501949310303e-01;1.920437514781951904e-01
2.199752181768417358e-01;-3.828297555446624756e-01;1.887249350547790527e-01
1.872052550315856934e-01;-2.624498307704925537e-01;3.569635748863220215e-02
2.451122701168060303e-01;-2.049262076616287231e-01;1.189663857221603394e-01
-3.184230029582977295e-01;1.736439317464828491e-01;3.339557349681854248e-01
-3.144022822380065918e-01;3.952773213386535645e-01;4.559895694255828857e-01
-2.281730771064758301e-01;1.728947758674621582e-01;3.435413241386413574e-01
-2.577655315399169922e-01;1.541980952024459839e-01;3.473145663738250732e-01
-2.439114600419998169e-01;3.467862606048583984e-01;3.501883149147033691e-01
-3.332233428955078125e-01;4.073548018932342529e-01;3.873293399810791016e-01
-3.287450671195983887e-01;5.460347533226013184e-01;4.583842754364013672e-01
-2.866638302803039551e-01;4.208680093288421631e-01;3.643348515033721924e-01
-1.495318412780761719e-01;4.243251979351043701e-01;2.735244333744049072e-01
-2.051628232002258301e-01;6.044159531593322754e-01;4.535104334354400635e-01
1.638868451118469238e-01;2.633441388607025146e-01;-1.401416659355163574e-01
1.637950092554092407e-01;2.550868093967437744e-01;1.388946175575256348e-02
2.459782510995864868e-01;1.465161293745040894e-01;-1.302137523889541626e-01
2.257331907749176025e-01;2.212774306535720825e-01;-7.773373275995254517e-02
2.308726012706756592e-01;2.274236530065536499e-01;-1.298500597476959229e-01
2.206850200891494751e-01;2.728497385978698730e-01;-9.231720864772796631e-02
2.291488349437713623e-01;2.420340329408645630e-01;-2.153217792510986328e-05
1.446475088596343994e-01;4.322968721389770508e-01;-1.933517754077911377e-01
5.007273703813552856e-02;3.420317769050598145e-01;-1.219436749815940857e-01
1.393648236989974976e-01;3.386147916316986084e-01;-8.174479007720947266e-03
1.937907636165618896e-01;-4.085437655448913574e-01;-2.015727758407592773e-02
1.555423140525817871e-01;-3.470746278762817383e-01;-1.436793059110641479e-01
2.016651630401611328e-01;-3.812008202075958252e-01;-1.166213676333427429e-01
2.305270731449127197e-01;-3.038576543331146240e-01;-1.422662883996963501e-01
1.451415270566940308e-01;-3.526984155178070068e-01;-3.147017955780029297e-02
1.710823476314544678e-01;-3.415988683700561523e-01;-4.963374137878417969e-02
2.204757481813430786e-01;-2.768971621990203857e-01;-1.086039692163467407e-01
1.707912385463714600e-01;-1.832939088344573975e-01;-1.412876248359680176e-01
1.725803166627883911e-01;-1.504722535610198975e-01;-1.039107143878936768e-01
2.384520322084426880e-01;-1.334266662597656250e-01;-9.447820484638214111e-02
-1.041199713945388794e-01;-1.989125907421112061e-01;-5.120506137609481812e-02
-3.375044837594032288e-02;-1.445481460541486740e-02;-9.093735367059707642e-02
-2.891100756824016571e-02;-1.573608219623565674e-01;3.695067018270492554e-02
-1.484372094273567200e-02;-2.415027096867561340e-02;-4.683500155806541443e-02
1.355065554380416870e-01;-1.723292768001556396e-01;-4.360386356711387634e-02
-1.044171005487442017e-01;7.250678539276123047e-02;-1.471654176712036133e-01
-5.427760630846023560e-02;5.457942560315132141e-02;-1.671562194824218750e-01
5.507821962237358093e-02;4.291838034987449646e-02;9.909608215093612671e-02
-2.751585654914379120e-02;1.800123751163482666e-01;-2.695579081773757935e-02
1.157016903162002563e-01;5.793670937418937683e-02;3.072384744882583618e-02
-1.065850630402565002e-01;-6.926268935203552246e-01;7.787564396858215332e-02
-1.095916628837585449e-01;-4.988211989402770996e-01;2.099782079458236694e-01
-1.537952125072479248e-01;-4.698448479175567627e-01;1.800784021615982056e-01
-2.283270657062530518e-02;-6.705763936042785645e-01;-3.207211196422576904e-02
-5.860152095556259155e-02;-5.131711959838867188e-01;1.725778728723526001e-01
4.931727796792984009e-02;-6.239113211631774902e-01;1.134889945387840271e-01
8.645498007535934448e-02;-6.772659420967102051e-01;1.763539165258407593e-01
-2.371486276388168335e-02;-4.577958881855010986e-01;-8.283704519271850586e-03
-3.523480147123336792e-02;-4.461645483970642090e-01;1.585830375552177429e-02
1.086961850523948669e-01;-5.825728178024291992e-01;6.810285896062850952e-02
-3.908368051052093506e-01;-4.320682287216186523e-01;4.136061370372772217e-01
-3.013072311878204346e-01;-4.761247932910919189e-01;3.744366168975830078e-01
-2.905967831611633301e-01;-4.266354441642761230e-01;3.000571727752685547e-01
-3.762672245502471924e-01;-4.474760890007019043e-01;4.018427729606628418e-01
-1.537952125072479248e-01;-4.698448479175567627e-01;1.800784021615982056e-01
-2.762111723423004150e-01;-5.844621658325195312e-01;3.689016401767730713e-01
-1.618467271327972412e-01;-4.404167830944061279e-01;3.353619277477264404e-01
-3.220150768756866455e-01;-2.976840436458587646e-01;3.172972500324249268e-01
-2.486844807863235474e-01;-2.702015936374664307e-01;2.132717072963714600e-01
-2.702865302562713623e-01;-2.936518192291259766e-01;3.606258332729339600e-01
-4.352308213710784912e-01;-1.507851928472518921e-01;-3.673479855060577393e-01
-4.334218502044677734e-01;-1.811967417597770691e-02;-3.967583477497100830e-01
-3.607732653617858887e-01;-5.158177390694618225e-02;-2.935861647129058838e-01
-3.360243439674377441e-01;-3.889008983969688416e-02;-4.265637695789337158e-01
-3.277573883533477783e-01;3.002481721341609955e-02;-4.245086014270782471e-01
-3.098681867122650146e-01;3.999530151486396790e-02;-2.358399182558059692e-01
-2.533437609672546387e-01;2.604398503899574280e-02;-3.752250373363494873e-01
-2.360714823007583618e-01;2.530096471309661865e-01;-3.728065192699432373e-01
-1.044171154499053955e-01;7.250678539276123047e-02;-1.471654176712036133e-01
-5.427759885787963867e-02;5.457942560315132141e-02;-1.671562194824218750e-01
-3.184230029582977295e-01;1.736439317464828491e-01;3.339557349681854248e-01
-2.771583795547485352e-01;1.341973096132278442e-01;2.518038451671600342e-01
-2.471954524517059326e-01;3.285492956638336182e-02;3.501352369785308838e-01
-2.317981421947479248e-01;1.269404143095016479e-01;3.705352842807769775e-01
-2.438410222530364990e-01;1.000457555055618286e-01;3.462861180305480957e-01
-2.577655315399169922e-01;1.541980952024459839e-01;3.473145663738250732e-01
-2.281730771064758301e-01;1.728947758674621582e-01;3.435413241386413574e-01
-1.924577504396438599e-01;2.652958929538726807e-01;1.886650621891021729e-01
-1.402989625930786133e-01;2.451016008853912354e-01;2.381974607706069946e-01
-2.439114600419998169e-01;3.467862606048583984e-01;3.501883149147033691e-01
