-4.212921857833862305e-01;5.809746682643890381e-03;-4.014564454555511475e-01
7.796915173530578613e-01;5.388223379850387573e-02;-3.151180148124694824e-01
-3.416275084018707275e-01;1.253778934478759766e-01;3.767111599445343018e-01
4.088189601898193359e-01;3.995742276310920715e-02;1.718363910913467407e-01
4.915820658206939697e-01;2.444464266300201416e-01;1.852443367242813110e-01
-6.229963898658752441e-01;-3.327173888683319092e-01;3.739787638187408447e-02
-7.707856893539428711e-01;4.092480540275573730e-01;3.386522233486175537e-01
2.486937344074249268e-01;2.187547981739044189e-01;-2.332262843847274780e-01
3.779693841934204102e-01;-8.235424011945724487e-02;1.656069159507751465e-01
-1.305049210786819458e-01;3.361852169036865234e-01;-3.757874071598052979e-01
6.932470947504043579e-02;1.028387174010276794e-01;-2.620867490768432617e-01
-8.600462460890412331e-04;-6.487935315817594528e-04;2.715704441070556641e-01
-7.286328673362731934e-01;-1.575524508953094482e-01;2.643749415874481201e-01
7.796186804771423340e-01;4.120268821716308594e-01;3.632023036479949951e-01
5.180259943008422852e-01;-1.181537359952926636e-01;-2.527337074279785156e-01
-4.418108761310577393e-01;-2.667201459407806396e-01;9.527146816253662109e-02
-2.148285359144210815e-01;3.467546403408050537e-01;-6.024469062685966492e-02
-1.140238046646118164e-01;7.322880625724792480e-02;-1.653656065464019775e-01
-3.284924030303955078e-01;-1.868440508842468262e-01;-2.291037291288375854e-01
7.193234562873840332e-01;-9.112536907196044922e-02;1.434456259012222290e-01
1.562579572200775146e-01;-3.706118762493133545e-01;1.207890957593917847e-01
6.338545083999633789e-01;-3.035755455493927002e-01;-2.678134441375732422e-01
6.989772617816925049e-02;1.061328873038291931e-01;1.161881461739540100e-01
1.529117524623870850e-01;1.777136176824569702e-01;-8.641720563173294067e-02
2.674774825572967529e-01;-1.277315430343151093e-02;-2.388428300619125366e-01
-4.873846173286437988e-01;1.810525059700012207e-01;2.350220680236816406e-01
7.765145897865295410e-01;-2.933924198150634766e-01;2.394491136074066162e-01
1.291539818048477173e-01;4.094869196414947510e-01;1.568368077278137207e-01
-1.490478962659835815e-01;-2.933932542800903320e-01;2.203116118907928467e-01
-1.816951483488082886e-01;1.909070461988449097e-01;2.147938758134841919e-01
-5.575369000434875488e-01;-2.462991513311862946e-02;1.432229578495025635e-01
-2.706292085349559784e-02;-1.032701060175895691e-01;-2.253468036651611328e-01
4.752987027168273926e-01;7.081434875726699829e-02;-3.604483306407928467e-01
1.716413348913192749e-01;1.936070322990417480e-01;3.763523399829864502e-01
1.263988465070724487e-01;-2.313388586044311523e-01;-1.571837365627288818e-01
7.489057183265686035e-01;1.830253452062606812e-01;2.043882608413696289e-01
4.426707327365875244e-01;1.205016374588012695e-01;3.400300443172454834e-01
-8.391037583351135254e-02;-3.010940551757812500e-01;-6.146978586912155151e-02
-5.232545137405395508e-01;-2.895733574405312538e-03;-4.013784527778625488e-01
-5.543289780616760254e-01;1.236640755087137222e-02;-3.344202637672424316e-01
5.351204276084899902e-01;-2.003598362207412720e-01;-2.094141840934753418e-01
-2.597704529762268066e-01;5.553611088544130325e-03;4.230328649282455444e-02
-3.819981813430786133e-01;-1.395041495561599731e-01;2.715294063091278076e-01
5.298674106597900391e-01;3.069688677787780762e-01;1.447758823633193970e-01
4.401295185089111328e-01;-1.489163190126419067e-01;3.076512217521667480e-01
1.241066120564937592e-02;-3.326403796672821045e-01;-3.338339924812316895e-01
-4.397124797105789185e-02;-1.929057389497756958e-01;1.507631540298461914e-01
-4.751988872885704041e-02;-2.259124070405960083e-02;1.159067526459693909e-01
-3.154056668281555176e-01;-2.296228110790252686e-01;2.746611833572387695e-01
-5.787507295608520508e-01;1.802193522453308105e-01;-2.240004204213619232e-02
3.063272237777709961e-01;3.398750126361846924e-01;7.084029912948608398e-02
-6.628429293632507324e-01;2.743945121765136719e-01;-2.258089482784271240e-01
3.258467838168144226e-02;-1.608965098857879639e-01;-3.349667787551879883e-01
3.994450271129608154e-01;3.793306648731231689e-01;-2.168712466955184937e-01
-5.584456324577331543e-01;3.069131672382354736e-01;2.450485378503799438e-01
7.696846723556518555e-01;-1.265624612569808960e-01;-9.356944262981414795e-02
-4.791278243064880371e-01;-3.586787879467010498e-01;-3.528227210044860840e-01
3.954705893993377686e-01;-4.011323750019073486e-01;3.759162724018096924e-01
7.721205353736877441e-01;9.662856906652450562e-02;1.228461563587188721e-01
-2.751355171203613281e-01;2.369066625833511353e-01;6.097478419542312622e-02
-6.943175792694091797e-01;-1.148580089211463928e-01;3.406375050544738770e-01
-3.805993869900703430e-02;3.381640613079071045e-01;-2.345460355281829834e-01
-6.102145910263061523e-01;-2.641496062278747559e-01;-9.081681817770004272e-02
3.053540289402008057e-01;-4.013058245182037354e-01;-2.220253646373748779e-02
-4.466512203216552734e-01;3.416751623153686523e-01;-3.408915996551513672e-01
-2.854277789592742920e-01;9.933692216873168945e-02;-1.496097147464752197e-01
3.905288875102996826e-01;3.071032762527465820e-01;-3.325586020946502686e-01
2.113970071077346802e-01;-1.598288416862487793e-01;-1.238188520073890686e-02
-7.781560719013214111e-02;-4.703836888074874878e-02;2.318401634693145752e-01
2.876216173171997070e-01;2.679916620254516602e-01;-2.575717633590102196e-03
1.208043769001960754e-01;1.670298166573047638e-02;3.668597340583801270e-02
6.578946113586425781e-01;5.276583507657051086e-02;-2.334463894367218018e-01
-1.015155091881752014e-01;3.775523602962493896e-01;1.424802243709564209e-01
-7.591886520385742188e-01;-3.803461790084838867e-01;2.579849064350128174e-01
4.847606420516967773e-01;1.688572168350219727e-01;-1.724233478307723999e-01
-1.413706094026565552e-01;3.418926298618316650e-01;1.808158308267593384e-01
7.601359486579895020e-01;-1.624720543622970581e-01;-4.354946315288543701e-02
5.744656920433044434e-01;3.471761941909790039e-01;2.340537458658218384e-01
-1.019918769598007202e-01;1.245444081723690033e-02;-3.717759251594543457e-02
-3.590739071369171143e-01;-2.959131896495819092e-01;-1.367916911840438843e-01
-6.742888689041137695e-01;-2.806535065174102783e-01;-3.325948417186737061e-01
-4.743631482124328613e-01;1.045227050781250000e-02;1.345731168985366821e-01
1.512078046798706055e-01;-1.468201428651809692e-01;-3.266481682658195496e-02
6.096783876419067383e-01;-7.750077545642852783e-02;-3.478827476501464844e-01
6.476046442985534668e-01;2.562318146228790283e-01;1.088607963174581528e-02
-9.015095233917236328e-02;2.345489561557769775e-01;-8.673018962144851685e-02
-3.468548133969306946e-02;-3.378128409385681152e-01;3.779478669166564941e-01
-7.285869717597961426e-01;4.025411792099475861e-03;2.619892358779907227e-01
5.824488997459411621e-01;1.040916368365287781e-01;2.500526010990142822e-01
7.249237298965454102e-01;-1.459798514842987061e-01;3.298421800136566162e-01
3.492037057876586914e-01;1.369374096393585205e-01;3.394074141979217529e-01
-2.441248893737792969e-01;3.412704169750213623e-02;1.644358485937118530e-01
-1.396386474370956421e-01;-8.213189989328384399e-02;-1.984909027814865112e-01
6.818733215332031250e-01;2.728069424629211426e-01;-9.840592741966247559e-02
9.240368008613586426e-02;3.045164942741394043e-01;2.836781144142150879e-01
-3.113051950931549072e-01;4.923205822706222534e-02;-2.728883624076843262e-01
3.298934400081634521e-01;1.032214015722274780e-01;-4.736690595746040344e-02
-3.754486143589019775e-01;-2.153877019882202148e-01;3.781518936157226562e-01
3.416044414043426514e-01;-2.808250188827514648e-01;-3.704831004142761230e-01
-9.722566604614257812e-02;3.044823408126831055e-01;-1.766638755798339844e-01
-4.829344153404235840e-01;7.912362366914749146e-02;4.090608954429626465e-01
4.485960900783538818e-01;-1.665476113557815552e-01;1.973827779293060303e-01
7.073956727981567383e-01;-3.709632158279418945e-01;2.004241198301315308e-02
-2.500855550169944763e-02;-1.339496076107025146e-01;-5.714247375726699829e-02
-1.048059314489364624e-01;1.627375185489654541e-01;3.094566166400909424e-01
-3.801718652248382568e-01;2.371021360158920288e-01;3.340032696723937988e-01
-5.762181282043457031e-01;-1.905800588428974152e-02;-2.629283964633941650e-01
-4.742983579635620117e-01;-1.482978165149688721e-01;-2.554230988025665283e-01
2.396831214427947998e-01;-2.461120486259460449e-01;2.310158163309097290e-01
-2.943224310874938965e-01;3.814074695110321045e-01;1.851252093911170959e-02
-5.042347908020019531e-01;1.817491650581359863e-01;-2.197070121765136719e-01
-7.967942357063293457e-01;-7.948113977909088135e-02;3.815665245056152344e-01
-4.090531766414642334e-01;-3.415470719337463379e-01;-1.795787177979946136e-02
7.796202898025512695e-01;8.554281294345855713e-02;2.900581657886505127e-01
7.271132469177246094e-01;3.459516763687133789e-01;2.163642942905426025e-01
5.631263256072998047e-01;3.468835353851318359e-01;-1.111318618059158325e-01
4.999254345893859863e-01;2.715064585208892822e-02;6.798391789197921753e-02
3.975529074668884277e-01;-1.402692198753356934e-01;-2.299572825431823730e-01
2.411229312419891357e-01;-8.357290178537368774e-02;3.732033371925354004e-01
1.173293814063072205e-01;2.053062766790390015e-01;2.680544555187225342e-01
-7.262500524520874023e-01;-2.887324392795562744e-01;1.181098446249961853e-01
-5.965708494186401367e-01;6.268164515495300293e-02;-1.597396582365036011e-01
2.361227273941040039e-01;-2.964609265327453613e-01;-7.883287221193313599e-02
2.237473130226135254e-01;-1.395317614078521729e-01;-3.719251155853271484e-01
8.227907866239547729e-02;2.700517773628234863e-01;1.214761883020401001e-01
-4.399887621402740479e-01;-1.817207783460617065e-01;3.147765100002288818e-01
1.426746845245361328e-01;-3.354837894439697266e-01;2.726978361606597900e-01
1.104994043707847595e-01;-1.407151520252227783e-01;-2.604929506778717041e-01
-7.970755696296691895e-01;3.120026886463165283e-01;1.146655827760696411e-01
4.898864328861236572e-01;3.442530632019042969e-01;-3.268217444419860840e-01
-5.721615552902221680e-01;-1.841100156307220459e-01;-1.909188739955425262e-02
6.619021892547607422e-01;-4.362908191978931427e-03;-9.603562206029891968e-02
3.264140486717224121e-01;3.094073534011840820e-01;3.367976248264312744e-01
6.398612856864929199e-01;-7.673027366399765015e-02;2.906163334846496582e-01
-6.920459270477294922e-01;1.738804019987583160e-02;8.397812396287918091e-02
-5.584418773651123047e-01;-9.837463498115539551e-03;3.501246273517608643e-01
7.694916725158691406e-01;4.044264853000640869e-01;-1.811592876911163330e-01
-7.250886559486389160e-01;-3.022612333297729492e-01;-1.460486054420471191e-01
6.285040378570556641e-01;-3.727427124977111816e-01;-2.086548060178756714e-01
-6.250408291816711426e-01;1.200886815786361694e-01;2.664649784564971924e-01
4.347200095653533936e-01;1.416564732789993286e-01;-5.746686831116676331e-02
-7.568592429161071777e-01;1.551263481378555298e-01;-1.052513793110847473e-01
-6.010598540306091309e-01;-3.672667741775512695e-01;-1.219481080770492554e-01
1.269165873527526855e-01;1.529138237237930298e-01;3.042987585067749023e-01
-4.772565960884094238e-01;3.408905863761901855e-01;2.498733997344970703e-01
2.561311721801757812e-01;-7.151458412408828735e-02;6.954496353864669800e-02
-3.332540988922119141e-01;1.043250635266304016e-01;-6.827642023563385010e-02
1.011924296617507935e-01;3.006424009799957275e-01;7.665354013442993164e-02
-6.611570119857788086e-01;2.125771343708038330e-01;-2.984468936920166016e-01
7.700734734535217285e-01;3.327719271183013916e-01;-3.823755979537963867e-01
7.125077396631240845e-02;-2.765448093414306641e-01;-3.697622418403625488e-01
-7.626907825469970703e-01;-1.110245436429977417e-01;8.980178833007812500e-02
-1.819630116224288940e-01;1.844220161437988281e-01;-3.032509684562683105e-01
-2.606411874294281006e-01;-1.283449381589889526e-01;-1.614016890525817871e-01
-4.100170433521270752e-01;1.691595315933227539e-01;-4.404795169830322266e-02
3.909856081008911133e-01;1.527156382799148560e-01;1.392900794744491577e-01
7.464884519577026367e-01;-3.623697161674499512e-02;-3.421195149421691895e-01
-5.928604602813720703e-01;-3.083298206329345703e-01;-4.012534320354461670e-01
-6.481755971908569336e-01;-3.302761614322662354e-01;2.789773046970367432e-01
3.710048794746398926e-01;-2.207989841699600220e-01;3.762010037899017334e-01
2.884309589862823486e-01;1.906569004058837891e-01;-1.054563820362091064e-01
1.719719022512435913e-01;-3.364983499050140381e-01;1.379186064004898071e-01
-6.479434967041015625e-01;-4.390359669923782349e-02;2.075310237705707550e-02
-5.505679845809936523e-01;2.051745653152465820e-01;5.382750555872917175e-02
6.527316570281982422e-01;3.883761167526245117e-02;6.507233530282974243e-02
-1.985742896795272827e-01;1.268707364797592163e-01;-2.998002767562866211e-01
4.132084250450134277e-01;-1.600643247365951538e-01;-1.077878940850496292e-02
7.586036324501037598e-01;1.908696591854095459e-01;8.692021667957305908e-02
-4.284106194972991943e-01;2.176772356033325195e-01;-3.695143759250640869e-01
2.412227839231491089e-01;1.641790568828582764e-01;1.170648038387298584e-01
4.235137403011322021e-01;1.398418098688125610e-01;-1.720819324254989624e-01
-2.666264474391937256e-01;-2.895663119852542877e-02;2.084644734859466553e-01
-1.848944276571273804e-01;2.542084269225597382e-02;2.680382132530212402e-01
7.768837809562683105e-01;-3.833771347999572754e-01;2.732723355293273926e-01
1.170496419072151184e-01;-2.399307787418365479e-01;6.024057045578956604e-03
3.343167714774608612e-03;-4.877124726772308350e-02;2.757559716701507568e-02
-1.414596438407897949e-01;3.415164053440093994e-01;1.027137190103530884e-01
4.183050394058227539e-01;-2.683779001235961914e-01;1.758452504873275757e-01
-1.027393247932195663e-02;3.289450109004974365e-01;1.381184160709381104e-01
1.957233697175979614e-01;4.164420440793037415e-02;2.366382181644439697e-01
-7.172268629074096680e-01;-3.373626768589019775e-01;-2.082970589399337769e-01
1.706785894930362701e-02;2.884014323353767395e-02;-3.644790351390838623e-01
1.534462571144104004e-01;1.748721599578857422e-01;2.265155501663684845e-02
-4.268791377544403076e-01;2.046526968479156494e-01;2.044624239206314087e-01
4.194943010807037354e-01;4.400731995701789856e-02;2.601092457771301270e-01
2.876322716474533081e-03;-5.293709039688110352e-02;3.034931123256683350e-01
2.000137697905302048e-03;3.347871601581573486e-01;-2.367155402898788452e-01
-6.441415548324584961e-01;-5.739073827862739563e-02;2.596205174922943115e-01
-2.621270716190338135e-01;-1.748271286487579346e-01;-3.695237934589385986e-01
5.226025581359863281e-01;3.698326274752616882e-02;2.353694140911102295e-01
-4.427800476551055908e-01;9.362289309501647949e-02;-3.372792303562164307e-01
4.034123122692108154e-01;3.632274270057678223e-01;-1.555400639772415161e-01
-2.299401015043258667e-01;2.361637055873870850e-01;2.418069839477539062e-01
-2.678788453340530396e-02;-2.199969887733459473e-01;-2.968450486660003662e-01
3.405063599348068237e-02;-3.326971530914306641e-01;-2.866562083363533020e-02
-6.925596594810485840e-01;-1.172339096665382385e-01;-1.240291222929954529e-01
7.110365033149719238e-01;3.072642683982849121e-01;-2.440248429775238037e-01
-3.550314605236053467e-01;-2.233432531356811523e-01;1.978463381528854370e-01
7.794196009635925293e-01;-2.015846520662307739e-01;3.886098265647888184e-01
5.554393678903579712e-02;3.381305634975433350e-01;-4.377378150820732117e-02
7.621908187866210938e-01;4.169833362102508545e-01;-5.113768577575683594e-02
-2.409092932939529419e-01;-1.342314779758453369e-01;-4.015619158744812012e-01
7.272356748580932617e-01;-3.420410156250000000e-01;2.942357659339904785e-01
-9.402038902044296265e-02;-4.010161459445953369e-01;-2.765677869319915771e-01
7.759195566177368164e-01;2.386790066957473755e-01;2.927139103412628174e-01
-8.411806225776672363e-01;4.429828375577926636e-02;4.725762829184532166e-02
5.600855946540832520e-01;-1.640671342611312866e-01;-3.823190331459045410e-01
-8.410422801971435547e-01;-1.553095728158950806e-01;3.283498287200927734e-01
-2.620677053928375244e-01;-4.008459150791168213e-01;2.344159334897994995e-01
3.267817199230194092e-01;4.096308946609497070e-01;-2.481200397014617920e-01
7.903428375720977783e-02;4.093233644962310791e-01;-2.226770371198654175e-01
-8.412202000617980957e-01;-3.707088232040405273e-01;-3.069982230663299561e-01
-4.289101343601942062e-03;-4.008924961090087891e-01;1.248895600438117981e-01
2.909750044345855713e-01;3.669691383838653564e-01;3.593502640724182129e-01
7.780253291130065918e-01;1.887820959091186523e-01;2.339102625846862793e-01
-7.843150496482849121e-01;4.091665744781494141e-01;3.307619690895080566e-02
-8.225643634796142578e-01;-4.009788930416107178e-01;2.370980381965637207e-01
7.770617604255676270e-01;-2.229576855897903442e-01;2.172675132751464844e-01
7.749121189117431641e-01;-1.212151348590850830e-01;-1.501395404338836670e-01
-4.951529204845428467e-01;-4.009984731674194336e-01;8.614212274551391602e-02
-8.411691188812255859e-01;-3.923512995243072510e-01;-1.697887033224105835e-01
7.793114781379699707e-01;4.119970500469207764e-01;-3.602562844753265381e-01
-8.410797119140625000e-01;1.036218032240867615e-01;3.602896928787231445e-01
7.628366947174072266e-01;4.161706864833831787e-01;2.503733932971954346e-01
-5.367426946759223938e-02;4.093009531497955322e-01;-1.603750437498092651e-01
-8.412415981292724609e-01;-2.008114755153656006e-01;-2.281963825225830078e-01
3.899269998073577881e-01;-3.228705748915672302e-02;3.583454191684722900e-01
7.002574205398559570e-01;-4.041484892368316650e-01;-3.823780715465545654e-01
-2.018149942159652710e-01;1.037901118397712708e-01;-4.016475677490234375e-01
-4.715779125690460205e-01;4.093209505081176758e-01;3.350960612297058105e-01
-7.037464976310729980e-01;-1.848711073398590088e-02;3.602981567382812500e-01
6.095797941088676453e-02;-4.010570645332336426e-01;-1.537600308656692505e-01
2.791903316974639893e-01;4.095881283283233643e-01;-1.870965063571929932e-01
-6.057070493698120117e-01;9.729662537574768066e-02;3.602142333984375000e-01
-1.527197062969207764e-01;-1.619747430086135864e-01;-4.016244411468505859e-01
-3.440173864364624023e-01;-3.148829340934753418e-01;3.603457510471343994e-01
3.217099905014038086e-01;-3.967699036002159119e-02;-4.014844894409179688e-01
2.963218986988067627e-01;-6.831263005733489990e-02;3.590979874134063721e-01
-8.413176536560058594e-01;-6.372916046530008316e-03;-3.154284060001373291e-01
-1.014802604913711548e-01;-4.010115861892700195e-01;-3.539860546588897705e-01
-8.411624431610107422e-01;-1.794205754995346069e-01;-1.833866722881793976e-02
7.647863626480102539e-01;4.196237325668334961e-01;-1.343306452035903931e-01
7.315746545791625977e-01;-4.085406363010406494e-01;-9.272080659866333008e-02
7.622075080871582031e-01;4.160816073417663574e-01;-3.424744307994842529e-02
-1.466555446386337280e-01;-4.009396731853485107e-01;4.234879836440086365e-02
7.674872279167175293e-01;-2.845385074615478516e-01;1.013604775071144104e-01
2.427719682455062866e-01;-1.230246871709823608e-01;-4.016624689102172852e-01
-8.003955483436584473e-01;4.090695977210998535e-01;-2.879515886306762695e-01
4.063794910907745361e-01;-2.860517203807830811e-01;3.471893966197967529e-01
5.393750071525573730e-01;4.110201001167297363e-01;5.161149427294731140e-02
-1.808146238327026367e-01;-3.877214491367340088e-01;-4.015783369541168213e-01
-3.458058834075927734e-01;-4.010708630084991455e-01;-1.711414158344268799e-01
-8.980047702789306641e-02;4.093721210956573486e-01;3.601174354553222656e-01
-2.662548422813415527e-01;3.814689517021179199e-01;3.600356578826904297e-01
-2.768432497978210449e-01;-2.581046521663665771e-02;-4.015577733516693115e-01
7.255953550338745117e-01;-4.079097509384155273e-01;8.803788572549819946e-02
-6.304641962051391602e-01;-4.010155498981475830e-01;1.230745911598205566e-01
7.769135832786560059e-01;-4.060901701450347900e-01;2.741772830486297607e-01
7.239363193511962891e-01;-4.044109880924224854e-01;-3.557638823986053467e-01
-6.896609067916870117e-01;-6.365216523408889771e-02;-4.012424051761627197e-01
-6.234848499298095703e-01;4.091995358467102051e-01;-2.319208718836307526e-02
3.258960545063018799e-01;-4.010947644710540771e-01;2.965343594551086426e-01
7.645869851112365723e-01;3.892855048179626465e-01;1.035331860184669495e-01
-6.325216293334960938e-01;3.366514742374420166e-01;3.601168394088745117e-01
7.752767801284790039e-01;-4.071119725704193115e-01;-2.474233508110046387e-01
-1.773068010807037354e-01;4.093227386474609375e-01;3.218914195895195007e-02
7.795310020446777344e-01;-9.286720305681228638e-02;2.731311321258544922e-01
-1.897032409906387329e-01;-4.009446203708648682e-01;4.314308613538742065e-02
-5.756285786628723145e-01;3.584456741809844971e-01;-4.014299511909484863e-01
6.656875610351562500e-01;-2.323309779167175293e-01;2.946902513504028320e-01
7.877402752637863159e-02;4.094012081623077393e-01;-9.191014617681503296e-02
-3.884866535663604736e-01;-4.008804857730865479e-01;2.575694024562835693e-01
3.268381059169769287e-01;-4.012744128704071045e-01;-2.549592852592468262e-01
-8.411612510681152344e-01;1.863103359937667847e-01;1.635757088661193848e-01
-1.437167078256607056e-01;-9.303858131170272827e-02;3.601609170436859131e-01
7.795807719230651855e-01;4.173190146684646606e-02;-3.823741674423217773e-01
7.704098820686340332e-01;1.318825595080852509e-02;1.001758277416229248e-01
4.810132980346679688e-01;4.104444682598114014e-01;-1.969334334135055542e-01
1.704660654067993164e-01;-4.011123180389404297e-01;7.810296863317489624e-02
3.866843283176422119e-01;9.957571327686309814e-02;-4.012763798236846924e-01
-7.137370109558105469e-01;4.092640876770019531e-01;3.353370130062103271e-01
-6.633733212947845459e-02;-7.050980627536773682e-02;3.601020872592926025e-01
-8.412222862243652344e-01;-3.810902535915374756e-01;-3.835559487342834473e-01
-3.018923699855804443e-01;-2.032862901687622070e-01;3.602744638919830322e-01
6.527459621429443359e-01;2.365736365318298340e-01;-3.823810517787933350e-01
-8.410941958427429199e-01;3.931061029434204102e-01;1.645062267780303955e-01
-8.412721753120422363e-01;1.317832469940185547e-01;-1.482627242803573608e-01
4.890755116939544678e-01;-4.020101428031921387e-01;-6.517321616411209106e-02
-8.518366813659667969e-01;1.199877336621284485e-01;-4.011709690093994141e-01
7.790058851242065430e-01;4.084525406360626221e-01;-3.333366215229034424e-01
-7.333017885684967041e-02;-4.010130167007446289e-01;-1.768597066402435303e-01
7.640092372894287109e-01;3.779902756214141846e-01;7.615011930465698242e-02
-3.332206010818481445e-01;4.091610610485076904e-01;-4.016362428665161133e-01
7.661007046699523926e-01;-3.577325046062469482e-01;-1.043679863214492798e-01
-7.055355906486511230e-01;-3.399303853511810303e-01;-4.011634588241577148e-01
-4.152630269527435303e-01;-3.106090426445007324e-02;3.602150380611419678e-01
-7.015469670295715332e-01;-4.011121690273284912e-01;-5.612583085894584656e-02
-8.425968885421752930e-01;3.453929722309112549e-01;-4.012332558631896973e-01
-3.467227518558502197e-01;-1.797800064086914062e-01;-4.014706015586853027e-01
-8.410511612892150879e-01;-3.737021386623382568e-01;6.170866079628467560e-03
