-3.393518328666687012e-01;1.379206180572509766e-01;-6.005370616912841797e-01
-3.313784301280975342e-01;4.250568151473999023e-01;6.344910860061645508e-01
-4.175758659839630127e-01;3.092840313911437988e-01;6.754409670829772949e-01
-2.943806648254394531e-01;9.753300808370113373e-03;6.261100769042968750e-01
-3.485025465488433838e-01;-4.690139293670654297e-01;-5.993975996971130371e-01
-2.837261855602264404e-01;-2.072403281927108765e-01;-5.468229055404663086e-01
-3.471038937568664551e-01;4.048664271831512451e-01;-5.690850019454956055e-01
-3.240287303924560547e-01;1.097000464797019958e-01;-5.198686122894287109e-01
2.650360167026519775e-01;-9.012784063816070557e-02;-3.656514361500740051e-02
2.650001049041748047e-01;8.644897490739822388e-02;7.632716745138168335e-02
-3.472276926040649414e-01;3.827303647994995117e-01;6.012321114540100098e-01
2.618955373764038086e-01;-2.597545385360717773e-01;1.716404221951961517e-02
-2.492235153913497925e-01;8.406115323305130005e-02;5.281582474708557129e-01
-3.058649599552154541e-01;4.652231037616729736e-01;-5.490694046020507812e-01
-3.913212120532989502e-01;-2.812698483467102051e-01;-6.283667087554931641e-01
-2.829950749874114990e-01;-4.899027645587921143e-01;5.895472168922424316e-01
2.690753042697906494e-01;2.331573665142059326e-01;9.865491837263107300e-02
-2.186971902847290039e-01;-1.423717588186264038e-01;-4.833311736583709717e-01
-3.201205134391784668e-01;3.074588179588317871e-01;-5.143981575965881348e-01
1.936810761690139771e-01;-1.850414723157882690e-01;-2.586461603641510010e-02
-2.577269673347473145e-01;-3.907665610313415527e-01;-5.406363010406494141e-01
-4.353916943073272705e-01;-1.471744198352098465e-02;6.425172686576843262e-01
-3.289129436016082764e-01;-3.690434098243713379e-01;-5.208600759506225586e-01
1.802281439304351807e-01;1.388027220964431763e-01;2.230031229555606842e-02
1.893706172704696655e-01;-1.779126524925231934e-01;6.977591663599014282e-02
-2.361417263746261597e-01;-4.168610572814941406e-01;5.266942977905273438e-01
2.641748189926147461e-01;-4.409272968769073486e-01;2.054269425570964813e-02
1.867468059062957764e-01;2.625343203544616699e-01;3.768055513501167297e-02
-2.301997989416122437e-01;-1.100398749113082886e-01;-5.336213707923889160e-01
-1.663046032190322876e-01;1.136932745575904846e-01;4.287827014923095703e-01
-2.385342717170715332e-01;-2.991974055767059326e-01;5.695877671241760254e-01
1.843495815992355347e-01;-1.283128708600997925e-01;1.023748740553855896e-01
-1.868820339441299438e-01;-1.101548671722412109e-01;5.150766372680664062e-01
-2.628493309020996094e-01;-5.495935678482055664e-01;-5.381612777709960938e-01
-3.685730695724487305e-01;6.598289608955383301e-01;6.037044525146484375e-01
-3.692844510078430176e-01;-2.231925427913665771e-01;5.700360536575317383e-01
-1.554864197969436646e-01;-1.680147051811218262e-01;4.702074229717254639e-01
-6.786052882671356201e-02;6.953316926956176758e-02;-2.862093746662139893e-01
1.888885200023651123e-01;3.566269874572753906e-01;-5.243788287043571472e-02
-4.415334165096282959e-01;1.671981960535049438e-01;-6.046339273452758789e-01
-2.644498050212860107e-01;6.035329699516296387e-01;-5.057307481765747070e-01
-1.045923084020614624e-01;-1.684885174036026001e-01;3.600173592567443848e-01
-2.233361005783081055e-01;-4.553255140781402588e-01;-4.473319947719573975e-01
-8.321703970432281494e-02;1.651112139225006104e-01;3.554956316947937012e-01
-2.517074942588806152e-01;5.478421449661254883e-01;4.907076358795166016e-01
1.269809007644653320e-01;6.216940283775329590e-02;-9.546685218811035156e-02
-2.534242272377014160e-01;4.786645472049713135e-01;-4.461991190910339355e-01
-1.780167520046234131e-01;-3.317944407463073730e-01;-3.826427757740020752e-01
-3.228589892387390137e-01;3.263695538043975830e-01;5.121986865997314453e-01
-3.453076630830764771e-02;-1.187566295266151428e-01;3.328036665916442871e-01
1.268918812274932861e-01;-1.516129970550537109e-01;1.455197334289550781e-01
2.807864844799041748e-01;8.457884937524795532e-02;-1.353033483028411865e-01
1.921114325523376465e-01;4.572446942329406738e-01;8.693540841341018677e-02
9.224581532180309296e-03;-1.522368639707565308e-01;-2.368013262748718262e-01
-3.205562829971313477e-01;-6.681600213050842285e-01;5.693638324737548828e-01
-3.672197163105010986e-01;6.869690418243408203e-01;-5.784972906112670898e-01
-2.279911637306213379e-01;-1.181852892041206360e-01;-3.679072856903076172e-01
2.809945046901702881e-01;1.617673039436340332e-01;-1.394810229539871216e-01
1.402683109045028687e-01;1.263084262609481812e-01;2.023030072450637817e-01
-9.471110999584197998e-02;-3.160311281681060791e-01;4.104702770709991455e-01
2.777484059333801270e-01;4.048240184783935547e-01;-1.186036169528961182e-01
1.806751824915409088e-02;2.129049897193908691e-01;-2.056716084480285645e-01
-2.264150530099868774e-01;6.237474083900451660e-01;-5.448839068412780762e-01
1.190982758998870850e-02;1.055819615721702576e-01;1.964096873998641968e-01
2.001555636525154114e-02;-2.138344198465347290e-01;-2.081629484891891479e-01
2.025696784257888794e-01;3.927889764308929443e-01;1.495118737220764160e-01
1.833434998989105225e-01;5.307120084762573242e-01;4.829846695065498352e-02
-2.597023248672485352e-01;-7.274542450904846191e-01;-5.823690295219421387e-01
2.809520363807678223e-01;-4.889489151537418365e-03;1.759610921144485474e-01
-7.210228592157363892e-02;7.180722057819366455e-02;-2.295208126306533813e-01
1.565766334533691406e-01;4.335399717092514038e-02;-1.909580975770950317e-01
-2.163503170013427734e-01;3.759344816207885742e-01;-5.795040130615234375e-01
2.818761169910430908e-01;-2.162778675556182861e-01;-1.479056477546691895e-01
-4.724174141883850098e-01;1.306578963994979858e-01;7.142782211303710938e-01
-3.804771900177001953e-01;3.911566361784934998e-02;-4.979550242424011230e-01
-1.525468230247497559e-01;-4.331388175487518311e-01;3.737457394599914551e-01
4.421180859208106995e-02;-1.047443076968193054e-01;-1.325390040874481201e-01
-4.058978259563446045e-01;-2.866185605525970459e-01;5.875062346458435059e-01
1.021093949675559998e-01;-2.929857075214385986e-01;5.017335712909698486e-02
2.810142934322357178e-01;-3.146470785140991211e-01;-1.469071209430694580e-01
-2.394329607486724854e-01;-6.651682257652282715e-01;-5.065369606018066406e-01
-4.554806277155876160e-02;2.098855823278427124e-01;4.019662439823150635e-01
2.792402505874633789e-01;-3.089191913604736328e-01;1.761327087879180908e-01
2.814093232154846191e-01;2.283077538013458252e-01;1.818990707397460938e-01
1.131984442472457886e-01;-3.623708188533782959e-01;-2.586225233972072601e-02
-2.198960483074188232e-01;-2.423248887062072754e-01;6.202985644340515137e-01
6.717949872836470604e-04;-2.342660278081893921e-01;2.063475996255874634e-01
-1.725595444440841675e-01;2.885906696319580078e-01;5.219365358352661133e-01
-8.072177320718765259e-02;1.616215705871582031e-01;2.535114288330078125e-01
-1.042687147855758667e-02;3.676309883594512939e-01;2.977312505245208740e-01
-1.049351915717124939e-01;4.115865528583526611e-01;3.271378874778747559e-01
-3.275361955165863037e-01;-5.914556384086608887e-01;5.179922580718994141e-01
-2.086161375045776367e-01;-4.318387806415557861e-01;6.195300221443176270e-01
-1.973523348569869995e-01;-5.893656611442565918e-01;4.457379877567291260e-01
-1.328929662704467773e-01;5.611597299575805664e-01;-4.130104482173919678e-01
-1.847810596227645874e-01;-5.956341028213500977e-01;-4.887205660343170166e-01
6.636938452720642090e-02;3.778948783874511719e-01;-1.376034766435623169e-01
1.416620165109634399e-01;-3.964311778545379639e-01;-1.593589931726455688e-01
1.724628657102584839e-01;6.065649986267089844e-01;-2.473824284970760345e-02
2.805162072181701660e-01;3.807528316974639893e-01;1.806777864694595337e-01
-2.069578170776367188e-01;-2.953998446464538574e-01;-3.370825648307800293e-01
2.699591815471649170e-01;6.434189677238464355e-01;1.024698317050933838e-01
-8.408171683549880981e-02;-7.769810408353805542e-02;2.421726733446121216e-01
-1.803008764982223511e-01;3.644968569278717041e-01;-3.111194670200347900e-01
1.166975125670433044e-01;-4.516926109790802002e-01;9.157925844192504883e-02
2.631366252899169922e-02;4.254963099956512451e-01;-2.256209701299667358e-01
-1.544389724731445312e-01;-4.809302985668182373e-01;-3.246675729751586914e-01
2.116870284080505371e-01;4.987033009529113770e-01;-1.363879144191741943e-01
-1.705096662044525146e-01;2.746560871601104736e-01;3.259713053703308105e-01
-3.473062813282012939e-02;3.539764285087585449e-01;-3.591279089450836182e-01
-4.378304257988929749e-02;-3.924602568149566650e-01;2.757259607315063477e-01
1.102212518453598022e-01;4.983257353305816650e-01;6.132893264293670654e-02
-2.598235309123992920e-01;7.456680536270141602e-01;5.810970664024353027e-01
-6.136253848671913147e-02;-4.708454608917236328e-01;-2.890267670154571533e-01
2.709815800189971924e-01;6.791405677795410156e-01;-7.445394247770309448e-02
-4.440744221210479736e-01;5.637198686599731445e-01;-6.025395989418029785e-01
-5.854834802448749542e-03;3.466698527336120605e-01;1.999697089195251465e-01
-1.540391892194747925e-01;-6.018629074096679688e-01;4.765269756317138672e-01
2.620424032211303711e-01;7.723587155342102051e-01;1.932745613157749176e-02
2.621917426586151123e-01;-7.185632586479187012e-01;3.101675026118755341e-02
-4.442141950130462646e-02;4.357769489288330078e-01;3.845194578170776367e-01
2.608049809932708740e-01;-7.552941441535949707e-01;-2.853750437498092651e-02
2.616493105888366699e-01;-7.549591660499572754e-01;-1.523455139249563217e-02
-4.029077887535095215e-01;-6.520989537239074707e-01;5.920575261116027832e-01
2.036328464746475220e-01;-6.822373270988464355e-01;4.369427263736724854e-02
2.466263622045516968e-01;7.591469287872314453e-01;-1.589052379131317139e-02
2.771238684654235840e-01;-5.534213185310363770e-01;1.658904850482940674e-01
2.083365172147750854e-01;7.268802523612976074e-01;2.696017734706401825e-03
2.118398249149322510e-01;5.910571217536926270e-01;1.517715305089950562e-01
-4.391639232635498047e-01;2.452497482299804688e-01;-6.523008346557617188e-01
-4.192378818988800049e-01;-2.231400161981582642e-01;-5.375488996505737305e-01
-1.227315235882997513e-02;-4.642735123634338379e-01;2.455206364393234253e-01
2.620014846324920654e-01;-7.548746466636657715e-01;5.516855418682098389e-02
-1.728112995624542236e-01;-6.665818095207214355e-01;-4.066643416881561279e-01
2.277847975492477417e-01;7.698594927787780762e-01;4.582136869430541992e-02
2.626368105411529541e-01;-7.546107172966003418e-01;6.722861528396606445e-02
2.673949673771858215e-02;4.335207045078277588e-01;3.107717633247375488e-01
2.643541693687438965e-01;7.712917923927307129e-01;8.536422997713088989e-02
-6.743899732828140259e-02;2.249418199062347412e-01;-4.246189594268798828e-01
2.672680616378784180e-01;7.695307135581970215e-01;-6.454177200794219971e-02
-1.618741601705551147e-01;2.288072705268859863e-01;-5.794044733047485352e-01
1.954343914985656738e-01;-6.624724864959716797e-01;-8.089254051446914673e-02
-3.251112699508666992e-01;-3.008790314197540283e-01;-4.257872402667999268e-01
2.660278975963592529e-01;-7.513996362686157227e-01;-7.706069201231002808e-02
4.532203823328018188e-02;-6.867724657058715820e-02;1.912974379956722260e-02
2.853982150554656982e-01;-1.882685422897338867e-01;-1.911605149507522583e-01
-5.727933254092931747e-03;-4.084284305572509766e-01;-1.635572761297225952e-01
1.369388550519943237e-01;6.527033448219299316e-01;-6.314504891633987427e-02
-2.094181030988693237e-01;7.411417961120605469e-01;-4.115083813667297363e-01
-2.254849374294281006e-01;-9.006970375776290894e-02;-3.106938898563385010e-01
1.943498104810714722e-01;7.658443450927734375e-01;8.532065898180007935e-02
-2.178652435541152954e-01;-7.217986583709716797e-01;4.364013671875000000e-01
-2.182243466377258301e-01;-3.022698462009429932e-01;3.446445763111114502e-01
2.687074840068817139e-01;-7.503841519355773926e-01;-1.018578484654426575e-01
1.410323828458786011e-01;-4.734694063663482666e-01;-2.124623358249664307e-01
-2.055839300155639648e-01;4.908294379711151123e-01;6.193681955337524414e-01
1.671995222568511963e-01;-7.988116890192031860e-02;-2.467523217201232910e-01
-3.057226240634918213e-01;7.328075170516967773e-01;-4.419998228549957275e-01
2.551766633987426758e-01;7.572869658470153809e-01;1.282212436199188232e-01
1.078424081206321716e-01;-7.470811158418655396e-02;-2.904716432094573975e-01
-3.445286154747009277e-01;-7.132682800292968750e-01;-4.805247783660888672e-01
2.679636776447296143e-01;-7.515840530395507812e-01;1.282769143581390381e-01
2.698869407176971436e-01;-7.490161061286926270e-01;-1.142578199505805969e-01
2.861624360084533691e-01;-1.183049008250236511e-01;2.281167209148406982e-01
-7.828420959413051605e-03;4.970121681690216064e-01;1.933280527591705322e-01
1.529231816530227661e-01;-7.449691891670227051e-01;-5.849115550518035889e-02
2.561414241790771484e-01;7.539072632789611816e-01;-1.179147362709045410e-01
-3.803335130214691162e-01;7.289524674415588379e-01;5.691878199577331543e-01
1.429496854543685913e-01;-5.408357977867126465e-01;2.194576412439346313e-01
2.815195322036743164e-01;-5.514310002326965332e-01;-1.750665754079818726e-01
1.137861832976341248e-01;-7.005678415298461914e-01;5.359477363526821136e-03
1.665683537721633911e-01;-7.457612752914428711e-01;1.240876317024230957e-01
-1.877637356519699097e-01;6.089757084846496582e-01;3.457736670970916748e-01
2.619062960147857666e-01;7.482245564460754395e-01;-1.326227486133575439e-01
-3.204554319381713867e-02;3.616169095039367676e-01;-1.311300098896026611e-01
2.734408676624298096e-01;-7.459333539009094238e-01;-1.392882019281387329e-01
-8.321543037891387939e-02;2.479930222034454346e-01;2.021284848451614380e-01
-2.173030972480773926e-01;4.849250614643096924e-01;3.489260673522949219e-01
2.848648726940155029e-01;-4.085729718208312988e-01;-2.019399851560592651e-01
-1.504578441381454468e-01;-6.830041110515594482e-02;5.651999711990356445e-01
2.718808054924011230e-01;-7.479090690612792969e-01;1.660447269678115845e-01
2.741665244102478027e-01;7.632659077644348145e-01;1.720624417066574097e-01
2.850948274135589600e-01;4.858896732330322266e-01;-1.996995359659194946e-01
-2.351658418774604797e-03;-6.684198975563049316e-01;2.728176414966583252e-01
-2.254101485013961792e-01;6.718063354492187500e-01;3.686834871768951416e-01
2.741943597793579102e-01;7.630301713943481445e-01;1.784595400094985962e-01
-7.200976461172103882e-02;7.429140806198120117e-01;-2.500334978103637695e-01
-1.249225959181785583e-01;7.434502243995666504e-01;-4.626104533672332764e-01
2.850984036922454834e-01;-4.266577959060668945e-01;2.394382804632186890e-01
3.005804307758808136e-02;6.821804642677307129e-01;1.910954117774963379e-01
-2.872033119201660156e-01;-4.640927165746688843e-02;-3.472533524036407471e-01
-1.856626570224761963e-01;5.379631519317626953e-01;3.115185499191284180e-01
-5.560274422168731689e-02;-7.283135056495666504e-01;-3.024471402168273926e-01
2.780673205852508545e-01;7.326415181159973145e-01;2.000897973775863647e-01
-3.105606511235237122e-02;-6.108106374740600586e-01;-3.986601829528808594e-01
1.390270888805389404e-01;-6.804496049880981445e-01;2.083155065774917603e-01
-1.299497783184051514e-01;-3.337013721466064453e-01;-5.239409208297729492e-01
1.597912460565567017e-01;-1.853377670049667358e-01;3.089817762374877930e-01
-4.737218916416168213e-01;-1.649533063173294067e-01;-6.616623401641845703e-01
-1.656713336706161499e-01;7.349309325218200684e-01;-2.784091532230377197e-01
-3.937724828720092773e-01;3.208343684673309326e-01;-6.217943429946899414e-01
-4.160466492176055908e-01;1.293639987707138062e-01;-6.315465569496154785e-01
2.241376340389251709e-01;8.842754364013671875e-02;-3.365771146491169930e-03
2.264063209295272827e-01;-2.670438587665557861e-02;-2.611130103468894958e-02
2.267851680517196655e-01;-2.033677697181701660e-01;1.863207481801509857e-02
2.250236272811889648e-01;2.379285097122192383e-01;1.283479481935501099e-02
2.602572441101074219e-01;4.125713184475898743e-02;1.071096882224082947e-01
2.400270104408264160e-01;2.935186726972460747e-03;-7.637654244899749756e-02
2.282913923263549805e-01;2.548315823078155518e-01;-5.660659447312355042e-02
2.395772337913513184e-01;3.211167156696319580e-01;6.883777678012847900e-02
2.263445109128952026e-01;-2.939129471778869629e-01;3.125133365392684937e-02
2.331786453723907471e-01;-1.833348274230957031e-01;-7.153077423572540283e-02
2.190789580345153809e-01;-2.675223648548126221e-01;-4.172690585255622864e-02
-2.634032070636749268e-01;-4.961200356483459473e-01;-5.822654962539672852e-01
2.242528200149536133e-01;3.251000642776489258e-01;-5.883242562413215637e-02
-1.902025938034057617e-01;2.477483600378036499e-01;4.825778603553771973e-01
-2.954017817974090576e-01;-3.429515659809112549e-01;5.136303305625915527e-01
-1.656029373407363892e-01;-1.811357773840427399e-02;4.777488410472869873e-01
-3.242571055889129639e-01;2.422098368406295776e-01;5.225129127502441406e-01
-2.169791907072067261e-01;-7.415805011987686157e-02;-5.797374844551086426e-01
2.143369168043136597e-01;4.431493282318115234e-01;1.271626073867082596e-02
2.729993760585784912e-01;-3.976927604526281357e-03;1.473743915557861328e-01
-3.441604375839233398e-01;6.971752047538757324e-01;-5.972914695739746094e-01
-4.547000527381896973e-01;5.751298666000366211e-01;-6.622456312179565430e-01
2.425923347473144531e-01;-3.107225000858306885e-01;-1.094054430723190308e-01
2.337834686040878296e-01;4.866056442260742188e-01;8.181628584861755371e-02
-3.340590596199035645e-01;-1.616756916046142578e-01;5.268546938896179199e-01
2.110022306442260742e-01;-4.626159965991973877e-01;-4.188733547925949097e-02
-3.195843696594238281e-01;-7.269112467765808105e-01;-5.715982913970947266e-01
-1.869623064994812012e-01;-4.840258061885833740e-01;4.846409559249877930e-01
2.677552700042724609e-01;-3.218224644660949707e-01;1.552630215883255005e-01
-1.986149102449417114e-01;5.835228562355041504e-01;4.879084825515747070e-01
2.639915049076080322e-01;-1.603086143732070923e-01;-1.483895331621170044e-01
2.439599931240081787e-01;-3.824899196624755859e-01;-1.249295771121978760e-01
2.184184044599533081e-01;5.272738337516784668e-01;-8.569205552339553833e-02
-1.498303711414337158e-01;4.404371976852416992e-01;4.770077168941497803e-01
-1.502326130867004395e-01;-4.381146132946014404e-01;4.776216149330139160e-01
-2.372532188892364502e-01;-5.535773038864135742e-01;-5.800389647483825684e-01
2.003593593835830688e-01;-5.975778698921203613e-01;2.541793510317802429e-02
1.937057673931121826e-01;-6.125467419624328613e-01;-5.782357882708311081e-03
-3.334916532039642334e-01;7.391710877418518066e-01;-5.439379811286926270e-01
2.695179879665374756e-01;2.139560282230377197e-01;-1.638907343149185181e-01
2.215287983417510986e-01;5.660887360572814941e-01;-1.066795215010643005e-01
2.507055997848510742e-01;-5.441445112228393555e-01;1.460741162300109863e-01
-1.579475104808807373e-01;-5.844100713729858398e-01;4.815748929977416992e-01
2.018558233976364136e-01;6.572524309158325195e-01;4.542239755392074585e-02
-1.010913327336311340e-01;-2.801457643508911133e-01;4.680850505828857422e-01
-2.044809162616729736e-01;3.024452030658721924e-01;-5.794618129730224609e-01
2.327549308538436890e-01;6.339258551597595215e-01;1.167562752962112427e-01
-7.582648843526840210e-02;1.411816030740737915e-01;4.651040136814117432e-01
-3.974947631359100342e-01;1.764557957649230957e-01;5.487247109413146973e-01
2.628787457942962646e-01;3.669051527976989746e-01;-1.722670495510101318e-01
2.818459868431091309e-01;-1.880901902914047241e-01;2.116176635026931763e-01
-1.943244785070419312e-01;1.524269729852676392e-01;-5.794459581375122070e-01
1.961263865232467651e-01;-6.465973258018493652e-01;-7.526540011167526245e-02
1.899591833353042603e-01;7.668951153755187988e-01;1.562866196036338806e-02
-7.099504023790359497e-02;-1.449708044528961182e-01;4.644865691661834717e-01
-1.986369341611862183e-01;-2.182177752256393433e-01;-5.793151855468750000e-01
2.256471663713455200e-01;-6.673635244369506836e-01;1.194356530904769897e-01
1.997319906949996948e-01;-7.136645913124084473e-01;8.061510324478149414e-02
-2.271479368209838867e-01;-7.217431068420410156e-01;-4.111794531345367432e-01
1.718442291021347046e-01;7.524769306182861328e-01;-2.209705300629138947e-02
-2.601397037506103516e-01;7.348437309265136719e-01;-4.051282107830047607e-01
1.989456713199615479e-01;6.943293809890747070e-01;-9.216652065515518188e-02
-2.656217217445373535e-01;-7.201749682426452637e-01;4.936717152595520020e-01
1.845569461584091187e-01;7.652888298034667969e-01;8.006128668785095215e-02
1.903924643993377686e-01;7.655938863754272461e-01;8.392385393381118774e-02
2.690102458000183105e-01;-5.021126270294189453e-01;1.998411566019058228e-01
1.484209597110748291e-01;-7.454850077629089355e-01;4.676452279090881348e-02
-4.041927754878997803e-01;-3.303281366825103760e-01;5.541027188301086426e-01
1.873240619897842407e-01;7.645041346549987793e-01;1.059082522988319397e-01
2.379385530948638916e-01;6.974129676818847656e-01;1.474215686321258545e-01
2.055119276046752930e-01;7.653034329414367676e-01;1.146647036075592041e-01
1.401765346527099609e-01;-7.444452643394470215e-01;5.698732659220695496e-02
1.885398477315902710e-01;-7.281042337417602539e-01;-1.021312624216079712e-01
1.221340894699096680e-01;7.591891288757324219e-01;-1.651278324425220490e-02
1.716940850019454956e-01;-7.453522682189941406e-01;-9.545239806175231934e-02
1.125610098242759705e-01;-7.414976358413696289e-01;6.615909747779369354e-03
2.139931172132492065e-01;-7.481760978698730469e-01;1.334680765867233276e-01
1.149370074272155762e-01;-7.417457699775695801e-01;5.909103900194168091e-02
1.106334626674652100e-01;7.579162120819091797e-01;4.021415859460830688e-02
1.462527215480804443e-01;-7.437021136283874512e-01;-7.442300021648406982e-02
1.321080476045608521e-01;-7.427536249160766602e-01;-6.657791882753372192e-02
1.045122817158699036e-01;-7.404391169548034668e-01;-5.190776428207755089e-04
1.524608731269836426e-01;7.608721852302551270e-01;1.260459572076797485e-01
2.458459883928298950e-01;-6.822500228881835938e-01;1.689082682132720947e-01
1.302833110094070435e-01;-7.422842383384704590e-01;-7.387729734182357788e-02
-1.239175871014595032e-01;7.416470050811767578e-01;-3.147467374801635742e-01
2.309545874595642090e-01;-7.478834986686706543e-01;1.514994800090789795e-01
1.872671693563461304e-01;7.614825963973999023e-01;-1.229496821761131287e-01
2.135432809591293335e-01;-6.910502910614013672e-01;-1.453146636486053467e-01
1.351601630449295044e-01;-7.421309351921081543e-01;-9.299637377262115479e-02
1.142996996641159058e-01;7.576189041137695312e-01;1.201144009828567505e-01
-4.353858232498168945e-01;4.256222248077392578e-01;-6.483757495880126953e-01
1.828072667121887207e-01;7.605527043342590332e-01;-1.340995430946350098e-01
-1.626909077167510986e-01;-7.232006788253784180e-01;-5.748891234397888184e-01
2.866836190223693848e-01;-5.267842486500740051e-02;2.396244406700134277e-01
2.403949797153472900e-01;7.629052996635437012e-01;1.680936962366104126e-01
2.837150692939758301e-01;3.002306818962097168e-01;2.404180765151977539e-01
2.738926112651824951e-01;3.468795418739318848e-01;-2.148916423320770264e-01
