-1.643990129232406616e-01;7.559974789619445801e-01;-5.346024632453918457e-01
-2.322179228067398071e-01;7.674337029457092285e-01;-4.507225453853607178e-01
-2.214095592498779297e-01;6.439067125320434570e-01;-5.345345139503479004e-01
-1.541881114244461060e-01;6.380151510238647461e-01;-4.490347206592559814e-01
-3.475444018840789795e-01;7.617462873458862305e-01;-4.880899190902709961e-01
-1.900157481431961060e-01;6.992442011833190918e-01;-3.511629998683929443e-01
-3.720989227294921875e-01;6.838970184326171875e-01;-5.654814243316650391e-01
-1.653909981250762939e-01;6.052495241165161133e-01;-3.357602059841156006e-01
-2.405077666044235229e-01;5.073655247688293457e-01;-4.923131465911865234e-01
-1.492379456758499146e-01;4.898674488067626953e-01;-3.822429180145263672e-01
-6.850957125425338745e-02;-7.165243625640869141e-01;-5.346026420593261719e-01
-1.769132912158966064e-01;-6.492925882339477539e-01;-5.346032977104187012e-01
-2.064149379730224609e-01;-7.310192584991455078e-01;-4.897784888744354248e-01
-1.554297208786010742e-01;-7.326820492744445801e-01;-3.377283215522766113e-01
-2.883203327655792236e-01;-6.824101209640502930e-01;-5.373432636260986328e-01
-2.726832926273345947e-01;-6.224792599678039551e-01;-5.027185082435607910e-01
-1.963675916194915771e-01;-5.136142373085021973e-01;-5.344813466072082520e-01
-2.978750169277191162e-01;-6.689258217811584473e-01;-4.811841547489166260e-01
-1.201686784625053406e-01;-7.344229221343994141e-01;-2.939659655094146729e-01
-9.735063463449478149e-02;-4.910651147365570068e-01;-3.840374946594238281e-01
-4.403750300407409668e-01;8.610085397958755493e-02;-5.897511839866638184e-01
-3.653343319892883301e-01;8.512672036886215210e-02;-5.317850112915039062e-01
-3.272909522056579590e-01;1.989069879055023193e-01;-5.442081093788146973e-01
-4.397038221359252930e-01;2.887026965618133545e-01;-5.781468749046325684e-01
-2.196079045534133911e-01;1.546142995357513428e-01;-5.346750617027282715e-01
-2.370239496231079102e-01;-6.532689183950424194e-02;-5.351093411445617676e-01
-4.843958318233489990e-01;3.549845814704895020e-01;-6.036219596862792969e-01
-3.252979815006256104e-01;-1.822077631950378418e-01;-5.422828197479248047e-01
-1.452201008796691895e-01;1.487714797258377075e-02;-4.804241359233856201e-01
-1.992162019014358521e-01;-9.662819653749465942e-02;-4.347960352897644043e-01
7.627067714929580688e-02;1.246246248483657837e-01;2.918704450130462646e-01
8.026572316884994507e-02;5.660924315452575684e-02;1.329029798507690430e-01
-6.328441947698593140e-02;2.034076005220413208e-01;3.963598906993865967e-01
-1.036881729960441589e-01;6.523964554071426392e-02;2.456442564725875854e-01
-1.515676826238632202e-02;6.900392472743988037e-02;1.263139247894287109e-01
1.938607841730117798e-01;2.716462314128875732e-01;2.155552804470062256e-01
6.722344458103179932e-02;3.425197303295135498e-01;2.789183855056762695e-01
1.513532698154449463e-01;4.586441814899444580e-02;1.013474911451339722e-01
5.426131188869476318e-03;-8.256287872791290283e-02;2.255098372697830200e-01
1.308837980031967163e-01;1.796821653842926025e-01;6.830617785453796387e-02
-7.772480696439743042e-02;-2.906409502029418945e-01;1.770104318857192993e-01
-1.828801333904266357e-01;-3.093103766441345215e-01;2.650575637817382812e-01
-1.470722109079360962e-01;-3.130933642387390137e-01;3.290945589542388916e-01
6.393412500619888306e-02;-3.119154870510101318e-01;2.683494687080383301e-01
-8.301831781864166260e-02;-4.666377305984497070e-01;1.857147216796875000e-01
-1.735571473836898804e-01;-1.461834758520126343e-01;2.506506741046905518e-01
-5.282050371170043945e-02;-3.412261009216308594e-01;3.662579357624053955e-01
7.532110065221786499e-02;-1.585843563079833984e-01;1.281378418207168579e-01
6.334660202264785767e-02;-1.821589022874832153e-01;2.900324761867523193e-01
8.724344521760940552e-02;-4.359027147293090820e-01;2.056160867214202881e-01
2.143796831369400024e-01;4.035232663154602051e-01;2.316671796143054962e-02
2.103187143802642822e-01;4.092614650726318359e-01;-1.346439309418201447e-02
2.020461410284042358e-01;3.927837908267974854e-01;5.767580121755599976e-02
2.390729188919067383e-01;4.113981723785400391e-01;1.124485060572624207e-01
1.578503549098968506e-01;4.235132038593292236e-01;-5.919826030731201172e-02
2.380166351795196533e-01;3.252629935741424561e-01;1.077549606561660767e-01
2.338789105415344238e-01;4.549428820610046387e-01;1.311835646629333496e-01
2.310950607061386108e-01;3.696371912956237793e-01;-1.041168272495269775e-01
1.523771286010742188e-01;5.479380488395690918e-01;-1.556202583014965057e-02
2.168908864259719849e-01;5.650391578674316406e-01;-2.492943964898586273e-02
-4.405151903629302979e-01;-7.142055630683898926e-01;-5.439272522926330566e-01
-3.864860832691192627e-01;-7.135868668556213379e-01;-4.570431709289550781e-01
-2.883203327655792236e-01;-6.824101209640502930e-01;-5.373432636260986328e-01
-2.978750169277191162e-01;-6.689258217811584473e-01;-4.811841547489166260e-01
-3.321285545825958252e-01;-6.554102301597595215e-01;-4.244119822978973389e-01
-2.726832926273345947e-01;-6.224792599678039551e-01;-5.027185082435607910e-01
-3.039479255676269531e-01;-7.177811861038208008e-01;-3.750965595245361328e-01
-2.064149230718612671e-01;-7.310192584991455078e-01;-4.897784888744354248e-01
-1.769132912158966064e-01;-6.492925882339477539e-01;-5.346032977104187012e-01
-1.963675916194915771e-01;-5.136142373085021973e-01;-5.344813466072082520e-01
2.302561104297637939e-01;-7.711525559425354004e-01;-1.479522585868835449e-01
2.038914263248443604e-01;-7.721335291862487793e-01;-1.375600844621658325e-01
2.237855494022369385e-01;-7.775682210922241211e-01;-1.160999312996864319e-01
2.188619524240493774e-01;-7.799199819564819336e-01;-9.482140839099884033e-02
2.167050838470458984e-01;-7.823266386985778809e-01;-7.315112650394439697e-02
1.600267589092254639e-01;-7.739200592041015625e-01;-9.805335104465484619e-02
1.312863826751708984e-01;-7.509939670562744141e-01;-1.137486621737480164e-01
2.126263380050659180e-01;-7.853169441223144531e-01;-3.262633085250854492e-02
1.678417772054672241e-01;-6.570981740951538086e-01;-1.349558979272842407e-01
2.129923403263092041e-01;-7.852500677108764648e-01;-1.172351837158203125e-02
-4.396440386772155762e-01;-4.627713263034820557e-01;5.108999013900756836e-01
-3.707287907600402832e-01;-3.339293897151947021e-01;4.545080661773681641e-01
-3.817211687564849854e-01;-6.171717047691345215e-01;5.163815021514892578e-01
-3.088927567005157471e-01;-5.715159773826599121e-01;4.868454635143280029e-01
-3.140245079994201660e-01;-3.054734766483306885e-01;4.284654557704925537e-01
-2.429877519607543945e-01;-4.814229905605316162e-01;4.025433063507080078e-01
-1.851664185523986816e-01;-4.669598937034606934e-01;5.122551321983337402e-01
-2.552026808261871338e-01;-6.725319027900695801e-01;4.175910055637359619e-01
-2.232036739587783813e-01;-4.294671714305877686e-01;3.110707104206085205e-01
-3.074519634246826172e-01;-7.300893068313598633e-01;5.198578238487243652e-01
-4.843958318233489990e-01;3.549845814704895020e-01;-6.036219596862792969e-01
-4.397038221359252930e-01;2.887026965618133545e-01;-5.781468749046325684e-01
-3.272909522056579590e-01;1.989069879055023193e-01;-5.442081093788146973e-01
-4.403750300407409668e-01;8.610084652900695801e-02;-5.897511839866638184e-01
-3.653343319892883301e-01;8.512672781944274902e-02;-5.317850112915039062e-01
-2.405077666044235229e-01;5.073655247688293457e-01;-4.923131465911865234e-01
-2.189140617847442627e-01;4.368747174739837646e-01;-4.151798784732818604e-01
-2.196079194545745850e-01;1.546142995357513428e-01;-5.346750617027282715e-01
-3.720989227294921875e-01;6.838970184326171875e-01;-5.654814243316650391e-01
-2.214095592498779297e-01;6.439067125320434570e-01;-5.345345139503479004e-01
4.443150013685226440e-02;6.393181085586547852e-01;-2.528532147407531738e-01
6.984548270702362061e-02;6.885509490966796875e-01;-7.940512895584106445e-02
2.085415273904800415e-02;7.306813597679138184e-01;-9.114125370979309082e-02
1.526766121387481689e-01;7.541155815124511719e-01;-1.315723061561584473e-01
1.863112449645996094e-01;5.553460121154785156e-01;-1.277726739645004272e-01
-1.273948252201080322e-01;5.234450101852416992e-01;-2.810774147510528564e-01
1.647354513406753540e-01;5.654219388961791992e-01;-9.428828954696655273e-02
8.335457742214202881e-02;4.620957970619201660e-01;-1.329375505447387695e-01
-1.653909981250762939e-01;6.052495241165161133e-01;-3.357602059841156006e-01
2.084550559520721436e-01;5.089640021324157715e-01;-1.568279862403869629e-01
5.330252274870872498e-02;4.248724877834320068e-01;2.413727194070816040e-01
6.722344458103179932e-02;3.425197303295135498e-01;2.789183855056762695e-01
7.081756740808486938e-02;4.063438475131988525e-01;1.281587928533554077e-01
1.924953609704971313e-01;4.311857521533966064e-01;2.306657284498214722e-01
6.387391686439514160e-02;4.554611444473266602e-01;9.559278190135955811e-02
-7.127292454242706299e-02;4.992872476577758789e-01;3.416908383369445801e-01
-1.072015464305877686e-01;5.291954874992370605e-01;1.874476373195648193e-01
1.938607841730117798e-01;2.716462314128875732e-01;2.155552804470062256e-01
2.338789105415344238e-01;4.549428820610046387e-01;1.311835646629333496e-01
2.390729188919067383e-01;4.113981723785400391e-01;1.124484986066818237e-01
-2.405077666044235229e-01;5.073655247688293457e-01;-4.923131465911865234e-01
-2.189140617847442627e-01;4.368747174739837646e-01;-4.151798784732818604e-01
-1.492379456758499146e-01;4.898674488067626953e-01;-3.822429180145263672e-01
-2.214095592498779297e-01;6.439067125320434570e-01;-5.345345139503479004e-01
-1.541881114244461060e-01;6.380151510238647461e-01;-4.490347206592559814e-01
-1.653909981250762939e-01;6.052495241165161133e-01;-3.357602059841156006e-01
-3.720989227294921875e-01;6.838970184326171875e-01;-5.654814243316650391e-01
-1.273948252201080322e-01;5.234450101852416992e-01;-2.810774147510528564e-01
-1.900157481431961060e-01;6.992442011833190918e-01;-3.511629998683929443e-01
-1.643990129232406616e-01;7.559974789619445801e-01;-5.346024632453918457e-01
-3.669126033782958984e-01;-2.945807576179504395e-01;4.576845765113830566e-01
-3.292806148529052734e-01;-2.733325064182281494e-01;4.248415231704711914e-01
-3.340045213699340820e-01;-1.875660121440887451e-01;4.071249961853027344e-01
-3.456334769725799561e-01;-1.488906145095825195e-01;4.280595779418945312e-01
-3.556559085845947266e-01;-1.321454197168350220e-01;4.526919424533843994e-01
-3.577193319797515869e-01;-1.294744908809661865e-01;4.651183784008026123e-01
-3.191195428371429443e-01;-1.478549242019653320e-01;4.714975655078887939e-01
-2.638412415981292725e-01;-1.516592055559158325e-01;4.707069396972656250e-01
-2.267140150070190430e-01;-1.012257859110832214e-01;4.540577530860900879e-01
-2.230834811925888062e-01;-1.956621557474136353e-02;4.636370539665222168e-01
-2.934274673461914062e-01;6.200013160705566406e-01;4.399954676628112793e-01
-1.933073252439498901e-01;6.222234964370727539e-01;3.577265441417694092e-01
-1.708647906780242920e-01;6.633191108703613281e-01;3.138893544673919678e-01
-1.850505620241165161e-01;7.025339603424072266e-01;3.107810914516448975e-01
-1.980740875005722046e-01;7.131355404853820801e-01;3.307770192623138428e-01
-2.081457078456878662e-01;7.117648124694824219e-01;3.632816374301910400e-01
-2.093514651060104370e-01;7.260357141494750977e-01;3.897995948791503906e-01
-2.062528431415557861e-01;7.397009134292602539e-01;4.008840024471282959e-01
-1.911194771528244019e-01;7.294637560844421387e-01;4.026806950569152832e-01
-1.614743024110794067e-01;7.180339097976684570e-01;3.977932333946228027e-01
1.685521751642227173e-01;-3.497996926307678223e-02;-2.080392986536026001e-01
2.082089483737945557e-01;-1.853775978088378906e-02;-1.829221993684768677e-01
2.188812643289566040e-01;3.230610117316246033e-02;-1.569508910179138184e-01
2.226941436529159546e-01;6.053922325372695923e-02;-1.284668594598770142e-01
2.209098190069198608e-01;7.913772761821746826e-02;-1.181490272283554077e-01
2.228394448757171631e-01;1.016563177108764648e-01;-1.222094148397445679e-01
2.259046584367752075e-01;1.356378346681594849e-01;-1.362614631652832031e-01
2.250270992517471313e-01;1.718726456165313721e-01;-1.402267962694168091e-01
2.272299677133560181e-01;1.765936017036437988e-01;-1.209166646003723145e-01
2.259825319051742554e-01;1.924728751182556152e-01;-1.089318022131919861e-01
1.423507481813430786e-01;-6.579636335372924805e-01;8.429263532161712646e-02
1.781913340091705322e-01;-6.871957182884216309e-01;1.009318158030509949e-01
1.734265685081481934e-01;-6.772340536117553711e-01;9.575399756431579590e-02
1.642325520515441895e-01;-6.402460336685180664e-01;7.678039371967315674e-02
1.670864224433898926e-01;-6.099587678909301758e-01;6.618492305278778076e-02
1.722610890865325928e-01;-5.873388648033142090e-01;6.944747269153594971e-02
1.802991330623626709e-01;-5.754595398902893066e-01;8.507888019084930420e-02
1.863228380680084229e-01;-5.669216513633728027e-01;1.002693697810173035e-01
1.875851601362228394e-01;-5.346261262893676758e-01;1.118266656994819641e-01
2.039409577846527100e-01;-4.821194112300872803e-01;1.313247978687286377e-01
-2.517538964748382568e-01;-7.127294540405273438e-01;3.533151149749755859e-01
-2.557684779167175293e-01;-7.001521587371826172e-01;3.937436044216156006e-01
-2.672231197357177734e-01;-6.810026168823242188e-01;4.316932559013366699e-01
-2.808811664581298828e-01;-6.691210269927978516e-01;4.498727321624755859e-01
-2.872385680675506592e-01;-6.605659127235412598e-01;4.574326276779174805e-01
-2.859351634979248047e-01;-6.581225991249084473e-01;4.581007361412048340e-01
-2.675966918468475342e-01;-6.616070270538330078e-01;4.576645791530609131e-01
-2.264108210802078247e-01;-6.683672070503234863e-01;4.554986655712127686e-01
-1.914370656013488770e-01;-6.590337157249450684e-01;4.580334424972534180e-01
-1.884456872940063477e-01;-6.073077917098999023e-01;4.745272099971771240e-01
1.498632729053497314e-01;7.939010262489318848e-01;-8.420963585376739502e-02
1.572040170431137085e-01;8.017475605010986328e-01;-8.425614237785339355e-02
1.663949787616729736e-01;8.029738068580627441e-01;-7.748415321111679077e-02
1.809589713811874390e-01;8.051537871360778809e-01;-7.629305869340896606e-02
1.958348751068115234e-01;8.052220940589904785e-01;-7.543197274208068848e-02
2.051883041858673096e-01;8.051884174346923828e-01;-6.747007369995117188e-02
2.095865607261657715e-01;8.064717650413513184e-01;-5.328059941530227661e-02
2.082709819078445435e-01;8.082347512245178223e-01;-3.840775042772293091e-02
2.071636170148849487e-01;8.106815814971923828e-01;-1.972762122750282288e-02
2.126500606536865234e-01;8.150208592414855957e-01;7.197253406047821045e-03
-2.493945062160491943e-01;-3.276412487030029297e-01;-4.385752081871032715e-01
-2.093668282032012939e-01;-3.444907665252685547e-01;-4.113832116127014160e-01
-2.018257826566696167e-01;-3.382867276668548584e-01;-4.257603883743286133e-01
-2.080272138118743896e-01;-2.988748252391815186e-01;-4.444336295127868652e-01
-2.010530531406402588e-01;-2.527208924293518066e-01;-4.355364441871643066e-01
-1.858534067869186401e-01;-2.061541080474853516e-01;-4.077687561511993408e-01
-1.667664051055908203e-01;-1.772460043430328369e-01;-3.884238600730895996e-01
-1.469674706459045410e-01;-1.636880487203598022e-01;-3.747909367084503174e-01
-1.324927806854248047e-01;-1.780715137720108032e-01;-3.413591682910919189e-01
-9.975841641426086426e-02;-2.138754725456237793e-01;-3.283485472202301025e-01
-3.415245413780212402e-01;2.013216614723205566e-01;4.477774798870086670e-01
-3.750649690628051758e-01;2.060770839452743530e-01;4.746446609497070312e-01
-3.575317263603210449e-01;1.917813718318939209e-01;4.678540825843811035e-01
-3.338783979415893555e-01;2.037134766578674316e-01;4.429528415203094482e-01
-3.397226035594940186e-01;2.410074621438980103e-01;4.387506544589996338e-01
-3.359297215938568115e-01;2.775791585445404053e-01;4.446733295917510986e-01
-3.166714310646057129e-01;3.215621411800384521e-01;4.325911998748779297e-01
-2.969987392425537109e-01;4.043445885181427002e-01;4.079731106758117676e-01
-2.867496609687805176e-01;4.504652321338653564e-01;4.166439771652221680e-01
-2.744109034538269043e-01;4.888480007648468018e-01;4.260574877262115479e-01
-1.274115443229675293e-01;2.804994583129882812e-01;-2.594666182994842529e-01
-1.110920011997222900e-01;2.805727124214172363e-01;-2.863279581069946289e-01
-1.651266813278198242e-01;4.193564951419830322e-01;-3.731218874454498291e-01
-1.544605046510696411e-01;4.792797565460205078e-01;-3.464470803737640381e-01
-1.441221684217453003e-01;4.952951371669769287e-01;-2.999697625637054443e-01
-1.469910293817520142e-01;5.069979429244995117e-01;-2.877996861934661865e-01
-1.077803522348403931e-01;4.898774921894073486e-01;-2.770777642726898193e-01
-1.128794252872467041e-02;4.170166254043579102e-01;-2.248801141977310181e-01
4.975578188896179199e-02;3.860150873661041260e-01;-1.756861358880996704e-01
5.808636546134948730e-02;4.258936345577239990e-01;-1.337322741746902466e-01
1.354093104600906372e-01;-3.994797468185424805e-01;-1.524269878864288330e-01
1.627936661243438721e-01;-4.218510687351226807e-01;-1.297339648008346558e-01
1.708167940378189087e-01;-4.144882559776306152e-01;-1.315193325281143188e-01
1.827453523874282837e-01;-3.979584872722625732e-01;-1.254418194293975830e-01
1.895814538002014160e-01;-3.794048130512237549e-01;-1.145809441804885864e-01
1.923068761825561523e-01;-3.652050197124481201e-01;-1.043045669794082642e-01
2.011144906282424927e-01;-3.435848057270050049e-01;-1.071822568774223328e-01
2.107660174369812012e-01;-2.933314740657806396e-01;-1.326988637447357178e-01
2.200158238410949707e-01;-2.472257465124130249e-01;-1.499077379703521729e-01
2.273582965135574341e-01;-2.209862619638442993e-01;-1.503032743930816650e-01
-1.577625721693038940e-01;-3.962074965238571167e-02;-4.070577621459960938e-01
-1.496752500534057617e-01;-3.311672061681747437e-02;-3.673817813396453857e-01
-1.277732849121093750e-01;-3.242900222539901733e-02;-3.737646043300628662e-01
-1.379061639308929443e-01;1.927019655704498291e-02;-3.946995139122009277e-01
-1.570343822240829468e-01;6.712654232978820801e-02;-3.796209692955017090e-01
-1.462987959384918213e-01;1.203204020857810974e-01;-3.477166295051574707e-01
-9.961639344692230225e-02;1.394604742527008057e-01;-2.972604930400848389e-01
-7.420104742050170898e-02;1.611745059490203857e-01;-2.417548298835754395e-01
-9.068751335144042969e-02;2.026759386062622070e-01;-2.510312795639038086e-01
-8.843456208705902100e-02;2.242268323898315430e-01;-2.507770061492919922e-01
1.845812201499938965e-01;-2.460929155349731445e-01;4.087961837649345398e-02
2.010208964347839355e-01;-2.302148342132568359e-01;5.969164893031120300e-02
2.021291255950927734e-01;-2.107954770326614380e-01;7.143945991992950439e-02
2.024022638797760010e-01;-1.912125349044799805e-01;7.353675365447998047e-02
2.127124667167663574e-01;-1.773709952831268311e-01;7.693100720643997192e-02
2.183033227920532227e-01;-1.640346348285675049e-01;8.947891741991043091e-02
2.230453193187713623e-01;-1.458742767572402954e-01;1.036856770515441895e-01
2.303961664438247681e-01;-1.260999888181686401e-01;1.201516464352607727e-01
2.351454496383666992e-01;-9.964570403099060059e-02;1.238240376114845276e-01
2.429239451885223389e-01;-8.093507587909698486e-02;1.464738547801971436e-01
-2.021625041961669922e-01;1.583208143711090088e-01;3.119938373565673828e-01
-1.596326529979705811e-01;1.699983179569244385e-01;2.745892107486724854e-01
-1.570678502321243286e-01;2.345210909843444824e-01;2.455783188343048096e-01
-1.816055178642272949e-01;2.796070873737335205e-01;2.581617832183837891e-01
-2.002306431531906128e-01;3.061601519584655762e-01;2.903645336627960205e-01
-1.998656094074249268e-01;3.408740162849426270e-01;3.093888163566589355e-01
-1.902248114347457886e-01;3.765607774257659912e-01;3.105073571205139160e-01
-1.702329218387603760e-01;3.923256099224090576e-01;3.037815392017364502e-01
-1.362803727388381958e-01;4.059441387653350830e-01;2.846654951572418213e-01
-8.279705047607421875e-02;4.332001805305480957e-01;2.524300217628479004e-01
-1.452462375164031982e-01;-7.306557893753051758e-01;2.176745682954788208e-01
-1.882298439741134644e-01;-7.237406373023986816e-01;2.691778540611267090e-01
-2.375577092170715332e-01;-7.146953344345092773e-01;3.347314596176147461e-01
-2.449798434972763062e-01;-7.011867761611938477e-01;3.795872926712036133e-01
-2.191988378763198853e-01;-6.832005381584167480e-01;3.920232653617858887e-01
-1.846494376659393311e-01;-6.660315394401550293e-01;3.841602206230163574e-01
-1.534983664751052856e-01;-6.353082656860351562e-01;3.609650135040283203e-01
-1.269825696945190430e-01;-5.988556146621704102e-01;3.318699896335601807e-01
-1.108530610799789429e-01;-5.730482935905456543e-01;3.156136870384216309e-01
-7.031086087226867676e-02;-6.127691268920898438e-01;2.750011384487152100e-01
-1.281085610389709473e-01;-7.379973530769348145e-01;-3.164427876472473145e-01
-8.756387233734130859e-02;-6.462783217430114746e-01;-3.093243837356567383e-01
-1.034798175096511841e-01;-5.732377767562866211e-01;-3.309460282325744629e-01
-9.633714705705642700e-02;-5.453155040740966797e-01;-3.300644755363464355e-01
-7.505030930042266846e-02;-5.296905040740966797e-01;-3.075990676879882812e-01
-4.452586174011230469e-02;-5.102621912956237793e-01;-2.658808529376983643e-01
-1.021511480212211609e-02;-5.014584660530090332e-01;-2.077134847640991211e-01
2.713473141193389893e-02;-5.090452432632446289e-01;-1.639590263366699219e-01
7.065973430871963501e-02;-5.427200794219970703e-01;-1.452009975910186768e-01
1.266243755817413330e-01;-5.775908827781677246e-01;-1.501217633485794067e-01
-2.084941118955612183e-01;-1.008219122886657715e-01;3.162815272808074951e-01
-1.725072711706161499e-01;-1.440428495407104492e-01;3.408291339874267578e-01
-1.641594469547271729e-01;-1.350366771221160889e-01;3.490224182605743408e-01
-1.604996174573898315e-01;-8.404581248760223389e-02;3.505183756351470947e-01
-1.733046770095825195e-01;-3.285720571875572205e-02;3.552352488040924072e-01
-1.822482496500015259e-01;-1.604768447577953339e-02;3.733662962913513184e-01
-1.856922507286071777e-01;-7.348932325839996338e-03;3.909812569618225098e-01
-1.883631199598312378e-01;1.270136795938014984e-02;4.004562795162200928e-01
-1.916520297527313232e-01;3.593047708272933960e-02;4.025358259677886963e-01
-1.769409477710723877e-01;4.798062890768051147e-02;3.921345472335815430e-01
5.053170025348663330e-02;-7.633612155914306641e-01;-1.686875522136688232e-02
6.376351416110992432e-02;-7.542535662651062012e-01;-9.451515972614288330e-03
7.066351920366287231e-02;-7.442336082458496094e-01;-8.913427591323852539e-03
8.189344406127929688e-02;-7.435926795005798340e-01;-1.015160232782363892e-02
9.541825950145721436e-02;-7.511709928512573242e-01;-5.229219794273376465e-03
1.042414233088493347e-01;-7.583861947059631348e-01;2.838484942913055420e-03
1.093850880861282349e-01;-7.588928937911987305e-01;1.113963872194290161e-02
1.209422796964645386e-01;-7.522395253181457520e-01;1.690760999917984009e-02
1.335734724998474121e-01;-7.455922365188598633e-01;2.425903081893920898e-02
1.317941844463348389e-01;-7.384862303733825684e-01;5.192640796303749084e-02
2.600878477096557617e-03;-1.805974841117858887e-01;-1.812339127063751221e-01
3.533763438463211060e-02;-1.704401224851608276e-01;-1.499644219875335693e-01
2.162335067987442017e-02;-1.233828663825988770e-01;-1.762554049491882324e-01
2.944234199821949005e-02;-9.098836779594421387e-02;-1.744509041309356689e-01
5.046992003917694092e-02;-7.516446709632873535e-02;-1.508384048938751221e-01
8.339434862136840820e-02;-7.480113953351974487e-02;-1.106217503547668457e-01
1.274596601724624634e-01;-8.963438123464584351e-02;-6.774966418743133545e-02
1.609984785318374634e-01;-9.235335886478424072e-02;-4.179748147726058960e-02
1.659274995326995850e-01;-5.585885420441627502e-02;-3.964382410049438477e-02
1.769085377454757690e-01;-1.118551194667816162e-02;-5.382144823670387268e-02
2.150518298149108887e-01;4.897019863128662109e-01;6.747093796730041504e-02
2.018573731184005737e-01;5.453138947486877441e-01;4.898964613676071167e-02
1.863570511341094971e-01;5.927821993827819824e-01;3.885149955749511719e-02
1.813321262598037720e-01;6.286180615425109863e-01;4.924973845481872559e-02
1.875475347042083740e-01;6.402501463890075684e-01;8.633269369602203369e-02
1.939299851655960083e-01;6.512184739112854004e-01;1.132771447300910950e-01
1.990436464548110962e-01;6.808441281318664551e-01;1.154337227344512939e-01
2.030626535415649414e-01;7.189757227897644043e-01;1.060093641281127930e-01
2.129725366830825806e-01;7.556289434432983398e-01;1.025046557188034058e-01
2.268986254930496216e-01;8.046672344207763672e-01;1.115240603685379028e-01
