-3.707287907600402832e-01;-3.339293897151947021e-01;4.545080661773681641e-01
-3.490124940872192383e-01;-1.749422252178192139e-01;3.601053655147552490e-01
-4.134999215602874756e-01;-1.517670750617980957e-01;4.753432869911193848e-01
-4.708580672740936279e-01;-7.536473125219345093e-02;5.636770129203796387e-01
-3.652709722518920898e-01;-1.215985789895057678e-01;5.125014185905456543e-01
-3.140245079994201660e-01;-3.054734766483306885e-01;4.284654557704925537e-01
-2.069765627384185791e-01;-1.607517004013061523e-01;3.872250020503997803e-01
-2.185237407684326172e-01;-1.936711668968200684e-01;5.123327374458312988e-01
-2.093710750341415405e-01;-2.460354566574096680e-02;4.249987900257110596e-01
-2.350517064332962036e-01;7.875912636518478394e-02;5.125568509101867676e-01
-2.457301616668701172e-01;6.955122947692871094e-01;3.404566645622253418e-01
-2.862297594547271729e-01;7.458927035331726074e-01;2.937923371791839600e-01
-2.443512976169586182e-01;7.059817314147949219e-01;4.422042965888977051e-01
-3.441992402076721191e-01;6.766146421432495117e-01;5.270287394523620605e-01
-1.963889151811599731e-01;7.106418013572692871e-01;4.789836108684539795e-01
-2.277030348777770996e-01;7.546793818473815918e-01;2.759622633457183838e-01
-1.816574931144714355e-01;7.681397199630737305e-01;3.679353296756744385e-01
-1.669471412897109985e-01;7.678915858268737793e-01;3.880645334720611572e-01
-7.855552434921264648e-02;6.399171352386474609e-01;3.170862793922424316e-01
-7.160551846027374268e-02;7.100702524185180664e-01;2.227143347263336182e-01
1.200704425573348999e-01;6.655842065811157227e-03;-2.275557816028594971e-01
2.428959757089614868e-01;-3.333676606416702271e-02;-1.718751788139343262e-01
1.847948580980300903e-01;1.133169233798980713e-02;-8.388081938028335571e-02
2.039961218833923340e-01;3.152386471629142761e-02;1.045301556587219238e-03
2.580407559871673584e-01;1.619778871536254883e-01;-2.179445773363113403e-01
1.712692975997924805e-01;1.819571256637573242e-01;-6.604032963514328003e-02
2.514473795890808105e-01;5.433528125286102295e-02;-1.757674515247344971e-01
2.393232583999633789e-01;9.768754988908767700e-02;-1.276294291019439697e-01
2.400275170803070068e-01;2.167230844497680664e-01;-1.856899708509445190e-01
2.162304669618606567e-01;1.956122964620590210e-01;-6.308965384960174561e-02
1.986095607280731201e-01;-7.690128684043884277e-01;7.235564291477203369e-02
2.270813882350921631e-01;-7.756825685501098633e-01;1.034267693758010864e-01
1.796465963125228882e-01;-6.370360255241394043e-01;6.260544806718826294e-02
1.550966054201126099e-01;-6.665061116218566895e-01;5.165787041187286377e-02
1.628723740577697754e-01;-7.221429347991943359e-01;1.394244581460952759e-01
2.156718820333480835e-01;-7.596477866172790527e-01;1.252998560667037964e-01
1.796454489231109619e-01;-5.537813305854797363e-01;4.602685570716857910e-02
2.306399494409561157e-01;-5.083328485488891602e-01;8.317912369966506958e-02
1.037417277693748474e-01;-5.038873553276062012e-01;1.914885044097900391e-01
2.236506640911102295e-01;-6.022230982780456543e-01;1.349254101514816284e-01
-3.088927567005157471e-01;-5.715159773826599121e-01;4.868454635143280029e-01
-3.074519634246826172e-01;-7.300893068313598633e-01;5.198578238487243652e-01
-3.817211687564849854e-01;-6.171717047691345215e-01;5.163815021514892578e-01
-2.507981359958648682e-01;-7.241593003273010254e-01;3.266206681728363037e-01
-2.574549317359924316e-01;-7.287151217460632324e-01;3.596929609775543213e-01
-2.552026808261871338e-01;-6.725319027900695801e-01;4.175910055637359619e-01
-1.445524245500564575e-01;-7.313011884689331055e-01;4.248491525650024414e-01
-1.680207252502441406e-01;-6.347406506538391113e-01;3.884438872337341309e-01
-1.386430561542510986e-01;-7.210713624954223633e-01;5.122666954994201660e-01
-2.429877519607543945e-01;-4.814229905605316162e-01;4.025433063507080078e-01
1.860219836235046387e-01;7.990554571151733398e-01;-1.650186479091644287e-01
1.526766121387481689e-01;7.541155815124511719e-01;-1.315723061561584473e-01
2.226128131151199341e-01;7.911315560340881348e-01;-9.219453483819961548e-02
2.175315022468566895e-01;7.401049733161926270e-01;7.849022746086120605e-03
2.294383645057678223e-01;8.071221113204956055e-01;-1.364450007677078247e-01
1.397226154804229736e-01;8.078118562698364258e-01;-7.150771468877792358e-02
1.728963404893875122e-01;8.142438530921936035e-01;1.072599738836288452e-02
2.192128300666809082e-01;8.164315223693847656e-01;-7.352789491415023804e-02
2.151249945163726807e-01;8.179281353950500488e-01;-4.753924533724784851e-02
2.126873731613159180e-01;8.197377324104309082e-01;-2.210748195648193359e-02
-3.259628117084503174e-01;-2.619815468788146973e-01;-4.541024863719940186e-01
-2.398702204227447510e-01;-3.144144713878631592e-01;-4.942465424537658691e-01
-2.264057248830795288e-01;-3.569257259368896484e-01;-4.512247443199157715e-01
-1.618848443031311035e-01;-2.082298696041107178e-01;-4.831482470035552979e-01
-1.992162019014358521e-01;-9.662818908691406250e-02;-4.347960352897644043e-01
-1.800014823675155640e-01;-2.434048652648925781e-01;-3.679357469081878662e-01
-1.025948673486709595e-01;-4.196025133132934570e-01;-3.135927915573120117e-01
-3.229424357414245605e-03;-3.204105198383331299e-01;-3.505868315696716309e-01
-1.534193754196166992e-01;-1.041426956653594971e-01;-3.914600610733032227e-01
-1.451030075550079346e-01;-1.805718243122100830e-01;-2.339756488800048828e-01
-4.050761461257934570e-01;2.075087726116180420e-01;4.625814557075500488e-01
-4.014221727848052979e-01;1.813970953226089478e-01;5.535950660705566406e-01
-4.035431742668151855e-01;2.504558861255645752e-01;4.687000215053558350e-01
-4.029450714588165283e-01;3.347285091876983643e-01;4.598173797130584717e-01
-3.333468139171600342e-01;1.712538748979568481e-01;4.382254183292388916e-01
-2.587231099605560303e-01;1.965439170598983765e-01;3.506073355674743652e-01
-2.452218830585479736e-01;2.586244046688079834e-01;4.011215567588806152e-01
-3.007704913616180420e-01;4.789346456527709961e-01;3.793846070766448975e-01
-2.001984715461730957e-01;4.551987648010253906e-01;3.903921842575073242e-01
-3.150226175785064697e-01;5.184493064880371094e-01;4.881573319435119629e-01
-1.400734186172485352e-01;2.454645484685897827e-01;-1.933668255805969238e-01
-2.189140617847442627e-01;4.368747174739837646e-01;-4.151798784732818604e-01
-1.492379456758499146e-01;4.898674488067626953e-01;-3.822429180145263672e-01
-1.653909981250762939e-01;6.052495241165161133e-01;-3.357602059841156006e-01
-1.273948252201080322e-01;5.234450101852416992e-01;-2.810774147510528564e-01
-1.377868205308914185e-01;4.382584393024444580e-01;-2.287386953830718994e-01
-7.419765740633010864e-02;2.777520120143890381e-01;-3.027794957160949707e-01
7.242114841938018799e-02;3.635845780372619629e-01;-2.824256420135498047e-01
2.885341644287109375e-03;3.778484761714935303e-01;-6.649994850158691406e-02
8.604638278484344482e-02;3.836776912212371826e-01;-1.588289290666580200e-01
1.551866978406906128e-01;-4.636306464672088623e-01;-1.354384720325469971e-01
1.867108047008514404e-01;-4.742345809936523438e-01;-1.200284510850906372e-01
2.384972125291824341e-01;-4.202283620834350586e-01;-1.385052204132080078e-01
1.607003808021545410e-01;-4.243140220642089844e-01;-7.387625426054000854e-02
7.905000448226928711e-02;-3.266751766204833984e-01;-1.507394015789031982e-01
2.345956563949584961e-01;-3.650472462177276611e-01;-1.941340714693069458e-01
1.705332547426223755e-01;-3.319510817527770996e-01;-8.237736672163009644e-02
2.027450799942016602e-01;-2.216704040765762329e-01;-1.131105870008468628e-01
2.375537008047103882e-01;-1.938301622867584229e-01;-1.770995259284973145e-01
2.575536966323852539e-01;-2.109522968530654907e-01;-2.280241250991821289e-01
-2.377581298351287842e-01;-1.031728088855743408e-02;-3.084691762924194336e-01
-2.196079045534133911e-01;1.546142995357513428e-01;-5.346750617027282715e-01
-1.833482682704925537e-01;1.109760329127311707e-01;-3.244560658931732178e-01
-1.534193754196166992e-01;-1.041427031159400940e-01;-3.914600610733032227e-01
-1.452201157808303833e-01;1.487714797258377075e-02;-4.804241359233856201e-01
-1.871304214000701904e-02;-3.228988498449325562e-02;-2.703881561756134033e-01
-1.009441167116165161e-01;1.583851277828216553e-01;-3.863486647605895996e-01
-8.722564578056335449e-02;1.284637451171875000e-01;-1.910086721181869507e-01
-7.419765740633010864e-02;2.777520120143890381e-01;-3.027794957160949707e-01
-1.400734186172485352e-01;2.454645633697509766e-01;-1.933668255805969238e-01
2.261734306812286377e-01;-2.775396108627319336e-01;6.988565623760223389e-02
1.646389216184616089e-01;-2.082345485687255859e-01;-1.224218308925628662e-02
2.187696546316146851e-01;-1.882515847682952881e-01;5.148726701736450195e-02
2.488727867603302002e-01;-2.696425616741180420e-01;1.504967361688613892e-01
2.123309969902038574e-01;-9.648063778877258301e-02;3.600166738033294678e-02
2.291260808706283569e-01;-1.604397445917129517e-01;9.447031468152999878e-02
2.280845195055007935e-01;-7.674809545278549194e-02;8.987314254045486450e-02
1.959121525287628174e-01;-1.538670808076858521e-01;2.234351336956024170e-01
2.559418678283691406e-01;-1.471381485462188721e-01;1.879479140043258667e-01
2.595602571964263916e-01;-1.520793288946151733e-01;2.144584804773330688e-01
-2.102203965187072754e-01;1.200101971626281738e-01;3.913670778274536133e-01
-2.587231099605560303e-01;1.965439170598983765e-01;3.506073355674743652e-01
-1.991875618696212769e-01;3.020085394382476807e-01;2.104584574699401855e-01
-2.001984715461730957e-01;4.551987648010253906e-01;3.903921842575073242e-01
-4.269519448280334473e-02;2.555714547634124756e-01;4.995878040790557861e-02
-6.328441202640533447e-02;2.034076005220413208e-01;3.963598906993865967e-01
-1.556751430034637451e-01;3.303357660770416260e-01;2.540484070777893066e-01
-2.452218830585479736e-01;2.586244046688079834e-01;4.011215567588806152e-01
-2.281612455844879150e-01;4.930922091007232666e-01;2.721610069274902344e-01
-1.072015538811683655e-01;5.291954874992370605e-01;1.874476373195648193e-01
-1.911754459142684937e-01;-7.223640084266662598e-01;2.280299216508865356e-01
-2.507981359958648682e-01;-7.241593003273010254e-01;3.266206681728363037e-01
-2.574549317359924316e-01;-7.287151217460632324e-01;3.596929609775543213e-01
-2.552026808261871338e-01;-6.725319027900695801e-01;4.175910055637359619e-01
1.812505722045898438e-02;-7.532131075859069824e-01;6.088104844093322754e-02
-1.680207252502441406e-01;-6.347406506538391113e-01;3.884438872337341309e-01
-1.445524245500564575e-01;-7.313011884689331055e-01;4.248491525650024414e-01
-1.386430561542510986e-01;-7.210713624954223633e-01;5.122666954994201660e-01
-8.301831781864166260e-02;-4.666377305984497070e-01;1.857147216796875000e-01
-5.543364584445953369e-02;-4.737443327903747559e-01;3.175115287303924561e-01
-1.554297208786010742e-01;-7.326820492744445801e-01;-3.377283215522766113e-01
-1.201686784625053406e-01;-7.344229221343994141e-01;-2.939659655094146729e-01
-1.237295269966125488e-01;-5.332328081130981445e-01;-3.171705007553100586e-01
-9.735063463449478149e-02;-4.910651147365570068e-01;-3.840374946594238281e-01
-3.117390722036361694e-02;-6.052129268646240234e-01;-2.638764381408691406e-01
-1.971877366304397583e-02;-4.640065133571624756e-01;-1.213046908378601074e-01
1.678417623043060303e-01;-6.570981740951538086e-01;-1.349558979272842407e-01
1.685017347335815430e-02;-4.637016057968139648e-01;-2.240465432405471802e-01
3.857315331697463989e-02;-5.186755657196044922e-01;-4.854363203048706055e-02
-1.025948673486709595e-01;-4.196025133132934570e-01;-3.135927915573120117e-01
-1.735571473836898804e-01;-1.461834758520126343e-01;2.506506741046905518e-01
-2.069765627384185791e-01;-1.607517004013061523e-01;3.872250020503997803e-01
-1.500291079282760620e-01;-1.780268847942352295e-01;3.759421408176422119e-01
-1.349258720874786377e-01;-1.211024075746536255e-01;4.131247997283935547e-01
-2.820459306240081787e-01;2.500664256513118744e-02;3.405730724334716797e-01
-2.350517064332962036e-01;7.875911891460418701e-02;5.125568509101867676e-01
-2.093710750341415405e-01;-2.460354380309581757e-02;4.249987900257110596e-01
-1.472087800502777100e-01;-3.082462213933467865e-02;3.757023513317108154e-01
-2.102203965187072754e-01;1.200102046132087708e-01;3.913670778274536133e-01
-1.036881804466247559e-01;6.523964554071426392e-02;2.456442564725875854e-01
1.812505908310413361e-02;-7.532131075859069824e-01;6.088104844093322754e-02
1.033524200320243835e-01;-7.697882652282714844e-01;-5.357678234577178955e-02
1.087922975420951843e-01;-7.710307836532592773e-01;-2.882838249206542969e-02
1.456810534000396729e-01;-7.731822133064270020e-01;6.838278472423553467e-02
8.918804675340652466e-02;-7.668817043304443359e-01;-6.137891858816146851e-02
4.112351313233375549e-02;-7.584092617034912109e-01;2.151700481772422791e-02
6.075938791036605835e-02;-7.624245285987854004e-01;6.726004183292388916e-03
8.679784834384918213e-02;-7.655348181724548340e-01;4.887798801064491272e-02
1.164723932743072510e-01;-7.311954498291015625e-01;-3.519912064075469971e-02
1.280683577060699463e-01;-7.482309341430664062e-01;1.845329627394676208e-02
-5.752537027001380920e-02;-6.987769156694412231e-02;-2.310434728860855103e-01
-1.871303841471672058e-02;-3.228988870978355408e-02;-2.703881561756134033e-01
4.021603986620903015e-02;-7.588264346122741699e-02;-9.315882623195648193e-02
8.841300755739212036e-02;-2.294060140848159790e-01;-1.542015671730041504e-01
1.890929788351058960e-01;-1.387685090303421021e-01;-1.955717206001281738e-01
1.646389216184616089e-01;-2.082345485687255859e-01;-1.224218308925628662e-02
1.200704425573348999e-01;6.655842065811157227e-03;-2.275557816028594971e-01
1.171816438436508179e-01;-8.362346887588500977e-02;-2.891601622104644775e-02
1.629466414451599121e-01;-7.688875496387481689e-02;-4.878627881407737732e-02
1.847948580980300903e-01;1.133169233798980713e-02;-8.388081938028335571e-02
1.335347890853881836e-01;5.672780871391296387e-01;7.398637384176254272e-02
2.338789105415344238e-01;4.549428820610046387e-01;1.311835646629333496e-01
1.763255298137664795e-01;6.007495522499084473e-01;4.354733228683471680e-02
1.651357412338256836e-01;6.138553023338317871e-01;1.442914605140686035e-01
2.175315022468566895e-01;7.401049733161926270e-01;7.849022746086120605e-03
1.885936856269836426e-01;7.411549687385559082e-01;9.388080239295959473e-02
2.086624652147293091e-01;7.399189472198486328e-01;1.287157833576202393e-01
2.309086471796035767e-01;7.716548442840576172e-01;1.121652200818061829e-01
2.325161844491958618e-01;8.040543794631958008e-01;1.357600092887878418e-01
2.311544418334960938e-01;6.291555762290954590e-01;1.541441380977630615e-01
