-4.363325238227844238e-01;5.678181052207946777e-01;-6.783109307289123535e-01
-3.410364985466003418e-01;4.991329610347747803e-01;-6.180658340454101562e-01
-3.219844698905944824e-01;5.518781542778015137e-01;-5.763021111488342285e-01
-2.124073952436447144e-01;5.192631483078002930e-01;-5.047869682312011719e-01
-3.649519979953765869e-01;7.088416218757629395e-01;-5.897809863090515137e-01
-3.255836665630340576e-01;7.161871790885925293e-01;-6.061401963233947754e-01
-2.602202594280242920e-01;7.173324227333068848e-01;-5.153827667236328125e-01
-1.480369567871093750e-01;6.601360440254211426e-01;-5.520220398902893066e-01
-1.369051486253738403e-01;7.169543504714965820e-01;-5.349689126014709473e-01
-1.361738294363021851e-01;7.171373367309570312e-01;-4.473269879817962646e-01
-3.427772819995880127e-01;6.465137004852294922e-01;5.097822546958923340e-01
-3.206338286399841309e-01;6.987165808677673340e-01;4.557839632034301758e-01
-1.399967223405838013e-01;4.885734915733337402e-01;5.347023606300354004e-01
-2.161797434091567993e-01;5.398948192596435547e-01;5.859397649765014648e-01
-2.348718345165252686e-01;5.906661152839660645e-01;4.352692663669586182e-01
-2.275716215372085571e-01;7.083189487457275391e-01;4.271603524684906006e-01
-2.779209315776824951e-01;7.088432312011718750e-01;4.844196736812591553e-01
-1.497029662132263184e-01;6.139047145843505859e-01;5.379697084426879883e-01
-9.455932676792144775e-02;6.627799868583679199e-01;5.012246370315551758e-01
-2.629366517066955566e-01;6.383594274520874023e-01;5.897839069366455078e-01
-3.751912117004394531e-01;-7.114676833152770996e-01;-5.941761136054992676e-01
-3.166782259941101074e-01;-7.105793952941894531e-01;-5.219672918319702148e-01
-2.015800923109054565e-01;-7.188602685928344727e-01;-5.014331936836242676e-01
-2.164210677146911621e-01;-6.726228594779968262e-01;-5.869717597961425781e-01
-2.214820981025695801e-01;-6.586391329765319824e-01;-5.200197100639343262e-01
-2.190051227807998657e-01;-6.505867838859558105e-01;-3.973084688186645508e-01
-3.943079113960266113e-01;-5.343076586723327637e-01;-6.416512727737426758e-01
-1.002586781978607178e-01;-7.172254323959350586e-01;-5.113599896430969238e-01
-1.889039874076843262e-01;-7.109212279319763184e-01;-3.885078430175781250e-01
-1.837987005710601807e-01;-5.351293087005615234e-01;-5.857317447662353516e-01
1.943133175373077393e-01;6.667345762252807617e-01;-1.619008183479309082e-01
1.783755570650100708e-01;6.901226639747619629e-01;-1.461229026317596436e-01
1.843811273574829102e-01;7.450637221336364746e-01;-1.256171762943267822e-01
1.619586199522018433e-01;6.502538323402404785e-01;-5.453887581825256348e-02
1.815034747123718262e-01;5.917934775352478027e-01;-9.376937150955200195e-02
2.081331312656402588e-01;7.437809109687805176e-01;-8.364963531494140625e-02
2.095529437065124512e-01;7.575558423995971680e-01;-5.890523642301559448e-02
2.448898404836654663e-01;5.500212907791137695e-01;-5.305869504809379578e-02
2.392018288373947144e-01;7.448326349258422852e-01;-1.626394093036651611e-01
2.349935472011566162e-01;6.587353348731994629e-01;-8.708339929580688477e-02
-4.146760404109954834e-01;7.471824437379837036e-02;-5.659947395324707031e-01
-2.834481000900268555e-01;6.414389610290527344e-02;-5.607326030731201172e-01
-2.062674462795257568e-01;-1.658877134323120117e-01;-5.860449671745300293e-01
-1.898080259561538696e-01;-8.042505383491516113e-02;-5.859253406524658203e-01
-1.729367673397064209e-01;-1.281976997852325439e-01;-4.323358237743377686e-01
-2.424438744783401489e-01;2.859896048903465271e-02;-5.879132747650146484e-01
-2.549602091312408447e-01;9.744767844676971436e-02;-5.919009447097778320e-01
-1.560289114713668823e-01;-4.438089951872825623e-02;-5.344240665435791016e-01
-1.274003386497497559e-01;2.719008177518844604e-02;-4.776872992515563965e-01
-2.420513480901718140e-01;2.369707226753234863e-01;-5.895143747329711914e-01
-2.465938329696655273e-01;-1.040224209427833557e-01;4.697340726852416992e-01
-2.215215265750885010e-01;5.384117364883422852e-02;3.426229357719421387e-01
-1.872229278087615967e-01;-4.518364369869232178e-02;5.344920158386230469e-01
-2.430703192949295044e-01;7.789551466703414917e-02;4.533249735832214355e-01
-9.451633691787719727e-02;-1.015822216868400574e-01;4.399293065071105957e-01
-3.106290102005004883e-02;-6.350351125001907349e-02;4.278673231601715088e-01
-1.067374125123023987e-01;1.794908754527568817e-02;3.873088061809539795e-01
-1.426770836114883423e-01;2.927722595632076263e-02;4.495581090450286865e-01
-1.580324470996856689e-01;1.503435522317886353e-01;5.331252217292785645e-01
-5.267961323261260986e-02;1.268553435802459717e-01;4.329288303852081299e-01
-2.111607939004898071e-01;2.091307640075683594e-01;-4.161874055862426758e-01
-1.613927334547042847e-01;2.091767042875289917e-01;-3.656275868415832520e-01
-1.034950464963912964e-01;3.066985905170440674e-01;-4.802924394607543945e-01
-1.158710569143295288e-01;3.777943849563598633e-01;-4.077433049678802490e-01
-1.715384274721145630e-01;4.132970273494720459e-01;-3.790905773639678955e-01
-4.484726116061210632e-02;2.073972225189208984e-01;-4.324360489845275879e-01
-5.019418895244598389e-03;1.033176183700561523e-01;-2.061185687780380249e-01
4.653801769018173218e-02;1.735274493694305420e-01;-1.265847980976104736e-01
-8.704040199518203735e-02;3.229438066482543945e-01;-2.697324454784393311e-01
1.093062981963157654e-01;4.074143469333648682e-01;-2.753255069255828857e-01
1.151848211884498596e-01;3.268256783485412598e-02;2.551054954528808594e-01
9.853819012641906738e-02;2.146557867527008057e-01;4.054896533489227295e-02
-3.242254257202148438e-03;3.438919484615325928e-01;2.801633775234222412e-01
1.289107650518417358e-01;1.776966750621795654e-01;2.580463588237762451e-01
2.825191318988800049e-01;1.836515218019485474e-01;9.914538264274597168e-02
2.655040621757507324e-01;1.758520901203155518e-01;7.558628916740417480e-02
2.730436027050018311e-01;2.155477553606033325e-01;6.404903531074523926e-02
1.729027032852172852e-01;2.392496168613433838e-01;2.261439263820648193e-01
1.096114367246627808e-01;4.418525993824005127e-01;2.634086012840270996e-01
2.714703977108001709e-01;4.013375937938690186e-01;1.672862619161605835e-01
-3.585407137870788574e-01;-3.445877134799957275e-02;5.544987320899963379e-01
-2.430703192949295044e-01;7.789550721645355225e-02;4.533249735832214355e-01
-3.055523335933685303e-01;1.421491056680679321e-01;5.300791263580322266e-01
-4.267472028732299805e-01;4.901923239231109619e-02;6.661672592163085938e-01
-3.097423017024993896e-01;2.253480553627014160e-01;4.997997879981994629e-01
-2.370430529117584229e-01;3.168731629848480225e-01;5.112918019294738770e-01
-4.195640981197357178e-01;2.410342246294021606e-01;6.177194118499755859e-01
-3.043054044246673584e-01;3.895662724971771240e-01;5.215587019920349121e-01
-1.580324470996856689e-01;1.503435522317886353e-01;5.331252217292785645e-01
-1.360206305980682373e-01;3.590405583381652832e-01;5.346128940582275391e-01
-1.480369567871093750e-01;6.601360440254211426e-01;-5.520220398902893066e-01
-1.369051486253738403e-01;7.169543504714965820e-01;-5.349689126014709473e-01
-1.752743571996688843e-01;5.789901614189147949e-01;-3.754802644252777100e-01
-1.361738294363021851e-01;7.171373367309570312e-01;-4.473269879817962646e-01
-5.005940049886703491e-02;7.167671918869018555e-01;-4.480932056903839111e-01
-6.017916649580001831e-02;7.143582701683044434e-01;-3.007217049598693848e-01
-2.354067517444491386e-03;6.458814144134521484e-01;-4.506738483905792236e-01
7.613781094551086426e-02;5.940372943878173828e-01;-3.366133272647857666e-01
7.522613555192947388e-02;5.371607542037963867e-01;-2.602097094058990479e-01
6.088143214583396912e-02;6.626998186111450195e-01;-2.740616202354431152e-01
-3.943079113960266113e-01;-5.343076586723327637e-01;-6.416512727737426758e-01
-3.943810164928436279e-01;-4.044423699378967285e-01;-5.652057528495788574e-01
-1.927608251571655273e-01;-4.467069506645202637e-01;-5.438223481178283691e-01
-3.704035282135009766e-01;-3.379009962081909180e-01;-6.367833018302917480e-01
-2.451997548341751099e-01;-2.677635252475738525e-01;-4.775766432285308838e-01
-3.780231177806854248e-01;-2.058772444725036621e-01;-5.990629196166992188e-01
-2.062674462795257568e-01;-1.658877134323120117e-01;-5.860449671745300293e-01
-1.738909184932708740e-01;-2.860582768917083740e-01;-5.858761072158813477e-01
-1.694528758525848389e-01;-2.810755670070648193e-01;-5.857427120208740234e-01
-1.735591739416122437e-01;-2.201637625694274902e-01;-5.859364271163940430e-01
2.637694478034973145e-01;1.233708858489990234e-01;-1.126714050769805908e-01
2.353917509317398071e-01;1.025585234165191650e-01;-4.278913885354995728e-02
2.205201983451843262e-01;3.410533666610717773e-01;-1.972617506980895996e-01
1.296057850122451782e-01;1.901517957448959351e-01;-1.334675550460815430e-01
2.249732315540313721e-01;2.179929167032241821e-01;-6.594777107238769531e-03
2.088062316179275513e-01;3.655537366867065430e-01;-5.627620220184326172e-02
2.800471782684326172e-01;2.584743797779083252e-01;-1.092959195375442505e-01
2.713751792907714844e-01;2.073101550340652466e-01;-2.437274158000946045e-02
2.651311159133911133e-01;2.819599211215972900e-01;-2.295058220624923706e-02
2.433289140462875366e-01;4.038391709327697754e-01;-1.454468518495559692e-01
-4.235561788082122803e-01;2.311756014823913574e-01;-6.656334996223449707e-01
-4.008280038833618164e-01;2.188694924116134644e-01;-6.002846956253051758e-01
-4.402503669261932373e-01;3.912210762500762939e-01;-6.828699111938476562e-01
-3.939726352691650391e-01;4.152286350727081299e-01;-6.478161811828613281e-01
-3.410364985466003418e-01;4.991329610347747803e-01;-6.180658340454101562e-01
-3.097443282604217529e-01;3.298133909702301025e-01;-4.860840737819671631e-01
-4.363325238227844238e-01;5.678181052207946777e-01;-6.783109307289123535e-01
-3.219844698905944824e-01;5.518781542778015137e-01;-5.763021111488342285e-01
-2.420513480901718140e-01;2.369707226753234863e-01;-5.895143747329711914e-01
-1.482499539852142334e-01;4.354936778545379639e-01;-5.858365297317504883e-01
-4.111348837614059448e-02;-3.854008316993713379e-01;2.632750570774078369e-01
-3.059967607259750366e-02;-3.468392491340637207e-01;4.242365360260009766e-01
-2.991055697202682495e-02;-2.431071102619171143e-01;2.657685279846191406e-01
-9.586911648511886597e-02;-2.177947312593460083e-01;4.776857793331146240e-01
-9.451634436845779419e-02;-1.015822291374206543e-01;4.399293065071105957e-01
1.101886853575706482e-01;-4.022968411445617676e-01;3.252016305923461914e-01
6.468127667903900146e-02;-2.101614624261856079e-01;1.488304138183593750e-01
1.663239747285842896e-01;-1.336655318737030029e-01;2.067632973194122314e-01
5.253329128026962280e-02;-2.004196196794509888e-01;3.469063937664031982e-01
-3.106290102005004883e-02;-6.350351870059967041e-02;4.278673231601715088e-01
-2.928526997566223145e-01;-7.020951509475708008e-01;4.445272982120513916e-01
-1.144557669758796692e-01;-7.180355787277221680e-01;4.098112285137176514e-01
-1.014439240097999573e-01;-7.186915874481201172e-01;4.565883278846740723e-01
-1.787970215082168579e-01;-6.572802066802978516e-01;5.853978395462036133e-01
-7.982484251260757446e-02;-5.941264629364013672e-01;4.880237579345703125e-01
-5.145482718944549561e-03;-6.484302282333374023e-01;4.626730084419250488e-01
3.042463958263397217e-02;-6.496706604957580566e-01;3.598291873931884766e-01
-7.730734348297119141e-02;-7.095701694488525391e-01;5.854147672653198242e-01
-1.886332184076309204e-01;-5.803447365760803223e-01;4.283849895000457764e-01
-2.930631116032600403e-02;-5.847687721252441406e-01;4.431450664997100830e-01
-3.097443282604217529e-01;3.298133909702301025e-01;-4.860840737819671631e-01
-2.420513480901718140e-01;2.369707226753234863e-01;-5.895143747329711914e-01
-3.410364985466003418e-01;4.991329610347747803e-01;-6.180658340454101562e-01
-3.219844698905944824e-01;5.518781542778015137e-01;-5.763021111488342285e-01
-2.124073952436447144e-01;5.192631483078002930e-01;-5.047869682312011719e-01
-1.034950464963912964e-01;3.066985905170440674e-01;-4.802924394607543945e-01
-1.302133202552795410e-01;3.916256725788116455e-01;-5.328288078308105469e-01
-1.482499390840530396e-01;4.354936778545379639e-01;-5.858365297317504883e-01
-1.715384274721145630e-01;4.132970273494720459e-01;-3.790905773639678955e-01
-1.158710569143295288e-01;3.777943849563598633e-01;-4.077433049678802490e-01
1.326646655797958374e-01;-7.421723604202270508e-01;-2.800703048706054688e-02
1.926430761814117432e-01;-7.381296157836914062e-01;-1.510450616478919983e-02
1.618859022855758667e-01;-6.482761502265930176e-01;-1.258330047130584717e-02
1.327628195285797119e-01;-7.424120903015136719e-01;3.735147416591644287e-02
1.422667503356933594e-01;-7.448323965072631836e-01;3.133264183998107910e-02
1.509931832551956177e-01;-7.462780475616455078e-01;6.035583093762397766e-02
2.044389247894287109e-01;-7.600297331809997559e-01;2.444968558847904205e-02
2.040010541677474976e-01;-7.599610686302185059e-01;1.282190904021263123e-02
1.756316423416137695e-01;-7.496722936630249023e-01;9.772158414125442505e-02
2.109077721834182739e-01;-7.584961056709289551e-01;8.233460783958435059e-02
1.007627546787261963e-01;5.327622890472412109e-01;7.910704612731933594e-02
1.937971264123916626e-01;4.809577465057373047e-01;-5.539283156394958496e-03
2.389075011014938354e-01;5.684072375297546387e-01;1.525498926639556885e-02
1.197133958339691162e-01;5.527772307395935059e-01;1.780979782342910767e-01
2.714703977108001709e-01;4.013375937938690186e-01;1.672862619161605835e-01
2.569713294506072998e-01;4.661932289600372314e-01;7.673236727714538574e-02
2.519349157810211182e-01;4.490492641925811768e-01;1.286326646804809570e-01
2.608970701694488525e-01;4.838365316390991211e-01;1.158044263720512390e-01
2.639245986938476562e-01;4.800292849540710449e-01;1.750784218311309814e-01
2.054789215326309204e-01;6.098273992538452148e-01;9.596154093742370605e-02
3.439435362815856934e-02;-5.253518819808959961e-01;-3.340934813022613525e-01
4.514156281948089600e-02;-4.464655220508575439e-01;-3.296243548393249512e-01
7.110624760389328003e-02;-4.989666938781738281e-01;-2.201492190361022949e-01
2.138384878635406494e-01;-6.438291072845458984e-01;-1.870830208063125610e-01
1.633104234933853149e-01;-4.440638422966003418e-01;-2.824883759021759033e-01
2.372322231531143188e-01;-4.986014068126678467e-01;-1.714688688516616821e-01
2.417667657136917114e-01;-3.759553432464599609e-01;-1.315517574548721313e-01
2.758049964904785156e-01;-4.005541503429412842e-01;-1.453384310007095337e-01
9.822916984558105469e-02;-5.425741672515869141e-01;-1.054744720458984375e-01
1.018505394458770752e-01;-2.506962418556213379e-01;-2.086883634328842163e-01
