-3.983497023582458496e-01;-5.288175940513610840e-01;-6.313900351524353027e-01
-2.985142469406127930e-01;7.181242108345031738e-02;-5.587651133537292480e-01
-3.146356940269470215e-01;-4.721771776676177979e-01;5.937945842742919922e-01
-3.854089379310607910e-01;-1.992970407009124756e-01;-5.874508023262023926e-01
2.529077827930450439e-01;-1.549876779317855835e-01;2.661357633769512177e-02
2.524850368499755859e-01;-1.470127403736114502e-01;-1.543915458023548126e-02
-2.709833383560180664e-01;-1.586670875549316406e-01;5.872514843940734863e-01
-2.908427417278289795e-01;-3.513330221176147461e-01;5.480640530586242676e-01
-4.282667934894561768e-01;2.386989146471023560e-01;-6.496427059173583984e-01
2.546337544918060303e-01;2.183712422847747803e-01;-3.489194810390472412e-02
-2.568967044353485107e-01;3.609638288617134094e-02;-5.879180431365966797e-01
2.544143497943878174e-01;2.940594851970672607e-01;-3.153803199529647827e-02
-3.127090036869049072e-01;1.505200564861297607e-01;5.160179138183593750e-01
-2.530100047588348389e-01;3.270902335643768311e-01;5.029895901679992676e-01
-3.317622244358062744e-01;5.564697980880737305e-01;-5.711307525634765625e-01
2.589697241783142090e-01;2.258910983800888062e-01;7.603698968887329102e-02
2.544776201248168945e-01;-3.497505187988281250e-01;5.857879295945167542e-03
-2.568662166595458984e-01;-9.911185503005981445e-02;4.561691582202911377e-01
-2.471277564764022827e-01;-3.518347442150115967e-01;4.958532154560089111e-01
-1.833503246307373047e-01;-1.234023049473762512e-01;-4.234392344951629639e-01
2.647398710250854492e-01;4.283482953906059265e-02;-1.033416986465454102e-01
1.800293177366256714e-01;-4.221019521355628967e-02;-7.547615468502044678e-02
1.811867654323577881e-01;1.326564885675907135e-02;8.293085545301437378e-02
-4.075889289379119873e-01;2.252161651849746704e-01;-5.928627252578735352e-01
-2.514235675334930420e-01;-2.635445296764373779e-01;-4.664773046970367432e-01
-3.133268654346466064e-01;3.986651003360748291e-01;5.069040656089782715e-01
1.889683753252029419e-01;8.591780066490173340e-02;9.059257805347442627e-02
2.553322613239288330e-01;-4.311252236366271973e-01;7.871061097830533981e-05
-1.228366047143936157e-01;2.504222095012664795e-02;3.799211382865905762e-01
-1.156118065118789673e-01;2.312287501990795135e-02;-3.411454856395721436e-01
-4.390736818313598633e-01;5.570799484848976135e-02;6.561415195465087891e-01
-3.696263134479522705e-01;-2.847980149090290070e-02;5.445277094841003418e-01
-2.528007924556732178e-01;8.565507829189300537e-02;4.396797120571136475e-01
2.650924921035766602e-01;1.937868595123291016e-01;1.149505972862243652e-01
-2.800493240356445312e-01;6.415407657623291016e-01;5.869914889335632324e-01
2.628845274448394775e-01;-2.627475857734680176e-01;1.037448272109031677e-01
2.650317251682281494e-01;-1.960790902376174927e-01;-1.101424321532249451e-01
-2.186825722455978394e-01;2.188136875629425049e-01;-4.072586297988891602e-01
-1.680306494235992432e-01;2.193034589290618896e-01;-3.559476733207702637e-01
-3.185060918331146240e-01;3.389118909835815430e-01;-4.796759486198425293e-01
-2.258827686309814453e-01;5.276073813438415527e-01;-4.996310174465179443e-01
-2.113272547721862793e-01;-3.875887766480445862e-02;5.329532623291015625e-01
-1.245856806635856628e-01;2.228110581636428833e-01;3.414758443832397461e-01
-2.374082356691360474e-01;5.468477606773376465e-01;5.820593237876892090e-01
-1.222838610410690308e-01;-2.432927191257476807e-01;-3.931973278522491455e-01
2.677119076251983643e-01;2.682039737701416016e-01;-1.262814700603485107e-01
2.602826058864593506e-01;4.765687286853790283e-01;8.291529864072799683e-02
-3.698311001062393188e-02;1.008956059813499451e-01;3.131607174873352051e-01
6.925019621849060059e-02;-7.949802279472351074e-02;-2.069127857685089111e-01
1.183098629117012024e-01;2.020871788263320923e-01;-1.337431222200393677e-01
2.551414370536804199e-01;5.774932503700256348e-01;1.382578909397125244e-02
1.314366310834884644e-01;1.570403277873992920e-01;-1.707440018653869629e-01
-1.278703212738037109e-01;3.890466690063476562e-01;-4.017867147922515869e-01
-4.250610470771789551e-01;2.494930773973464966e-01;6.006582975387573242e-01
-7.119108736515045166e-02;6.883019208908081055e-02;-2.441212683916091919e-01
2.588549554347991943e-01;5.584064126014709473e-01;-5.948747694492340088e-02
-2.244650125503540039e-01;-1.598655730485916138e-01;-5.863611698150634766e-01
-3.384373486042022705e-01;7.205582261085510254e-01;-6.051909923553466797e-01
-2.069367319345474243e-01;-4.978299513459205627e-02;-3.506311774253845215e-01
2.706294655799865723e-01;-1.550628840923309326e-01;1.522620022296905518e-01
-2.096294462680816650e-01;-4.419097602367401123e-01;-5.413619279861450195e-01
-1.477741301059722900e-01;3.469765931367874146e-02;-4.777215123176574707e-01
-1.258075237274169922e-02;1.129528284072875977e-01;-1.977405101060867310e-01
-1.766033619642257690e-01;4.247643351554870605e-01;-3.674936890602111816e-01
-3.906157240271568298e-02;-2.408149391412734985e-01;2.540540099143981934e-01
5.658598616719245911e-02;-2.082388103008270264e-01;1.393683999776840210e-01
7.752008270472288132e-03;1.015876308083534241e-01;1.712799519300460815e-01
1.270052492618560791e-01;-3.390796780586242676e-01;1.378096342086791992e-01
-6.533101201057434082e-02;-1.074123308062553406e-01;-2.367958426475524902e-01
2.720227837562561035e-02;-3.965497016906738281e-02;-3.023410737514495850e-01
5.020591616630554199e-02;-2.491745799779891968e-01;-1.600001901388168335e-01
-2.606340944766998291e-01;-4.045983850955963135e-01;4.111770391464233398e-01
8.708417415618896484e-02;-2.495188713073730469e-01;-2.084499895572662354e-01
-2.186297327280044556e-01;-2.389104217290878296e-01;3.639695346355438232e-01
-3.998959660530090332e-01;-3.977410495281219482e-01;-5.562639832496643066e-01
2.649539709091186523e-01;4.921050965785980225e-01;1.234415471553802490e-01
9.648605436086654663e-02;2.280408293008804321e-01;3.536391258239746094e-02
1.419898420572280884e-01;-1.301924437284469604e-01;2.111350744962692261e-01
-4.566635191440582275e-01;-2.802508771419525146e-01;-6.651973128318786621e-01
-4.786109924316406250e-02;2.030754089355468750e-01;3.702268898487091064e-01
-1.388155017048120499e-02;3.567406535148620605e-01;2.690379619598388672e-01
-1.957206130027770996e-01;-5.758237838745117188e-01;4.122882783412933350e-01
-1.283137798309326172e-01;1.381190270185470581e-01;2.763497531414031982e-01
-1.801866739988327026e-01;1.586609631776809692e-01;5.293648838996887207e-01
-5.373718217015266418e-02;2.725290656089782715e-01;3.750848174095153809e-01
-2.323766201734542847e-01;-6.491872072219848633e-01;-5.138887763023376465e-01
8.947057276964187622e-02;4.077322408556938171e-02;2.572718858718872070e-01
-6.903044879436492920e-02;-2.984415292739868164e-01;-2.555013298988342285e-01
-9.276133030652999878e-02;3.350462019443511963e-01;-2.598430514335632324e-01
1.100346669554710388e-01;4.198536574840545654e-01;1.132367085665464401e-02
4.253226518630981445e-02;1.848725378513336182e-01;-1.192672699689865112e-01
1.863728761672973633e-01;-5.908311605453491211e-01;3.657450526952743530e-02
1.103755310177803040e-01;-4.419162869453430176e-01;6.858380138874053955e-02
-4.661763086915016174e-02;-3.843416869640350342e-01;2.479799389839172363e-01
-1.408293843269348145e-01;-5.340636968612670898e-01;-4.450645148754119873e-01
-1.357297152280807495e-01;-5.223076939582824707e-01;-3.720757365226745605e-01
-2.414352297782897949e-01;6.006423830986022949e-01;4.191259741783142090e-01
-2.854080200195312500e-01;7.159331440925598145e-01;4.705618917942047119e-01
-1.192018166184425354e-01;-2.131846100091934204e-01;4.752834141254425049e-01
-2.694352865219116211e-01;7.218551635742187500e-01;-5.125949978828430176e-01
2.710385620594024658e-01;-3.957891464233398438e-01;-1.609803289175033569e-01
-2.033119350671768188e-01;-5.288507342338562012e-01;-5.863192677497863770e-01
-3.767942190170288086e-01;-6.981526613235473633e-01;-5.918254852294921875e-01
-3.649324178695678711e-02;-1.924890875816345215e-01;-1.783997118473052979e-01
1.043010428547859192e-01;1.888422966003417969e-01;2.602356672286987305e-01
6.326876580715179443e-02;4.380827844142913818e-01;1.720654219388961792e-01
1.500305086374282837e-01;2.518613934516906738e-01;2.295385301113128662e-01
-1.992087811231613159e-01;-6.489548087120056152e-01;5.812840461730957031e-01
2.523507177829742432e-01;-7.376949787139892578e-01;9.676501154899597168e-03
-1.780841499567031860e-01;-3.814468532800674438e-02;-5.352354049682617188e-01
2.528835535049438477e-01;-7.375881075859069824e-01;2.138339355587959290e-02
2.512688636779785156e-01;7.512289285659790039e-01;9.556703269481658936e-03
2.323682159185409546e-01;-7.207385897636413574e-01;-1.774519681930541992e-02
-5.728466808795928955e-02;-5.765203386545181274e-02;4.266198575496673584e-01
2.605825960636138916e-01;6.594467759132385254e-01;-9.335043281316757202e-02
-1.816741675138473511e-01;5.911725759506225586e-01;-3.648190796375274658e-01
1.049141213297843933e-01;5.472534894943237305e-01;6.986238807439804077e-02
1.821596622467041016e-01;6.579957008361816406e-01;-5.366386100649833679e-02
2.042624801397323608e-01;7.476189136505126953e-01;-1.423227600753307343e-02
2.547142207622528076e-01;7.483836412429809570e-01;-6.160488352179527283e-02
2.533740103244781494e-01;7.494171857833862305e-01;6.209340319037437439e-02
2.577072381973266602e-01;-6.993343830108642578e-01;-7.575100660324096680e-02
-3.978839814662933350e-01;-6.354099512100219727e-01;5.591057538986206055e-01
-7.508213073015213013e-02;-4.496068954467773438e-01;2.504561245441436768e-01
1.380244195461273193e-01;4.785197973251342773e-01;-1.881295144557952881e-01
-1.610383540391921997e-01;4.974940717220306396e-01;5.293115973472595215e-01
-1.018404960632324219e-01;6.050350666046142578e-01;3.224013447761535645e-01
2.565260827541351318e-01;-7.348893880844116211e-01;8.012068271636962891e-02
-1.240795999765396118e-01;3.167876601219177246e-01;-4.809236526489257812e-01
1.042897999286651611e-01;-5.427345633506774902e-01;-9.800525754690170288e-02
2.052286565303802490e-01;3.534756898880004883e-01;-2.049210816621780396e-01
2.677737921476364136e-02;-1.975107342004776001e-01;3.472150862216949463e-01
-1.583955436944961548e-01;3.691058456897735596e-01;5.309565663337707520e-01
1.225664019584655762e-01;5.649774074554443359e-01;1.659304499626159668e-01
-1.683902144432067871e-01;7.225822806358337402e-01;4.011430740356445312e-01
6.832282990217208862e-02;-4.980308115482330322e-01;-2.108884304761886597e-01
2.468281984329223633e-01;7.373151779174804688e-01;-8.612770587205886841e-02
-1.700457632541656494e-01;6.206248998641967773e-01;5.322664380073547363e-01
2.496311962604522705e-01;-7.242727875709533691e-01;-9.657930582761764526e-02
-2.996701896190643311e-01;-5.769118666648864746e-01;4.302238225936889648e-01
-1.923861354589462280e-01;-2.756645381450653076e-01;-5.866752266883850098e-01
1.473818123340606689e-01;7.417495250701904297e-01;2.165267616510391235e-02
-6.578436493873596191e-02;2.174792289733886719e-01;-4.335831105709075928e-01
1.998504251241683960e-01;-5.654520988464355469e-01;1.706597208976745605e-01
2.740786969661712646e-01;-3.415153622627258301e-01;1.988839954137802124e-01
-3.020085394382476807e-01;-6.958634853363037109e-01;4.319916367530822754e-01
-5.134089663624763489e-02;-3.435388207435607910e-01;4.200485646724700928e-01
3.172640502452850342e-02;8.768946677446365356e-02;-4.074182361364364624e-02
2.460150420665740967e-01;-7.212149500846862793e-01;1.153380274772644043e-01
-2.298829853534698486e-01;6.127032637596130371e-02;3.298856317996978760e-01
-2.239810675382614136e-01;-6.470744609832763672e-01;-3.865502178668975830e-01
2.603328526020050049e-01;7.457751631736755371e-01;1.161375939846038818e-01
2.603003382682800293e-01;-7.316581010818481445e-01;-1.201235502958297729e-01
-1.670799404382705688e-01;6.656291484832763672e-01;-5.522456169128417969e-01
9.634514153003692627e-02;4.545476138591766357e-01;2.574381530284881592e-01
9.481701254844665527e-02;4.202869832515716553e-01;-2.745552361011505127e-01
1.032288298010826111e-01;-2.036937978118658066e-03;-3.001869320869445801e-01
2.616041600704193115e-01;7.444594502449035645e-01;1.281918734312057495e-01
6.890598684549331665e-02;5.490404963493347168e-01;-2.518807053565979004e-01
2.773177027702331543e-01;-1.842373609542846680e-01;-2.065668404102325439e-01
2.748409807682037354e-01;4.021760523319244385e-01;2.080685943365097046e-01
-4.381061494350433350e-01;5.765392780303955078e-01;-6.594678759574890137e-01
-3.301338553428649902e-01;-7.940175384283065796e-02;4.375829398632049561e-01
2.104329168796539307e-01;-4.871468618512153625e-02;2.365945130586624146e-01
2.819738723337650299e-02;-1.931098289787769318e-02;4.677111655473709106e-02
-1.239347606897354126e-01;-7.097538113594055176e-01;3.965862691402435303e-01
3.145442903041839600e-02;-4.438438415527343750e-01;-3.259529471397399902e-01
2.152204811573028564e-01;7.427998781204223633e-01;-1.232334747910499573e-01
3.143562376499176025e-02;-5.310556292533874512e-01;1.255774646997451782e-01
2.642849981784820557e-01;-7.301655411720275879e-01;1.405007541179656982e-01
2.656838297843933105e-02;5.378799438476562500e-01;-1.470306813716888428e-01
2.633689939975738525e-01;-7.293742299079895020e-01;-1.446148008108139038e-01
3.472457453608512878e-02;-3.600121140480041504e-01;1.809708587825298309e-02
3.384001925587654114e-02;-5.052492618560791016e-01;-1.127745509147644043e-01
2.664001286029815674e-01;-6.937811374664306641e-01;-1.550325602293014526e-01
-1.520491093397140503e-01;4.013053476810455322e-01;-5.337564349174499512e-01
3.233464434742927551e-02;-3.793553709983825684e-01;-3.009226173162460327e-02
-9.254270233213901520e-03;6.674483418464660645e-01;2.605981826782226562e-01
-1.202528923749923706e-01;6.033136248588562012e-01;-2.631399333477020264e-01
2.483781874179840088e-01;-7.177774906158447266e-01;-1.548499315977096558e-01
2.249318920075893402e-02;-5.214346647262573242e-01;-3.284189105033874512e-01
9.915727376937866211e-02;-1.652213037014007568e-01;-3.113158345222473145e-01
1.243836954236030579e-01;-7.233299016952514648e-01;1.380096077919006348e-01
2.504949569702148438e-01;7.273083329200744629e-01;1.643149554729461670e-01
-1.468731164932250977e-01;-7.056114673614501953e-01;-3.143716156482696533e-01
2.662561237812042236e-01;-7.277010679244995117e-01;1.652087569236755371e-01
-3.301841318607330322e-01;7.071428298950195312e-01;4.443070292472839355e-01
2.042555958032608032e-01;-6.833229660987854004e-01;1.735043078660964966e-01
2.776911482214927673e-02;3.807254731655120850e-01;-1.718236133456230164e-02
5.332611873745918274e-02;-6.617366671562194824e-01;1.394965350627899170e-01
2.698780000209808350e-01;6.643606424331665039e-01;1.877056360244750977e-01
7.882660627365112305e-02;-7.201501727104187012e-01;-9.712427854537963867e-02
-2.160006761550903320e-01;4.710666537284851074e-01;3.191534280776977539e-01
2.678936421871185303e-01;7.391860485076904297e-01;-1.694532036781311035e-01
1.227320134639739990e-01;6.776860356330871582e-01;1.900825500488281250e-01
-4.217091202735900879e-01;8.137070387601852417e-02;-5.599136948585510254e-01
-9.862762689590454102e-02;-5.878688097000122070e-01;4.803285598754882812e-01
-1.133604124188423157e-01;6.689639091491699219e-01;4.936585724353790283e-01
-3.101444058120250702e-02;-5.958577990531921387e-01;-4.098132550716400146e-01
-1.983925700187683105e-01;-2.038891464471817017e-01;-2.637104392051696777e-01
-3.878726065158843994e-01;3.758523985743522644e-02;-6.284493207931518555e-01
-3.893324136734008789e-01;-3.315140604972839355e-01;-6.306579709053039551e-01
-2.647408545017242432e-01;1.045343056321144104e-01;-5.888756513595581055e-01
2.266675531864166260e-01;-1.412841770797967911e-02;1.124412287026643753e-02
-3.462333977222442627e-01;5.028350949287414551e-01;-6.104897856712341309e-01
2.376135140657424927e-01;-1.629879325628280640e-01;5.008811876177787781e-02
2.200500369071960449e-01;2.051040902733802795e-02;-4.676596447825431824e-02
2.195922583341598511e-01;1.122467592358589172e-01;-5.288970097899436951e-02
-2.608820199966430664e-01;2.459325939416885376e-01;-5.891786813735961914e-01
2.162211835384368896e-01;2.305208593606948853e-01;-7.440945133566856384e-03
2.495795190334320068e-01;1.859402805566787720e-01;8.802159875631332397e-02
2.185402810573577881e-01;-2.876352965831756592e-01;1.069743838161230087e-02
2.117212116718292236e-01;-2.493152618408203125e-01;-3.894980251789093018e-02
-2.443528771400451660e-01;-3.061147630214691162e-01;4.634348154067993164e-01
-1.619549542665481567e-01;3.657321259379386902e-02;4.439561069011688232e-01
2.253057360649108887e-01;-2.545756399631500244e-01;-9.912878274917602539e-02
-2.014190107583999634e-01;-3.650796413421630859e-01;4.528318643569946289e-01
2.444807142019271851e-01;-4.180273041129112244e-02;-1.231759414076805115e-01
2.086336910724639893e-01;3.796591758728027344e-01;-6.151067838072776794e-02
2.624744474887847900e-01;-7.962221652269363403e-02;1.298584640026092529e-01
-1.682462543249130249e-01;2.951823770999908447e-01;4.465520977973937988e-01
2.448156923055648804e-01;1.327858865261077881e-01;-1.297863274812698364e-01
-3.259189426898956299e-01;-4.872506484389305115e-02;4.904147982597351074e-01
-3.172838985919952393e-01;2.344178110361099243e-01;4.858576059341430664e-01
2.004493772983551025e-01;-4.411346018314361572e-01;-2.707675099372863770e-02
2.616124153137207031e-01;-2.331320792436599731e-01;1.313849240541458130e-01
-3.307616710662841797e-01;-1.588769555091857910e-01;4.931257069110870361e-01
2.024438977241516113e-01;4.952786266803741455e-01;-6.362378131598234177e-03
-1.846579313278198242e-01;-4.734223484992980957e-01;4.494974315166473389e-01
-1.147091239690780640e-01;-9.628191590309143066e-02;4.347414076328277588e-01
2.578262984752655029e-01;-3.150100111961364746e-01;1.300909817218780518e-01
-1.453489661216735840e-01;3.648114800453186035e-01;4.413992762565612793e-01
2.070008367300033569e-01;4.596688747406005859e-01;-7.867503166198730469e-02
2.237772643566131592e-01;-5.179365277290344238e-01;6.994245201349258423e-02
-3.526566922664642334e-01;7.176393270492553711e-01;-5.873910784721374512e-01
2.471863180398941040e-01;-2.648664414882659912e-01;-1.533633321523666382e-01
-4.205285012722015381e-01;4.192474186420440674e-01;-6.458663940429687500e-01
2.359289675951004028e-01;-3.733904361724853516e-01;-1.425004005432128906e-01
2.711687386035919189e-01;3.165641427040100098e-02;1.702513098716735840e-01
2.518680095672607422e-01;4.592597186565399170e-01;1.352747827768325806e-01
-2.314161807298660278e-01;-6.633915901184082031e-01;-5.868049263954162598e-01
1.980742663145065308e-01;-5.565075278282165527e-01;-8.533366769552230835e-02
-2.995938360691070557e-01;-7.057791352272033691e-01;-5.183018445968627930e-01
2.231122702360153198e-01;6.166107058525085449e-01;9.305289387702941895e-02
2.383430153131484985e-01;4.154812693595886230e-01;-1.554447263479232788e-01
1.956910938024520874e-01;6.016789674758911133e-01;-9.337167441844940186e-02
-9.412474185228347778e-02;-3.638023436069488525e-01;4.340932965278625488e-01
-7.755803316831588745e-02;1.358350366353988647e-01;4.318290948867797852e-01
-3.714146316051483154e-01;-3.924904167652130127e-01;5.057337880134582520e-01
-1.967006027698516846e-01;-2.133297622203826904e-01;-5.862758755683898926e-01
1.822301745414733887e-01;-6.429567933082580566e-01;-1.439912524074316025e-02
-2.087403684854507446e-01;-7.374245673418045044e-02;-5.862702131271362305e-01
2.634319663047790527e-01;4.112093448638916016e-01;1.764748096466064453e-01
-1.972167342901229858e-01;-2.813942134380340576e-01;-5.869110822677612305e-01
2.174235284328460693e-01;-6.522548198699951172e-01;9.560208022594451904e-02
1.798605322837829590e-01;6.792200207710266113e-01;-5.566889740293845534e-05
-2.300526201725006104e-01;7.175569534301757812e-01;4.159010350704193115e-01
-8.125182241201400757e-02;4.429096281528472900e-01;4.344538748264312744e-01
-3.901398479938507080e-01;1.704915314912796021e-01;5.118079185485839844e-01
1.817198544740676880e-01;-7.323922514915466309e-01;-6.873297505080699921e-03
1.886630505323410034e-01;-7.326749563217163086e-01;3.219160810112953186e-02
-3.533194959163665771e-01;6.542632579803466797e-01;4.995072185993194580e-01
1.775686144828796387e-01;7.259155511856079102e-01;2.933793887495994568e-02
-2.260285615921020508e-01;-7.076418399810791016e-01;-4.856120347976684570e-01
1.902655065059661865e-01;-7.321351766586303711e-01;-5.681610479950904846e-02
1.597827821969985962e-01;7.431710958480834961e-01;-5.040735471993684769e-03
1.868856251239776611e-01;-7.316293716430664062e-01;-6.357266008853912354e-02
1.780314594507217407e-01;-6.821009516716003418e-01;-7.583987712860107422e-02
2.613029181957244873e-01;4.883728027343750000e-01;1.819626241922378540e-01
-1.754668653011322021e-01;7.177603840827941895e-01;3.443498313426971436e-01
1.642832458019256592e-01;7.313748002052307129e-01;-4.231174662709236145e-02
1.945081204175949097e-01;-7.312350273132324219e-01;9.254203736782073975e-02
2.288090735673904419e-01;7.456431388854980469e-01;1.063484847545623779e-01
1.451964080333709717e-01;7.414780855178833008e-01;2.645134367048740387e-02
1.360790282487869263e-01;-7.274890542030334473e-01;9.392363950610160828e-03
2.157288640737533569e-01;7.267892360687255859e-01;1.122574955224990845e-01
2.370368689298629761e-01;-4.937663972377777100e-01;-1.791031062602996826e-01
1.373864859342575073e-01;7.406914234161376953e-01;1.897425390779972076e-02
1.484533399343490601e-01;-7.277477383613586426e-01;7.449209690093994141e-02
2.113139033317565918e-01;-6.188328862190246582e-01;-1.493337601423263550e-01
-3.585303723812103271e-01;-6.300607919692993164e-01;5.022226572036743164e-01
1.679313629865646362e-01;7.418175339698791504e-01;1.003085151314735413e-01
-3.950431942939758301e-01;-3.239151239395141602e-01;5.149907469749450684e-01
1.738831102848052979e-01;7.418848872184753418e-01;-9.448332339525222778e-02
2.213694751262664795e-01;-7.267027497291564941e-01;1.281592994928359985e-01
2.666831612586975098e-01;-1.886522918939590454e-01;-2.098589837551116943e-01
-3.313960731029510498e-01;7.090151906013488770e-01;-4.586097896099090576e-01
-1.888252049684524536e-01;-7.055073380470275879e-01;-3.725896477699279785e-01
1.564883589744567871e-01;-7.271502017974853516e-01;1.138384044170379639e-01
-1.404970139265060425e-01;-7.088701128959655762e-01;4.334095418453216553e-01
1.607940346002578735e-01;-7.275536060333251953e-01;-9.983865171670913696e-02
1.419323831796646118e-01;-7.266011834144592285e-01;-8.695059269666671753e-02
2.299339324235916138e-01;7.182262539863586426e-01;1.395787000656127930e-01
1.735844314098358154e-01;7.413079142570495605e-01;-1.040597856044769287e-01
1.270463317632675171e-01;7.387837767601013184e-01;-6.744806468486785889e-02
2.690927386283874512e-01;-4.023977369070053101e-02;-2.062745541334152222e-01
1.407245546579360962e-01;-7.256997823715209961e-01;-9.984576702117919922e-02
1.978881359100341797e-01;6.930161714553833008e-01;-1.429750025272369385e-01
1.552520096302032471e-01;7.394219040870666504e-01;-1.103530749678611755e-01
1.200190261006355286e-01;-7.244001030921936035e-01;-8.984594792127609253e-02
