-3.897741734981536865e-01;-1.313547194004058838e-01;-4.636257886886596680e-01
-4.138870835304260254e-01;-1.254829317331314087e-01;-4.725527167320251465e-01
-3.653976917266845703e-01;-9.322421997785568237e-02;-4.126436412334442139e-01
-3.966403603553771973e-01;-5.680647492408752441e-02;-4.669134020805358887e-01
-3.089752197265625000e-01;-1.938338875770568848e-01;-4.482518434524536133e-01
-1.753745675086975098e-01;-1.649548858404159546e-01;-3.957511782646179199e-01
-2.198824137449264526e-01;-2.092164307832717896e-01;-3.211487829685211182e-01
-1.792412847280502319e-01;-1.623255759477615356e-02;-3.950614631175994873e-01
-1.997388601303100586e-01;-5.080759525299072266e-02;-3.174360394477844238e-01
-3.359090089797973633e-01;-3.824796676635742188e-01;-4.513153135776519775e-01
2.195490300655364990e-01;7.259529232978820801e-01;4.581561386585235596e-01
2.279489487409591675e-01;7.337390780448913574e-01;4.369382262229919434e-01
2.360099703073501587e-01;7.570244669914245605e-01;4.063713252544403076e-01
2.365460246801376343e-01;7.445621490478515625e-01;3.971252143383026123e-01
2.358903288841247559e-01;7.388557195663452148e-01;3.831704258918762207e-01
2.331225574016571045e-01;7.675864100456237793e-01;3.613466620445251465e-01
1.983951777219772339e-01;7.109079957008361816e-01;3.429244756698608398e-01
2.313957959413528442e-01;7.732679843902587891e-01;3.390435278415679932e-01
2.300888001918792725e-01;7.797195911407470703e-01;3.171897828578948975e-01
1.593637168407440186e-01;6.181352138519287109e-01;2.748684883117675781e-01
-4.954433739185333252e-01;-6.396570801734924316e-02;4.828757047653198242e-01
-4.437934160232543945e-01;4.881219565868377686e-02;4.999601840972900391e-01
-3.544439673423767090e-01;-4.047821834683418274e-02;3.760664165019989014e-01
-5.003069043159484863e-01;1.544924080371856689e-01;5.581827759742736816e-01
-2.683292329311370850e-01;-1.449199765920639038e-01;4.716230928897857666e-01
-2.805649042129516602e-01;-8.207816630601882935e-03;2.907527089118957520e-01
-3.931898474693298340e-01;-3.442246913909912109e-01;4.258882105350494385e-01
-2.807704806327819824e-01;1.516959518194198608e-01;3.700804412364959717e-01
-1.950469911098480225e-01;-6.395117193460464478e-02;3.496531248092651367e-01
-4.418262243270874023e-01;-3.890137672424316406e-01;4.936069250106811523e-01
-4.856101274490356445e-01;6.040133237838745117e-01;5.012753009796142578e-01
-4.291262626647949219e-01;6.667777895927429199e-01;5.042565464973449707e-01
-5.233575105667114258e-01;4.994836747646331787e-01;5.638840794563293457e-01
-4.068769216537475586e-01;5.429125428199768066e-01;4.214794635772705078e-01
-4.341875016689300537e-01;7.410882115364074707e-01;3.933792710304260254e-01
-3.339509069919586182e-01;5.509833097457885742e-01;3.141345679759979248e-01
-2.506279945373535156e-01;7.023130059242248535e-01;3.420353829860687256e-01
-4.583643078804016113e-01;2.734335958957672119e-01;4.596906602382659912e-01
-2.018003463745117188e-01;4.394966363906860352e-01;4.251272976398468018e-01
-2.794382572174072266e-01;3.475037217140197754e-01;3.980877101421356201e-01
-4.002044200897216797e-01;-7.865637540817260742e-01;-4.702699780464172363e-01
-3.826314508914947510e-01;-7.922835946083068848e-01;-4.269405901432037354e-01
-3.330820500850677490e-01;-7.824026346206665039e-01;-2.934411466121673584e-01
-2.298367321491241455e-01;-7.984098792076110840e-01;-3.818710744380950928e-01
-3.920646011829376221e-01;-5.936307311058044434e-01;-4.440203905105590820e-01
-1.977970451116561890e-01;-7.851505875587463379e-01;-4.463275969028472900e-01
-2.434304505586624146e-01;-6.694383621215820312e-01;-4.081942141056060791e-01
-2.426795512437820435e-01;-5.649811625480651855e-01;-4.462356269359588623e-01
-3.359090089797973633e-01;-3.824796676635742188e-01;-4.513153135776519775e-01
3.776988387107849121e-02;-7.735615372657775879e-01;-4.463259279727935791e-01
2.113488465547561646e-01;5.037733316421508789e-01;-1.755646169185638428e-01
1.466838419437408447e-01;5.218406915664672852e-01;-1.731252670288085938e-01
1.939092874526977539e-01;6.283426880836486816e-01;-1.701370924711227417e-01
1.532315909862518311e-01;6.159043312072753906e-01;-1.926193237304687500e-01
1.297524571418762207e-01;4.474588334560394287e-01;-9.144164621829986572e-02
1.866025775671005249e-01;4.521476924419403076e-01;-3.797513246536254883e-02
1.854820996522903442e-01;5.535182356834411621e-01;-2.467195689678192139e-02
5.916492640972137451e-02;5.746890306472778320e-01;-1.753024160861968994e-01
1.232338398694992065e-01;4.236307144165039062e-01;-4.318594932556152344e-02
1.292156279087066650e-01;6.273546218872070312e-01;-7.221019268035888672e-02
-9.418136626482009888e-02;-5.244948863983154297e-01;-7.937933504581451416e-02
-3.428366407752037048e-02;-4.281727671623229980e-01;-1.799364387989044189e-02
4.075195640325546265e-02;-5.543849468231201172e-01;-1.412789374589920044e-01
8.871334046125411987e-02;-5.641671419143676758e-01;-1.780483126640319824e-02
7.243778556585311890e-02;-4.071776270866394043e-01;-4.258856177330017090e-02
1.067305728793144226e-01;-5.600183606147766113e-01;-2.676548436284065247e-02
7.316395640373229980e-04;-3.318692743778228760e-01;-6.833057850599288940e-02
7.409351319074630737e-02;-4.061206877231597900e-01;-1.039291918277740479e-02
1.123899742960929871e-01;-5.404062867164611816e-01;1.755292713642120361e-02
1.273079216480255127e-01;-5.382122397422790527e-01;-1.582004725933074951e-01
-1.640212386846542358e-01;3.479947745800018311e-01;1.531531661748886108e-01
-5.285049229860305786e-02;3.633378148078918457e-01;2.348372787237167358e-01
-2.007893025875091553e-01;2.321242392063140869e-01;2.443509846925735474e-01
-2.870594859123229980e-01;2.787596583366394043e-01;2.226852774620056152e-01
6.129100918769836426e-03;4.216829538345336914e-01;2.205728143453598022e-01
-2.636560201644897461e-01;2.199601829051971436e-01;3.013234734535217285e-01
-1.213898211717605591e-01;4.928542673587799072e-01;3.144007325172424316e-01
-2.514968514442443848e-01;3.738445341587066650e-01;3.633285164833068848e-01
-7.204446196556091309e-02;5.611657500267028809e-01;1.334473490715026855e-01
6.303043663501739502e-02;2.688010036945343018e-01;1.653684973716735840e-01
2.186127603054046631e-01;-5.126354098320007324e-01;1.549526304006576538e-01
1.848545521497726440e-01;-4.937664866447448730e-01;9.868478775024414062e-02
2.279995977878570557e-01;-4.332480430603027344e-01;2.021416425704956055e-01
2.082692235708236694e-01;-6.227619647979736328e-01;1.675072163343429565e-01
2.305353730916976929e-01;-5.826172232627868652e-01;2.576765120029449463e-01
2.344708740711212158e-01;-5.797647237777709961e-01;2.773791551589965820e-01
9.432011842727661133e-02;-4.719378948211669922e-01;8.876383304595947266e-02
1.683327704668045044e-01;-6.540554165840148926e-01;9.606742858886718750e-02
8.342583477497100830e-02;-5.537061691284179688e-01;7.329463213682174683e-02
2.079661339521408081e-01;-6.736634373664855957e-01;1.805862933397293091e-01
2.281260192394256592e-01;3.939404487609863281e-01;1.857809424400329590e-01
2.140317261219024658e-01;4.010090529918670654e-01;1.521847695112228394e-01
2.168357074260711670e-01;4.697529375553131104e-01;1.705146431922912598e-01
1.312439292669296265e-01;4.076587855815887451e-01;1.580537557601928711e-01
2.056473642587661743e-01;3.250723779201507568e-01;1.078828871250152588e-01
2.300021201372146606e-01;4.947546422481536865e-01;2.428440302610397339e-01
1.967888325452804565e-01;4.773613214492797852e-01;8.646727353334426880e-02
1.575351804494857788e-01;4.856047034263610840e-01;6.881076842546463013e-02
2.312926203012466431e-01;2.178217023611068726e-01;1.840219795703887939e-01
2.101446837186813354e-01;5.763885974884033203e-01;1.300359070301055908e-01
-2.249494493007659912e-01;-1.383651793003082275e-01;-1.922575980424880981e-01
-1.249393671751022339e-01;-1.061754152178764343e-01;-1.782380491495132446e-01
-2.198824137449264526e-01;-2.092164307832717896e-01;-3.211487829685211182e-01
-1.997388601303100586e-01;-5.080759525299072266e-02;-3.174360394477844238e-01
-1.346301585435867310e-01;-2.767939865589141846e-01;-2.606116533279418945e-01
-2.033503651618957520e-01;5.103826522827148438e-02;-2.314541637897491455e-01
-2.216207683086395264e-01;-3.458389341831207275e-01;-2.005123049020767212e-01
-1.753745675086975098e-01;-1.649548858404159546e-01;-3.957511782646179199e-01
-1.792412847280502319e-01;-1.623255759477615356e-02;-3.950614631175994873e-01
2.305901050567626953e-02;-2.097685784101486206e-01;-2.016084939241409302e-01
-4.977987334132194519e-02;6.940288096666336060e-02;2.329666614532470703e-01
-1.678095757961273193e-02;1.746999919414520264e-01;2.657749652862548828e-01
-1.446222066879272461e-01;9.037343412637710571e-02;1.506774574518203735e-01
-2.566011622548103333e-02;-4.415491968393325806e-02;3.175338506698608398e-01
-2.079863101243972778e-01;8.601602911949157715e-02;2.200494110584259033e-01
-1.647193133831024170e-01;5.033739283680915833e-02;3.434944152832031250e-01
8.856509625911712646e-02;1.460605859756469727e-01;1.868617832660675049e-01
6.534276902675628662e-02;2.019715905189514160e-01;2.681241333484649658e-01
7.914234697818756104e-02;-7.242224365472793579e-02;2.033156007528305054e-01
-5.190940573811531067e-02;-1.216535791754722595e-01;3.149783313274383545e-01
1.705242097377777100e-01;-6.830121278762817383e-01;-1.361265033483505249e-01
2.113064229488372803e-01;-6.212277412414550781e-01;-2.074122428894042969e-01
1.492687612771987915e-01;-6.258186697959899902e-01;-2.526172995567321777e-01
2.208893895149230957e-01;-6.201972365379333496e-01;-2.418954670429229736e-01
1.273079067468643188e-01;-5.382122397422790527e-01;-1.582004725933074951e-01
1.743720173835754395e-01;-5.163691639900207520e-01;-1.050197258591651917e-01
1.067305803298950195e-01;-5.600183606147766113e-01;-2.676548063755035400e-02
4.075196385383605957e-02;-5.543849468231201172e-01;-1.412789374589920044e-01
8.871334791183471680e-02;-5.641671419143676758e-01;-1.780483126640319824e-02
1.800625175237655640e-01;-5.395197868347167969e-01;-1.551818847656250000e-02
2.340218126773834229e-01;-6.879853010177612305e-01;3.173705935478210449e-01
2.397740483283996582e-01;-7.705442905426025391e-01;4.607045948505401611e-01
2.397436648607254028e-01;-7.705664634704589844e-01;4.607016444206237793e-01
2.370624691247940063e-01;-7.828791141510009766e-01;3.893875181674957275e-01
2.397543638944625854e-01;-7.705632448196411133e-01;4.606983661651611328e-01
2.193594574928283691e-01;-7.832937240600585938e-01;3.284285962581634521e-01
2.397393584251403809e-01;-7.705543041229248047e-01;4.606845974922180176e-01
8.594855666160583496e-02;-7.751917243003845215e-01;4.399050772190093994e-01
2.397525757551193237e-01;-7.705538272857666016e-01;4.607202410697937012e-01
2.397582978010177612e-01;-7.705600857734680176e-01;4.607045054435729980e-01
-3.760948777198791504e-01;7.536561489105224609e-01;-4.565473794937133789e-01
-2.355134785175323486e-01;7.643688321113586426e-01;-4.186838269233703613e-01
-2.354862391948699951e-01;7.643574476242065430e-01;-4.186792671680450439e-01
-2.621172368526458740e-01;4.525489211082458496e-01;-4.435060322284698486e-01
-2.354961484670639038e-01;7.643674612045288086e-01;-4.186834990978240967e-01
6.440302729606628418e-02;7.519911527633666992e-01;-4.056065976619720459e-01
-2.355113029479980469e-01;7.643859982490539551e-01;-4.186670482158660889e-01
-3.293032050132751465e-01;6.470091938972473145e-01;-3.857927322387695312e-01
-2.355200648307800293e-01;7.643702030181884766e-01;-4.186744689941406250e-01
-2.355024367570877075e-01;7.643912434577941895e-01;-4.186619222164154053e-01
2.352454811334609985e-01;-7.875787019729614258e-01;-3.486515879631042480e-01
2.391668856143951416e-01;-7.713743448257446289e-01;-4.354168176651000977e-01
2.391487807035446167e-01;-7.713983058929443359e-01;-4.354217052459716797e-01
2.413196265697479248e-01;-7.397849559783935547e-01;-4.230021238327026367e-01
2.391648292541503906e-01;-7.713733911514282227e-01;-4.354236721992492676e-01
2.293311953544616699e-01;-7.782321572303771973e-01;-3.912148773670196533e-01
2.391462177038192749e-01;-7.713766098022460938e-01;-4.354196190834045410e-01
1.598930656909942627e-01;-7.428101301193237305e-01;-4.463486075401306152e-01
2.391229569911956787e-01;-7.713685631752014160e-01;-4.353910982608795166e-01
2.391434609889984131e-01;-7.713716030120849609e-01;-4.354163110256195068e-01
1.606774479150772095e-01;3.211617469787597656e-03;2.037695050239562988e-02
2.060364335775375366e-01;-6.927859783172607422e-02;1.140354275703430176e-01
2.060014456510543823e-01;-6.929866969585418701e-02;1.140156686305999756e-01
2.183316648006439209e-01;-2.161556482315063477e-02;2.016305327415466309e-01
2.060420513153076172e-01;-6.927852332592010498e-02;1.140134483575820923e-01
1.310966461896896362e-01;-1.499290317296981812e-01;3.675374388694763184e-02
2.059980332851409912e-01;-6.927541643381118774e-02;1.140239983797073364e-01
2.172024548053741455e-01;-1.678268611431121826e-01;1.392574757337570190e-01
2.059804201126098633e-01;-6.926033645868301392e-02;1.140591949224472046e-01
2.060016244649887085e-01;-6.926818937063217163e-02;1.140255630016326904e-01
-3.885456919670104980e-01;-5.575367212295532227e-01;3.960981667041778564e-01
-4.052335321903228760e-01;-7.814093828201293945e-01;4.148096144199371338e-01
-4.052549600601196289e-01;-7.814155817031860352e-01;4.148027896881103516e-01
-4.032576680183410645e-01;-7.827107310295104980e-01;4.165771007537841797e-01
-4.052393138408660889e-01;-7.814045548439025879e-01;4.148035049438476562e-01
-2.660710811614990234e-01;-7.209437489509582520e-01;3.128536343574523926e-01
-4.052434265613555908e-01;-7.814154028892517090e-01;4.148149192333221436e-01
-2.691853642463684082e-01;-7.867408990859985352e-01;4.754232764244079590e-01
-4.052661061286926270e-01;-7.814007997512817383e-01;4.148157238960266113e-01
-4.052626490592956543e-01;-7.814076542854309082e-01;4.148051142692565918e-01
-7.202316820621490479e-02;7.969011068344116211e-01;1.375946030020713806e-02
-7.834933698177337646e-02;7.955768108367919922e-01;4.573861882090568542e-02
-7.839890569448471069e-02;7.955479025840759277e-01;4.573111608624458313e-02
-1.306053251028060913e-01;5.773441195487976074e-01;-2.419829741120338440e-02
-7.837402820587158203e-02;7.955408692359924316e-01;4.571786522865295410e-02
1.053373068571090698e-01;6.609237790107727051e-01;8.134167641401290894e-03
-7.842314243316650391e-02;7.955728769302368164e-01;4.571367800235748291e-02
-2.812758833169937134e-02;6.005405783653259277e-01;7.127946615219116211e-02
-7.839538156986236572e-02;7.955687642097473145e-01;4.577140510082244873e-02
-7.837839424610137939e-02;7.955707907676696777e-01;4.575015604496002197e-02
-1.191821247339248657e-01;-2.202501744031906128e-01;3.730537295341491699e-01
-1.287977993488311768e-01;-3.236997425556182861e-01;3.386827409267425537e-01
-1.288177967071533203e-01;-3.237054347991943359e-01;3.386769890785217285e-01
-3.254071176052093506e-01;-4.164722263813018799e-01;3.851335048675537109e-01
-1.288040280342102051e-01;-3.237028121948242188e-01;3.386769294738769531e-01
-7.643944025039672852e-02;-3.080813586711883545e-01;2.314686924219131470e-01
-1.288153827190399170e-01;-3.237066566944122314e-01;3.386732339859008789e-01
-2.520513534545898438e-01;-2.641293108463287354e-01;3.648681342601776123e-01
-1.288133263587951660e-01;-3.236982226371765137e-01;3.386889100074768066e-01
-1.288150697946548462e-01;-3.237048387527465820e-01;3.386736810207366943e-01
-4.546483159065246582e-01;4.593154191970825195e-01;-4.711012840270996094e-01
-4.639606773853302002e-01;2.853463292121887207e-01;-4.026952981948852539e-01
-4.639567732810974121e-01;2.853512465953826904e-01;-4.026890397071838379e-01
-3.868402242660522461e-01;1.554045081138610840e-01;-4.637403786182403564e-01
-4.639685153961181641e-01;2.853377163410186768e-01;-4.026897847652435303e-01
-2.312868535518646240e-01;2.345935404300689697e-01;-3.664429485797882080e-01
-4.639621078968048096e-01;2.853468060493469238e-01;-4.026928842067718506e-01
-3.420898020267486572e-01;4.150062799453735352e-01;-4.297140538692474365e-01
-4.639518857002258301e-01;2.853396534919738770e-01;-4.026933908462524414e-01
-4.639523029327392578e-01;2.853446602821350098e-01;-4.026861488819122314e-01
1.346628069877624512e-01;1.782414615154266357e-01;-1.144180372357368469e-01
-1.855349354445934296e-02;1.117451637983322144e-01;-1.714528053998947144e-01
-1.874469593167304993e-02;1.116351932287216187e-01;-1.715044081211090088e-01
2.577034197747707367e-02;5.532094836235046387e-02;-2.002181857824325562e-01
-1.863206364214420319e-02;1.116737797856330872e-01;-1.715234220027923584e-01
6.164022535085678101e-02;1.071962863206863403e-01;-3.568492829799652100e-02
-1.874781213700771332e-02;1.117222383618354797e-01;-1.715207695960998535e-01
-1.979921162128448486e-01;4.524187743663787842e-02;-2.260209470987319946e-01
-1.875026151537895203e-02;1.117495819926261902e-01;-1.713414788246154785e-01
-1.868287101387977600e-02;1.117112487554550171e-01;-1.714735329151153564e-01
2.208811789751052856e-01;-2.164751887321472168e-01;-1.517563164234161377e-01
2.378178834915161133e-01;-2.845380604267120361e-01;-2.123387306928634644e-01
2.377694547176361084e-01;-2.845678627490997314e-01;-2.123496383428573608e-01
2.380041629076004028e-01;-2.845350205898284912e-01;-2.131014913320541382e-01
2.377997636795043945e-01;-2.845494747161865234e-01;-2.123554199934005737e-01
1.432330310344696045e-01;-3.566711246967315674e-01;-1.351435482501983643e-01
2.377763539552688599e-01;-2.845449149608612061e-01;-2.123438417911529541e-01
1.877956688404083252e-01;-2.574611008167266846e-01;-5.325694382190704346e-02
2.377555817365646362e-01;-2.845319807529449463e-01;-2.123070508241653442e-01
2.377764433622360229e-01;-2.845433056354522705e-01;-2.123454660177230835e-01
1.371059119701385498e-01;-6.165423393249511719e-01;8.677567541599273682e-02
2.415865845978260040e-02;-8.524178862571716309e-01;2.454224601387977600e-02
2.428226917982101440e-02;-8.523357510566711426e-01;2.456441149115562439e-02
2.454878948628902435e-02;-8.496724963188171387e-01;2.180107124149799347e-02
2.421101368963718414e-02;-8.523510098457336426e-01;2.458560466766357422e-02
-7.419077679514884949e-03;-8.415870666503906250e-01;-2.986120805144309998e-02
2.430445514619350433e-02;-8.524025678634643555e-01;2.457895502448081970e-02
-2.039209194481372833e-02;-7.132985591888427734e-01;9.465639293193817139e-02
2.429439499974250793e-02;-8.524104952812194824e-01;2.445114962756633759e-02
2.424199134111404419e-02;-8.524007797241210938e-01;2.453284524381160736e-02
2.377687543630599976e-01;7.540270686149597168e-01;-3.639359474182128906e-01
2.452887445688247681e-01;7.397267222404479980e-01;-4.463219046592712402e-01
2.452454119920730591e-01;7.397050261497497559e-01;-4.463366866111755371e-01
2.430025339126586914e-01;7.432387471199035645e-01;-4.220809638500213623e-01
2.452750205993652344e-01;7.397117018699645996e-01;-4.463385641574859619e-01
2.415617555379867554e-01;7.407203316688537598e-01;-4.338766932487487793e-01
2.452420890331268311e-01;7.397217750549316406e-01;-4.463393092155456543e-01
1.908735930919647217e-01;7.292993068695068359e-01;-4.468657672405242920e-01
2.452390640974044800e-01;7.397316098213195801e-01;-4.462929069995880127e-01
2.452571094036102295e-01;7.397236227989196777e-01;-4.463263750076293945e-01
-4.247050285339355469e-01;2.857199609279632568e-01;4.504760205745697021e-01
-3.379316329956054688e-01;2.593515515327453613e-01;4.483117163181304932e-01
-3.380024731159210205e-01;2.592904567718505859e-01;4.482972025871276855e-01
-2.531717419624328613e-01;1.702358424663543701e-01;3.585532009601593018e-01
-3.379627764225006104e-01;2.593266963958740234e-01;4.482887387275695801e-01
-2.525401711463928223e-01;3.684217929840087891e-01;3.688597679138183594e-01
-3.379936218261718750e-01;2.593376636505126953e-01;4.483031332492828369e-01
-4.603462517261505127e-01;1.250098943710327148e-01;5.197418928146362305e-01
-3.380207121372222900e-01;2.593499124050140381e-01;4.483555853366851807e-01
-3.379894495010375977e-01;2.593402862548828125e-01;4.483084976673126221e-01
-2.643034458160400391e-01;-2.229972630739212036e-01;3.956143260002136230e-01
-4.417831897735595703e-01;-3.890201151371002197e-01;4.936113059520721436e-01
-4.418561160564422607e-01;-3.890508115291595459e-01;4.935872852802276611e-01
-3.963216245174407959e-01;-5.774060487747192383e-01;4.126974940299987793e-01
-4.417957663536071777e-01;-3.890284299850463867e-01;4.935792088508605957e-01
-3.422419428825378418e-01;-4.328998625278472900e-01;3.896344900131225586e-01
-4.418508708477020264e-01;-3.890284895896911621e-01;4.935862421989440918e-01
-2.557795047760009766e-01;-2.588382959365844727e-01;3.704002499580383301e-01
-4.418586492538452148e-01;-3.890013992786407471e-01;4.936347901821136475e-01
-4.418475925922393799e-01;-3.890241384506225586e-01;4.935913085937500000e-01
-2.184468358755111694e-01;-2.065249532461166382e-01;-3.199453651905059814e-01
-2.020711749792098999e-01;-3.716352880001068115e-01;-3.983513116836547852e-01
-2.020570337772369385e-01;-3.716289103031158447e-01;-3.983511030673980713e-01
-2.770187556743621826e-01;-6.132879257202148438e-01;-4.234707057476043701e-01
-2.020618617534637451e-01;-3.716076314449310303e-01;-3.983503878116607666e-01
-1.340592205524444580e-01;-2.759376764297485352e-01;-2.570159435272216797e-01
-2.020423412322998047e-01;-3.716325461864471436e-01;-3.983303010463714600e-01
-3.429112732410430908e-01;-3.857789039611816406e-01;-4.509580433368682861e-01
-2.020760625600814819e-01;-3.716220259666442871e-01;-3.983674943447113037e-01
-2.020822167396545410e-01;-3.716249167919158936e-01;-3.983612656593322754e-01
-7.194164395332336426e-02;7.538878917694091797e-01;4.755065143108367920e-01
-2.506097257137298584e-01;7.023208141326904297e-01;3.420241177082061768e-01
-2.506234347820281982e-01;7.023043632507324219e-01;3.420234620571136475e-01
-2.105723172426223755e-01;4.449052214622497559e-01;4.227266013622283936e-01
-2.506178915500640869e-01;7.023108005523681641e-01;3.420141637325286865e-01
-1.640864014625549316e-01;5.832679271697998047e-01;2.508018016815185547e-01
-2.506363689899444580e-01;7.023179531097412109e-01;3.420203030109405518e-01
-4.156268239021301270e-01;5.631973147392272949e-01;4.203349351882934570e-01
-2.506477534770965576e-01;7.023193240165710449e-01;3.420427143573760986e-01
-2.506290376186370850e-01;7.023265957832336426e-01;3.420378863811492920e-01
6.192322447896003723e-02;-1.481196433305740356e-01;2.329470962285995483e-02
-3.224425762891769409e-02;-2.416346669197082520e-01;6.955680996179580688e-02
-3.227175027132034302e-02;-2.416527271270751953e-01;6.955245137214660645e-02
1.817378401756286621e-02;-3.674519062042236328e-01;1.333174705505371094e-01
-3.226543590426445007e-02;-2.416475415229797363e-01;6.955537199974060059e-02
1.138881593942642212e-01;-2.262869179248809814e-01;-1.032395660877227783e-02
-3.227809071540832520e-02;-2.416453659534454346e-01;6.954198330640792847e-02
-1.028064340353012085e-01;-3.627581000328063965e-01;9.727744758129119873e-02
-3.226944059133529663e-02;-2.416415959596633911e-01;6.957225501537322998e-02
-3.226010501384735107e-02;-2.416431754827499390e-01;6.956019252538681030e-02
-3.488022685050964355e-01;4.147008657455444336e-01;-4.281619191169738770e-01
-2.491455227136611938e-01;3.398220539093017578e-01;-2.091845422983169556e-01
-2.492017000913619995e-01;3.398033082485198975e-01;-2.091908007860183716e-01
-4.968121647834777832e-02;2.160108983516693115e-01;-1.176741942763328552e-01
-2.491817176342010498e-01;3.397848010063171387e-01;-2.091977149248123169e-01
-9.058086574077606201e-02;5.207829475402832031e-01;-5.111049115657806396e-02
-2.491958141326904297e-01;3.398081660270690918e-01;-2.092023044824600220e-01
-2.266062200069427490e-01;2.390311658382415771e-01;-3.585196137428283691e-01
-2.491700500249862671e-01;3.398091495037078857e-01;-2.091712802648544312e-01
-2.491713017225265503e-01;3.397978246212005615e-01;-2.091875970363616943e-01
-2.504023909568786621e-01;7.576353549957275391e-01;-4.127036631107330322e-01
-2.004947215318679810e-01;6.364098191261291504e-01;-1.749662011861801147e-01
-2.007319480180740356e-01;6.363216042518615723e-01;-1.750258803367614746e-01
-1.983419060707092285e-03;5.224751830101013184e-01;-1.541179567575454712e-01
-2.005938589572906494e-01;6.362906694412231445e-01;-1.750583499670028687e-01
-1.200878769159317017e-01;5.596171617507934570e-01;-2.899348735809326172e-03
-2.007371783256530762e-01;6.363769769668579102e-01;-1.750606149435043335e-01
-3.320139348506927490e-01;6.499086022377014160e-01;-3.862747550010681152e-01
-2.006708830595016479e-01;6.364026069641113281e-01;-1.748705208301544189e-01
-2.006368935108184814e-01;6.363491415977478027e-01;-1.750064492225646973e-01
