-3.897741734981536865e-01;-1.313547194004058838e-01;-4.636257886886596680e-01
-4.138870835304260254e-01;-1.254829317331314087e-01;-4.725527167320251465e-01
-3.653976917266845703e-01;-9.322421997785568237e-02;-4.126436412334442139e-01
-3.966403603553771973e-01;-5.680647492408752441e-02;-4.669134020805358887e-01
-3.089752197265625000e-01;-1.938338875770568848e-01;-4.482518434524536133e-01
-1.753745675086975098e-01;-1.649548858404159546e-01;-3.957511782646179199e-01
-2.198824137449264526e-01;-2.092164307832717896e-01;-3.211487829685211182e-01
-1.792412847280502319e-01;-1.623255759477615356e-02;-3.950614631175994873e-01
-1.997388601303100586e-01;-5.080759525299072266e-02;-3.174360394477844238e-01
-3.359090089797973633e-01;-3.824796676635742188e-01;-4.513153135776519775e-01
2.195490300655364990e-01;7.259529232978820801e-01;4.581561386585235596e-01
2.279489487409591675e-01;7.337390780448913574e-01;4.369382262229919434e-01
2.360099703073501587e-01;7.570244669914245605e-01;4.063713252544403076e-01
2.365460246801376343e-01;7.445621490478515625e-01;3.971252143383026123e-01
2.358903288841247559e-01;7.388557195663452148e-01;3.831704258918762207e-01
2.331225574016571045e-01;7.675864100456237793e-01;3.613466620445251465e-01
1.983951777219772339e-01;7.109079957008361816e-01;3.429244756698608398e-01
2.313957959413528442e-01;7.732679843902587891e-01;3.390435278415679932e-01
2.300888001918792725e-01;7.797195911407470703e-01;3.171897828578948975e-01
1.593637168407440186e-01;6.181352138519287109e-01;2.748684883117675781e-01
-4.954433739185333252e-01;-6.396570801734924316e-02;4.828757047653198242e-01
-4.437934160232543945e-01;4.881219565868377686e-02;4.999601840972900391e-01
-3.544439673423767090e-01;-4.047821834683418274e-02;3.760664165019989014e-01
-5.003069043159484863e-01;1.544924080371856689e-01;5.581827759742736816e-01
-2.683292329311370850e-01;-1.449199765920639038e-01;4.716230928897857666e-01
-2.805649042129516602e-01;-8.207816630601882935e-03;2.907527089118957520e-01
-3.931898474693298340e-01;-3.442246913909912109e-01;4.258882105350494385e-01
-2.807704806327819824e-01;1.516959518194198608e-01;3.700804412364959717e-01
-1.950469911098480225e-01;-6.395117193460464478e-02;3.496531248092651367e-01
-4.418262243270874023e-01;-3.890137672424316406e-01;4.936069250106811523e-01
-4.856101274490356445e-01;6.040133237838745117e-01;5.012753009796142578e-01
-4.291262626647949219e-01;6.667777895927429199e-01;5.042565464973449707e-01
-5.233575105667114258e-01;4.994836747646331787e-01;5.638840794563293457e-01
-4.068769216537475586e-01;5.429125428199768066e-01;4.214794635772705078e-01
-4.341875016689300537e-01;7.410882115364074707e-01;3.933792710304260254e-01
-3.339509069919586182e-01;5.509833097457885742e-01;3.141345679759979248e-01
-2.506279945373535156e-01;7.023130059242248535e-01;3.420353829860687256e-01
-4.583643078804016113e-01;2.734335958957672119e-01;4.596906602382659912e-01
-2.018003463745117188e-01;4.394966363906860352e-01;4.251272976398468018e-01
-2.794382572174072266e-01;3.475037217140197754e-01;3.980877101421356201e-01
-4.002044200897216797e-01;-7.865637540817260742e-01;-4.702699780464172363e-01
-3.826314508914947510e-01;-7.922835946083068848e-01;-4.269405901432037354e-01
-3.330820500850677490e-01;-7.824026346206665039e-01;-2.934411466121673584e-01
-2.298367321491241455e-01;-7.984098792076110840e-01;-3.818710744380950928e-01
-3.920646011829376221e-01;-5.936307311058044434e-01;-4.440203905105590820e-01
-1.977970451116561890e-01;-7.851505875587463379e-01;-4.463275969028472900e-01
-2.434304505586624146e-01;-6.694383621215820312e-01;-4.081942141056060791e-01
-2.426795512437820435e-01;-5.649811625480651855e-01;-4.462356269359588623e-01
-3.359090089797973633e-01;-3.824796676635742188e-01;-4.513153135776519775e-01
3.776988387107849121e-02;-7.735615372657775879e-01;-4.463259279727935791e-01
2.113488465547561646e-01;5.037733316421508789e-01;-1.755646169185638428e-01
1.466838419437408447e-01;5.218406915664672852e-01;-1.731252670288085938e-01
1.939092874526977539e-01;6.283426880836486816e-01;-1.701370924711227417e-01
1.532315909862518311e-01;6.159043312072753906e-01;-1.926193237304687500e-01
1.297524571418762207e-01;4.474588334560394287e-01;-9.144164621829986572e-02
1.866025775671005249e-01;4.521476924419403076e-01;-3.797513246536254883e-02
1.854820996522903442e-01;5.535182356834411621e-01;-2.467195689678192139e-02
5.916492640972137451e-02;5.746890306472778320e-01;-1.753024160861968994e-01
1.232338398694992065e-01;4.236307144165039062e-01;-4.318594932556152344e-02
1.292156279087066650e-01;6.273546218872070312e-01;-7.221019268035888672e-02
-9.418136626482009888e-02;-5.244948863983154297e-01;-7.937933504581451416e-02
-3.428366407752037048e-02;-4.281727671623229980e-01;-1.799364387989044189e-02
4.075195640325546265e-02;-5.543849468231201172e-01;-1.412789374589920044e-01
8.871334046125411987e-02;-5.641671419143676758e-01;-1.780483126640319824e-02
7.243778556585311890e-02;-4.071776270866394043e-01;-4.258856177330017090e-02
1.067305728793144226e-01;-5.600183606147766113e-01;-2.676548436284065247e-02
7.316395640373229980e-04;-3.318692743778228760e-01;-6.833057850599288940e-02
7.409351319074630737e-02;-4.061206877231597900e-01;-1.039291918277740479e-02
1.123899742960929871e-01;-5.404062867164611816e-01;1.755292713642120361e-02
1.273079216480255127e-01;-5.382122397422790527e-01;-1.582004725933074951e-01
-1.640212386846542358e-01;3.479947745800018311e-01;1.531531661748886108e-01
-5.285049229860305786e-02;3.633378148078918457e-01;2.348372787237167358e-01
-2.007893025875091553e-01;2.321242392063140869e-01;2.443509846925735474e-01
-2.870594859123229980e-01;2.787596583366394043e-01;2.226852774620056152e-01
6.129100918769836426e-03;4.216829538345336914e-01;2.205728143453598022e-01
-2.636560201644897461e-01;2.199601829051971436e-01;3.013234734535217285e-01
-1.213898211717605591e-01;4.928542673587799072e-01;3.144007325172424316e-01
-2.514968514442443848e-01;3.738445341587066650e-01;3.633285164833068848e-01
-7.204446196556091309e-02;5.611657500267028809e-01;1.334473490715026855e-01
6.303043663501739502e-02;2.688010036945343018e-01;1.653684973716735840e-01
2.186127603054046631e-01;-5.126354098320007324e-01;1.549526304006576538e-01
1.848545521497726440e-01;-4.937664866447448730e-01;9.868478775024414062e-02
2.279995977878570557e-01;-4.332480430603027344e-01;2.021416425704956055e-01
2.082692235708236694e-01;-6.227619647979736328e-01;1.675072163343429565e-01
2.305353730916976929e-01;-5.826172232627868652e-01;2.576765120029449463e-01
2.344708740711212158e-01;-5.797647237777709961e-01;2.773791551589965820e-01
9.432011842727661133e-02;-4.719378948211669922e-01;8.876383304595947266e-02
1.683327704668045044e-01;-6.540554165840148926e-01;9.606742858886718750e-02
8.342583477497100830e-02;-5.537061691284179688e-01;7.329463213682174683e-02
2.079661339521408081e-01;-6.736634373664855957e-01;1.805862933397293091e-01
2.281260192394256592e-01;3.939404487609863281e-01;1.857809424400329590e-01
2.140317261219024658e-01;4.010090529918670654e-01;1.521847695112228394e-01
2.168357074260711670e-01;4.697529375553131104e-01;1.705146431922912598e-01
1.312439292669296265e-01;4.076587855815887451e-01;1.580537557601928711e-01
2.056473642587661743e-01;3.250723779201507568e-01;1.078828871250152588e-01
2.300021201372146606e-01;4.947546422481536865e-01;2.428440302610397339e-01
1.967888325452804565e-01;4.773613214492797852e-01;8.646727353334426880e-02
1.575351804494857788e-01;4.856047034263610840e-01;6.881076842546463013e-02
2.312926203012466431e-01;2.178217023611068726e-01;1.840219795703887939e-01
2.101446837186813354e-01;5.763885974884033203e-01;1.300359070301055908e-01
-2.249494493007659912e-01;-1.383651793003082275e-01;-1.922575980424880981e-01
-1.249393671751022339e-01;-1.061754152178764343e-01;-1.782380491495132446e-01
-2.198824137449264526e-01;-2.092164307832717896e-01;-3.211487829685211182e-01
-1.997388601303100586e-01;-5.080759525299072266e-02;-3.174360394477844238e-01
-1.346301585435867310e-01;-2.767939865589141846e-01;-2.606116533279418945e-01
-2.033503651618957520e-01;5.103826522827148438e-02;-2.314541637897491455e-01
-2.216207683086395264e-01;-3.458389341831207275e-01;-2.005123049020767212e-01
-1.753745675086975098e-01;-1.649548858404159546e-01;-3.957511782646179199e-01
-1.792412847280502319e-01;-1.623255759477615356e-02;-3.950614631175994873e-01
2.305901050567626953e-02;-2.097685784101486206e-01;-2.016084939241409302e-01
-4.977987334132194519e-02;6.940288096666336060e-02;2.329666614532470703e-01
-1.678095757961273193e-02;1.746999919414520264e-01;2.657749652862548828e-01
-1.446222066879272461e-01;9.037343412637710571e-02;1.506774574518203735e-01
-2.566011622548103333e-02;-4.415491968393325806e-02;3.175338506698608398e-01
-2.079863101243972778e-01;8.601602911949157715e-02;2.200494110584259033e-01
-1.647193133831024170e-01;5.033739283680915833e-02;3.434944152832031250e-01
8.856509625911712646e-02;1.460605859756469727e-01;1.868617832660675049e-01
6.534276902675628662e-02;2.019715905189514160e-01;2.681241333484649658e-01
7.914234697818756104e-02;-7.242224365472793579e-02;2.033156007528305054e-01
-5.190940573811531067e-02;-1.216535791754722595e-01;3.149783313274383545e-01
1.705242097377777100e-01;-6.830121278762817383e-01;-1.361265033483505249e-01
2.113064229488372803e-01;-6.212277412414550781e-01;-2.074122428894042969e-01
1.492687612771987915e-01;-6.258186697959899902e-01;-2.526172995567321777e-01
2.208893895149230957e-01;-6.201972365379333496e-01;-2.418954670429229736e-01
1.273079067468643188e-01;-5.382122397422790527e-01;-1.582004725933074951e-01
1.743720173835754395e-01;-5.163691639900207520e-01;-1.050197258591651917e-01
1.067305803298950195e-01;-5.600183606147766113e-01;-2.676548063755035400e-02
4.075196385383605957e-02;-5.543849468231201172e-01;-1.412789374589920044e-01
8.871334791183471680e-02;-5.641671419143676758e-01;-1.780483126640319824e-02
1.800625175237655640e-01;-5.395197868347167969e-01;-1.551818847656250000e-02
