-5.232030749320983887e-01;5.141184478998184204e-02;-3.809043765068054199e-01
-5.616896152496337891e-01;1.331917569041252136e-02;-3.603012561798095703e-01
-5.616927742958068848e-01;2.909021638333797455e-02;-3.340381085872650146e-01
-5.616870522499084473e-01;-2.413317561149597168e-02;-3.848532438278198242e-01
-4.890566170215606689e-01;1.050915569067001343e-01;-3.138011693954467773e-01
-5.616835951805114746e-01;-2.734257280826568604e-02;-4.160017073154449463e-01
-5.616874098777770996e-01;1.543890088796615601e-01;-4.159781336784362793e-01
-5.616965889930725098e-01;1.938457489013671875e-01;-3.469727635383605957e-01
-5.617011785507202148e-01;-7.072439789772033691e-02;-2.817050516605377197e-01
-3.783499598503112793e-01;1.841466128826141357e-02;-2.401658296585083008e-01
8.196448683738708496e-01;4.264544248580932617e-01;-3.825165033340454102e-01
8.103991150856018066e-01;3.793024122714996338e-01;-3.363102674484252930e-01
7.389804720878601074e-01;3.437272608280181885e-01;-3.955760598182678223e-01
7.403075098991394043e-01;3.611641526222229004e-01;-2.179349809885025024e-01
6.846088171005249023e-01;3.579991757869720459e-01;-2.310186773538589478e-01
7.772350907325744629e-01;4.323151111602783203e-01;-1.413451582193374634e-01
6.497982740402221680e-01;2.269239425659179688e-01;-3.955762386322021484e-01
7.186473608016967773e-01;4.315154254436492920e-01;-7.177758216857910156e-02
6.789546608924865723e-01;3.170509934425354004e-01;-9.955716133117675781e-02
8.117017149925231934e-01;8.653229475021362305e-02;-3.955742418766021729e-01
7.315040826797485352e-01;4.294084012508392334e-01;2.803807258605957031e-01
7.102836966514587402e-01;3.821570575237274170e-01;3.501669168472290039e-01
5.975672006607055664e-01;3.208917081356048584e-01;2.554658949375152588e-01
7.874548435211181641e-01;4.185625314712524414e-01;1.080859899520874023e-01
7.289023995399475098e-01;3.302704691886901855e-01;1.258201748132705688e-01
7.449413537979125977e-01;2.466800510883331299e-01;3.010874092578887939e-01
8.095179200172424316e-01;2.239275425672531128e-01;2.293667793273925781e-01
7.708846926689147949e-01;4.191767871379852295e-01;4.771827161312103271e-02
7.793072462081909180e-01;4.338380694389343262e-01;1.582932472229003906e-02
5.186082720756530762e-01;3.189847171306610107e-01;1.099228858947753906e-01
-1.096605230122804642e-02;3.015135824680328369e-01;-3.117167055606842041e-01
-5.300689861178398132e-02;3.151448369026184082e-01;-2.186926007270812988e-01
7.374348491430282593e-02;4.232173860073089600e-01;-2.238364666700363159e-01
-1.736155003309249878e-01;3.364848494529724121e-01;-3.623461127281188965e-01
-5.463445186614990234e-02;4.231863319873809814e-01;-1.676615923643112183e-01
1.042163819074630737e-01;1.591540277004241943e-01;-2.030725032091140747e-01
-1.731391102075576782e-01;2.775028347969055176e-01;-1.722535938024520874e-01
-4.878950491547584534e-02;3.504437804222106934e-01;-9.909954667091369629e-02
5.981592461466789246e-02;1.052386462688446045e-01;-2.291276007890701294e-01
2.837704122066497803e-02;4.232237637042999268e-01;-9.612873196601867676e-02
7.995514273643493652e-01;-8.940332382917404175e-02;-1.252013146877288818e-01
6.921293735504150391e-01;-1.085167750716209412e-01;-7.069398462772369385e-02
6.886611580848693848e-01;-2.206519544124603271e-01;-1.790063083171844482e-02
8.021649122238159180e-01;-2.435938268899917603e-02;7.093665003776550293e-02
6.968449950218200684e-01;-5.764372646808624268e-03;-2.893372774124145508e-01
6.185693144798278809e-01;2.712815999984741211e-03;-1.920762658119201660e-01
6.832515597343444824e-01;7.149546593427658081e-02;-2.763841748237609863e-01
6.699515581130981445e-01;-2.164366245269775391e-01;-3.057242929935455322e-01
7.378827333450317383e-01;1.008687689900398254e-01;-2.917632162570953369e-01
7.869887351989746094e-01;-2.948595583438873291e-01;5.824166536331176758e-02
2.173852473497390747e-01;-2.233352363109588623e-01;2.570081353187561035e-01
2.182381600141525269e-01;-9.523855149745941162e-02;3.687297999858856201e-01
1.306827366352081299e-01;-2.801910936832427979e-01;9.377183020114898682e-02
3.888288438320159912e-01;-2.384771555662155151e-01;3.480837643146514893e-01
4.091162681579589844e-01;-1.707795709371566772e-01;2.018926590681076050e-01
3.441839516162872314e-01;-1.227147579193115234e-01;3.875801861286163330e-01
3.848772644996643066e-01;-2.637088000774383545e-01;1.332275718450546265e-01
7.843810319900512695e-02;-3.521358668804168701e-01;3.540210723876953125e-01
2.255210876464843750e-01;-4.873816668987274170e-02;3.839077651500701904e-01
9.502881765365600586e-02;-3.752438724040985107e-01;1.605680882930755615e-01
-2.345729470252990723e-01;-3.585647046566009521e-01;-4.160464406013488770e-01
-1.575727015733718872e-01;-4.120498895645141602e-01;-3.669354319572448730e-01
-1.013833582401275635e-01;-4.120959043502807617e-01;-2.796554267406463623e-01
-3.230842351913452148e-01;-1.788319647312164307e-01;-3.830020427703857422e-01
-5.921293795108795166e-02;-3.391563892364501953e-01;-3.076353073120117188e-01
-1.869300752878189087e-01;-1.489190161228179932e-01;-4.159895479679107666e-01
-3.053576052188873291e-01;-1.538066416978836060e-01;-4.159981608390808105e-01
-3.849385678768157959e-01;-1.957241892814636230e-01;-4.160091280937194824e-01
-8.056825399398803711e-02;-2.254977524280548096e-01;-3.079006671905517578e-01
-2.278253436088562012e-02;-3.467377424240112305e-01;-3.111336827278137207e-01
-1.218106821179389954e-01;-7.163562625646591187e-02;3.693046271800994873e-01
-2.015791833400726318e-01;-9.483627229928970337e-02;3.692994117736816406e-01
-5.041756480932235718e-02;-5.351886525750160217e-02;3.110071718692779541e-01
-7.166969031095504761e-02;-3.890464827418327332e-02;2.741018831729888916e-01
-1.661597639322280884e-01;3.820782154798507690e-02;2.674892246723175049e-01
-1.278886049985885620e-01;-8.799778670072555542e-02;1.645140200853347778e-01
-1.429635584354400635e-01;1.652700006961822510e-01;3.857741951942443848e-01
-8.816389739513397217e-02;-2.265221178531646729e-01;1.791105419397354126e-01
-1.585237085819244385e-01;-5.230598896741867065e-02;1.184783875942230225e-01
-7.185415178537368774e-02;-3.245180249214172363e-01;3.895565569400787354e-01
5.226458311080932617e-01;6.834185868501663208e-02;2.463353127241134644e-01
5.472909808158874512e-01;1.086218133568763733e-01;2.548954486846923828e-01
3.939955234527587891e-01;6.683191657066345215e-02;3.502599596977233887e-01
4.751207828521728516e-01;2.170002758502960205e-01;1.597475558519363403e-01
6.482278704643249512e-01;-5.227705091238021851e-02;2.921830117702484131e-01
3.401827514171600342e-01;3.242433443665504456e-02;3.029897511005401611e-01
7.068103551864624023e-01;1.418796628713607788e-01;2.212012708187103271e-01
3.728617727756500244e-01;-4.048635810613632202e-02;1.709415167570114136e-01
4.888877868652343750e-01;4.347420111298561096e-02;1.573699712753295898e-02
3.484205305576324463e-01;-3.235251456499099731e-02;3.678278326988220215e-01
-1.120738685131072998e-01;-3.449718952178955078e-01;-5.425753071904182434e-02
-1.920445263385772705e-02;-3.054586052894592285e-01;-9.384769946336746216e-03
-1.210349649190902710e-01;-4.121381044387817383e-01;-1.553894281387329102e-01
-1.831706613302230835e-01;-4.121064841747283936e-01;8.258639276027679443e-02
9.720750153064727783e-03;-4.122264981269836426e-01;-1.604035198688507080e-01
-2.488378286361694336e-01;-4.121018350124359131e-01;4.235713556408882141e-02
-5.776290223002433777e-02;-4.121412038803100586e-01;1.267626434564590454e-01
8.293159306049346924e-03;-2.470848113298416138e-01;-1.833874136209487915e-01
-5.944673717021942139e-02;-1.333344578742980957e-01;-2.108849585056304932e-03
-1.013833656907081604e-01;-4.120959043502807617e-01;-2.796554267406463623e-01
7.186473608016967773e-01;4.315154254436492920e-01;-7.177757471799850464e-02
7.772350907325744629e-01;4.323151111602783203e-01;-1.413451582193374634e-01
7.793072462081909180e-01;4.338380694389343262e-01;1.582933217287063599e-02
6.789546608924865723e-01;3.170509934425354004e-01;-9.955714643001556396e-02
7.708846926689147949e-01;4.191767871379852295e-01;4.771827906370162964e-02
7.403075098991394043e-01;3.611641526222229004e-01;-2.179349958896636963e-01
6.846088171005249023e-01;3.579991757869720459e-01;-2.310186922550201416e-01
7.874548435211181641e-01;4.185625314712524414e-01;1.080859974026679993e-01
5.130396485328674316e-01;4.251374006271362305e-01;3.029480576515197754e-03
7.289023995399475098e-01;3.302704691886901855e-01;1.258201599121093750e-01
8.117017149925231934e-01;8.653227984905242920e-02;-3.955742418766021729e-01
7.378827333450317383e-01;1.008687764406204224e-01;-2.917632162570953369e-01
6.832515597343444824e-01;7.149546593427658081e-02;-2.763841748237609863e-01
6.968449950218200684e-01;-5.764372646808624268e-03;-2.893372774124145508e-01
6.497982740402221680e-01;2.269239425659179688e-01;-3.955762386322021484e-01
5.978493094444274902e-01;2.508006989955902100e-03;-3.256146013736724854e-01
7.389804720878601074e-01;3.437272906303405762e-01;-3.955760598182678223e-01
6.185693144798278809e-01;2.712815999984741211e-03;-1.920762658119201660e-01
5.207599401473999023e-01;8.465318381786346436e-02;-3.318111002445220947e-01
8.103991150856018066e-01;3.793024420738220215e-01;-3.363102674484252930e-01
-3.767988979816436768e-01;2.241527289152145386e-01;3.166460990905761719e-01
-2.861919701099395752e-01;2.229625880718231201e-01;2.865879237651824951e-01
-4.932707548141479492e-01;2.121731489896774292e-01;2.087043076753616333e-01
-3.589759171009063721e-01;3.849573433399200439e-01;3.692379295825958252e-01
-4.580282270908355713e-01;9.818953275680541992e-02;4.195355474948883057e-01
-2.385782748460769653e-01;1.524677127599716187e-01;2.031712681055068970e-01
-5.617478489875793457e-01;1.539741754531860352e-01;3.561873435974121094e-01
-5.379805564880371094e-01;3.525125086307525635e-01;2.976023852825164795e-01
-5.617542266845703125e-01;3.124800622463226318e-01;3.669772744178771973e-01
-5.617444515228271484e-01;1.212011948227882385e-01;2.745971977710723877e-01
