-3.735055625438690186e-01;-9.756071120500564575e-02;6.182591915130615234e-01
-3.035817742347717285e-01;-5.373879149556159973e-02;5.616239309310913086e-01
-4.239978492259979248e-01;5.095707625150680542e-02;5.571422576904296875e-01
-2.766813337802886963e-01;-1.982606649398803711e-01;5.099280476570129395e-01
-3.414312303066253662e-01;-2.006493806838989258e-01;4.765583276748657227e-01
-4.417307078838348389e-01;6.851983815431594849e-02;6.579050421714782715e-01
-4.015901684761047363e-01;-2.722879350185394287e-01;5.555601716041564941e-01
-3.018623888492584229e-01;3.457611054182052612e-02;4.758483469486236572e-01
-3.308412432670593262e-01;-2.761053442955017090e-01;4.965699613094329834e-01
-2.323026806116104126e-01;-1.685128211975097656e-01;4.644269049167633057e-01
-1.337853819131851196e-01;7.376867532730102539e-01;3.530121147632598877e-01
-1.232384219765663147e-01;6.761537790298461914e-01;4.132514595985412598e-01
-1.078669205307960510e-01;6.728988885879516602e-01;2.685871720314025879e-01
-1.421087682247161865e-01;6.660343408584594727e-01;4.500142037868499756e-01
-8.793490380048751831e-02;7.357144951820373535e-01;2.385968565940856934e-01
-2.855499982833862305e-01;7.328686714172363281e-01;4.743430316448211670e-01
-4.458680748939514160e-03;5.613174438476562500e-01;2.080923914909362793e-01
-3.537844121456146240e-01;6.705830693244934082e-01;5.016843080520629883e-01
-2.531740665435791016e-01;4.865856766700744629e-01;3.695362210273742676e-01
6.627570092678070068e-02;6.176359653472900391e-01;1.850231885910034180e-01
4.109904542565345764e-02;9.169637411832809448e-02;3.098477721214294434e-01
-6.499260663986206055e-02;-3.247804939746856689e-03;2.644389867782592773e-01
1.340257376432418823e-01;5.439869314432144165e-02;1.733960807323455811e-01
1.037064343690872192e-01;2.505936026573181152e-01;3.043376505374908447e-01
5.218519642949104309e-02;-7.755037397146224976e-02;2.769902050495147705e-01
-1.280556917190551758e-01;1.496635526418685913e-01;2.782305181026458740e-01
-4.220302030444145203e-02;2.593652307987213135e-01;3.221539258956909180e-01
3.986062481999397278e-02;1.620046198368072510e-01;1.169312596321105957e-01
-4.970563575625419617e-02;2.775448262691497803e-01;2.226289212703704834e-01
2.121266573667526245e-01;-3.853145986795425415e-02;2.385991215705871582e-01
-4.036572203040122986e-02;3.860918581485748291e-01;-2.774377167224884033e-01
-7.765804231166839600e-02;3.149406015872955322e-01;-1.895130872726440430e-01
2.093237265944480896e-02;4.856320619583129883e-01;-3.313764035701751709e-01
-3.801079839468002319e-02;2.689812481403350830e-01;-3.966007530689239502e-01
1.343268901109695435e-01;3.416335582733154297e-01;-2.419342845678329468e-01
-1.685221344232559204e-01;5.329750180244445801e-01;-2.798192501068115234e-01
-1.645097732543945312e-01;5.499801635742187500e-01;-3.271105587482452393e-01
1.382321268320083618e-01;4.346839189529418945e-01;-1.500419229269027710e-01
-9.556259959936141968e-02;4.818041026592254639e-01;-4.811891913414001465e-01
1.297002583742141724e-01;5.583546757698059082e-01;-2.159522324800491333e-01
2.042160034179687500e-01;4.900147914886474609e-01;1.853237003087997437e-01
1.956202387809753418e-01;3.945500850677490234e-01;1.256690472364425659e-01
2.068151384592056274e-01;3.813925981521606445e-01;2.214189171791076660e-01
1.853554844856262207e-01;4.578132629394531250e-01;6.425028294324874878e-02
2.262565344572067261e-01;4.866310060024261475e-01;5.922587215900421143e-02
2.226656526327133179e-01;5.579230785369873047e-01;6.691525876522064209e-02
6.627568602561950684e-02;6.176359653472900391e-01;1.850231885910034180e-01
2.066717594861984253e-01;6.152079701423645020e-01;4.384815692901611328e-02
4.965440928936004639e-02;3.806547522544860840e-01;1.533126235008239746e-01
2.717291116714477539e-01;3.026776313781738281e-01;1.516241878271102905e-01
-1.524784415960311890e-02;-4.466561377048492432e-01;2.199015766382217407e-01
1.426338404417037964e-02;-4.726058840751647949e-01;2.679491937160491943e-01
6.644019484519958496e-02;-4.786316156387329102e-01;2.234438955783843994e-01
-6.880631670355796814e-03;-4.063506424427032471e-01;3.371917009353637695e-01
-1.529263556003570557e-01;-4.160974323749542236e-01;3.457544445991516113e-01
-9.611539542675018311e-02;-2.588430047035217285e-01;2.352914214134216309e-01
8.679129928350448608e-02;-2.699654400348663330e-01;2.721478641033172607e-01
-6.377933546900749207e-03;-6.457281708717346191e-01;3.010343909263610840e-01
2.016007304191589355e-01;-4.273006618022918701e-01;2.246720641851425171e-01
3.332707658410072327e-02;-3.516738712787628174e-01;1.854762434959411621e-02
-4.469932019710540771e-01;-3.422876596450805664e-01;-6.699835062026977539e-01
-4.048951864242553711e-01;-4.309101998805999756e-01;-6.066064834594726562e-01
-2.490985393524169922e-01;-3.340730965137481689e-01;-5.905759334564208984e-01
-4.416050612926483154e-01;-1.322053968906402588e-01;-6.120504140853881836e-01
-3.730079233646392822e-01;-1.336768418550491333e-01;-6.241037845611572266e-01
-2.561605572700500488e-01;-3.745091259479522705e-01;-5.517109036445617676e-01
-4.117222726345062256e-01;-5.865834951400756836e-01;-6.447491645812988281e-01
-2.816787958145141602e-01;-1.943782567977905273e-01;-5.577830076217651367e-01
-4.546322822570800781e-01;-4.217863082885742188e-02;-6.770305633544921875e-01
-2.765770256519317627e-01;-5.843925476074218750e-01;-5.940415263175964355e-01
1.105025410652160645e-01;-6.523614525794982910e-01;-1.688463836908340454e-01
1.429101675748825073e-01;-7.192812561988830566e-01;-1.506974101066589355e-01
1.380183994770050049e-01;-7.196511626243591309e-01;-1.284543722867965698e-01
1.818499565124511719e-01;-7.056058645248413086e-01;-1.213185116648674011e-01
1.318029910326004028e-01;-7.201437354087829590e-01;-9.414055943489074707e-02
1.264621913433074951e-01;-7.199841737747192383e-01;-8.642293512821197510e-02
1.189953610301017761e-01;-6.120607852935791016e-01;-6.750992685556411743e-02
1.892961412668228149e-01;-6.256068348884582520e-01;-9.494969248771667480e-02
1.844327896833419800e-01;-7.235655784606933594e-01;-1.188091337680816650e-01
1.468922346830368042e-01;-7.221587300300598145e-01;-7.848577946424484253e-02
-1.628654152154922485e-01;-2.202282100915908813e-01;4.026387929916381836e-01
-1.738269627094268799e-01;-2.881897091865539551e-01;4.507817625999450684e-01
-1.804913282394409180e-01;-2.901422381401062012e-01;3.561400771141052246e-01
-1.203060746192932129e-01;-2.044013589620590210e-01;4.802382588386535645e-01
-2.323026806116104126e-01;-1.685128211975097656e-01;4.644269049167633057e-01
-1.112081483006477356e-01;-2.071911692619323730e-01;2.754758894443511963e-01
-1.142378374934196472e-01;-8.649678528308868408e-02;4.385016858577728271e-01
-1.485859453678131104e-01;-7.705549895763397217e-02;4.375120103359222412e-01
-2.766813337802886963e-01;-1.982606649398803711e-01;5.099280476570129395e-01
-9.611539542675018311e-02;-2.588430047035217285e-01;2.352914214134216309e-01
2.734298706054687500e-01;-1.755824238061904907e-01;1.866258233785629272e-01
2.578977644443511963e-01;-8.707848936319351196e-02;6.068073213100433350e-02
1.777372211217880249e-01;-1.169110313057899475e-01;7.940410077571868896e-02
2.762464582920074463e-01;-3.332946002483367920e-01;2.005351930856704712e-01
2.337679266929626465e-01;-2.207204401493072510e-01;3.980888426303863525e-02
2.121266573667526245e-01;-3.853146731853485107e-02;2.385991215705871582e-01
2.647469341754913330e-01;5.124613642692565918e-03;1.235710978507995605e-01
2.439108788967132568e-01;-3.572967648506164551e-01;8.938172459602355957e-02
2.276584804058074951e-01;-5.515211075544357300e-02;1.136420667171478271e-02
5.243462324142456055e-02;-1.540162712335586548e-01;1.999393701553344727e-01
-4.680134728550910950e-02;4.367427229881286621e-01;3.563288152217864990e-01
-1.487177312374114990e-01;3.679993450641632080e-01;4.419122934341430664e-01
-1.770036071538925171e-01;4.406656324863433838e-01;4.464369416236877441e-01
-4.220302402973175049e-02;2.593652307987213135e-01;3.221539258956909180e-01
-2.147079855203628540e-01;4.292375743389129639e-01;4.597913026809692383e-01
-4.458684474229812622e-03;5.613174438476562500e-01;2.080923914909362793e-01
-4.970563575625419617e-02;2.775448262691497803e-01;2.226289212703704834e-01
-2.531740665435791016e-01;4.865856766700744629e-01;3.695362210273742676e-01
4.965440556406974792e-02;3.806547522544860840e-01;1.533126235008239746e-01
1.037064343690872192e-01;2.505936026573181152e-01;3.043376505374908447e-01
2.523529231548309326e-01;1.285836100578308105e-01;8.572290837764739990e-02
1.903160959482192993e-01;9.693854302167892456e-02;9.063703566789627075e-02
1.807051599025726318e-01;6.668629497289657593e-02;3.372657671570777893e-02
2.500390708446502686e-01;2.550093829631805420e-01;8.976292610168457031e-02
2.647469341754913330e-01;5.124606192111968994e-03;1.235710978507995605e-01
2.208747118711471558e-01;1.234652996063232422e-01;-5.414630472660064697e-02
2.176587730646133423e-01;2.425546050071716309e-01;-8.479416370391845703e-03
2.554424107074737549e-01;2.307555675506591797e-01;-3.539121150970458984e-02
1.340257376432418823e-01;5.439869314432144165e-02;1.733960807323455811e-01
2.590622305870056152e-01;2.953458130359649658e-01;5.872572958469390869e-02
-4.400075376033782959e-01;-4.439765512943267822e-01;5.668796896934509277e-01
-3.111526966094970703e-01;-5.205386281013488770e-01;5.239394903182983398e-01
-4.015901684761047363e-01;-2.722879350185394287e-01;5.555601716041564941e-01
-2.919481694698333740e-01;-3.430178761482238770e-01;5.524079799652099609e-01
-3.100138306617736816e-01;-5.994758605957031250e-01;5.625488758087158203e-01
-2.559367120265960693e-01;-4.270491302013397217e-01;4.707053303718566895e-01
-3.308412432670593262e-01;-2.761053442955017090e-01;4.965699613094329834e-01
-3.562028408050537109e-01;-6.322404146194458008e-01;5.033966302871704102e-01
-2.432368099689483643e-01;-4.413601160049438477e-01;4.607869982719421387e-01
-2.970456480979919434e-01;-5.058326125144958496e-01;4.040892124176025391e-01
