2.430475503206253052e-01;-5.705881118774414062e-02;1.174100562930107117e-01
2.373874932527542114e-01;-7.354386150836944580e-02;5.139145255088806152e-02
2.445376217365264893e-01;-1.309797018766403198e-01;1.218204274773597717e-01
2.403077483177185059e-01;-1.541799157857894897e-01;7.019434124231338501e-02
2.189399003982543945e-01;1.191449165344238281e-02;3.374115377664566040e-02
2.513930797576904297e-01;4.975602030754089355e-02;1.561825871467590332e-01
1.812087446451187134e-01;5.149813741445541382e-02;1.266828328371047974e-01
2.328691035509109497e-01;3.864523023366928101e-02;7.285624742507934570e-03
1.150509715080261230e-01;-1.315200328826904297e-01;1.529524177312850952e-01
1.647002547979354858e-01;-6.285373121500015259e-02;-2.860065549612045288e-02
-9.522841125726699829e-02;-6.632162332534790039e-01;-3.539886176586151123e-01
-6.108075752854347229e-02;-6.633065342903137207e-01;-3.104293942451477051e-01
-1.901488304138183594e-01;-6.578373312950134277e-01;-3.648830056190490723e-01
1.430967450141906738e-02;-5.413965582847595215e-01;-2.852896749973297119e-01
-2.492507100105285645e-01;-5.986258387565612793e-01;-4.235551357269287109e-01
-7.103907316923141479e-02;-4.791423380374908447e-01;-3.358691334724426270e-01
2.302148193120956421e-02;-6.124508976936340332e-01;-1.978376209735870361e-01
-2.674164474010467529e-01;-6.576396226882934570e-01;-4.651067256927490234e-01
-2.319532334804534912e-01;-6.037764549255371094e-01;-5.005140900611877441e-01
-2.675892412662506104e-01;-5.362405776977539062e-01;-3.742848336696624756e-01
-6.525234133005142212e-02;2.366890758275985718e-01;-1.936048418283462524e-01
-2.097420394420623779e-02;1.277913451194763184e-01;-1.970476955175399780e-01
-3.279459848999977112e-02;2.638375759124755859e-01;-3.272415399551391602e-01
5.253667384386062622e-02;1.455947458744049072e-01;-1.586738377809524536e-01
-6.896239519119262695e-02;4.134398400783538818e-01;-2.344811409711837769e-01
-1.194722726941108704e-01;1.122908294200897217e-01;-3.329623043537139893e-01
-2.018619179725646973e-01;1.044849753379821777e-01;-2.715658843517303467e-01
6.542443484067916870e-02;3.521884083747863770e-01;-6.970839947462081909e-02
1.231894567608833313e-01;3.536529541015625000e-01;-1.802095621824264526e-01
1.500111073255538940e-02;1.406719088554382324e-01;-3.773093223571777344e-03
7.918034493923187256e-02;3.957347869873046875e-01;2.771931290626525879e-01
1.107350364327430725e-01;3.747811317443847656e-01;1.525938957929611206e-01
1.093052849173545837e-01;4.187155365943908691e-01;1.147100478410720825e-01
-3.844697028398513794e-02;4.681330323219299316e-01;3.763734996318817139e-01
-4.404948651790618896e-02;4.952972531318664551e-01;2.017346024513244629e-01
-9.215411543846130371e-02;3.135789334774017334e-01;2.671259045600891113e-01
2.439665794372558594e-01;4.140836894512176514e-01;1.621564328670501709e-01
2.499088943004608154e-01;3.741748332977294922e-01;1.422502547502517700e-01
1.876433044672012329e-01;5.594629645347595215e-01;1.719387769699096680e-01
1.663369238376617432e-01;5.137270092964172363e-01;9.223884344100952148e-02
-1.262767165899276733e-01;-2.141638696193695068e-01;-3.846639990806579590e-01
-1.121628805994987488e-01;-8.587092161178588867e-02;-4.171182811260223389e-01
-2.502361238002777100e-01;-2.336032986640930176e-01;-4.550044536590576172e-01
-1.800479143857955933e-01;-3.198993206024169922e-01;-4.785099327564239502e-01
-1.567055732011795044e-01;-7.960762083530426025e-02;-4.612196981906890869e-01
-7.476619631052017212e-02;-1.558971852064132690e-01;-2.373595684766769409e-01
-1.980834901332855225e-01;-2.819431424140930176e-01;-5.237928628921508789e-01
-1.574611812829971313e-01;-1.480282694101333618e-01;-2.237531095743179321e-01
-5.585175752639770508e-02;-3.734299540519714355e-01;-3.368206322193145752e-01
-1.431304216384887695e-02;-5.622549355030059814e-02;-3.515905439853668213e-01
-4.947144165635108948e-02;6.963721662759780884e-02;2.646488547325134277e-01
4.309205338358879089e-02;7.292697578668594360e-02;1.415818780660629272e-01
4.126590117812156677e-02;-6.452693790197372437e-02;2.556970715522766113e-01
-2.017225474119186401e-01;3.273485600948333740e-02;3.376725316047668457e-01
-1.096600219607353210e-01;-1.868218928575515747e-02;4.081381559371948242e-01
-1.636697202920913696e-01;1.215098425745964050e-01;4.184700250625610352e-01
1.180864423513412476e-01;6.140567734837532043e-02;1.585282087326049805e-01
-1.063413470983505249e-01;-1.251038014888763428e-01;2.603058815002441406e-01
-1.891429722309112549e-01;1.922324895858764648e-01;3.585965931415557861e-01
2.998997643589973450e-02;-5.390368402004241943e-02;1.117944419384002686e-01
2.575899958610534668e-01;5.902413651347160339e-02;-2.086861133575439453e-01
2.518229782581329346e-01;9.694802761077880859e-02;-1.535566002130508423e-01
2.494003474712371826e-01;-1.925614103674888611e-02;-2.052394151687622070e-01
2.139056622982025146e-01;2.078015357255935669e-02;-9.810634702444076538e-02
1.400941014289855957e-01;1.665083318948745728e-02;-2.602277398109436035e-01
2.275680601596832275e-01;2.246807962656021118e-01;-1.436612159013748169e-01
2.039533704519271851e-01;1.709800958633422852e-01;-7.532481849193572998e-02
2.022227197885513306e-01;-1.135830283164978027e-01;-2.290346324443817139e-01
2.396166622638702393e-01;1.820243895053863525e-01;-7.285839319229125977e-02
2.520632445812225342e-01;-1.281469315290451050e-01;-1.575674861669540405e-01
-1.155792027711868286e-01;-6.574104428291320801e-01;2.390907108783721924e-01
-4.449915885925292969e-02;-6.640259623527526855e-01;2.869735956192016602e-01
-1.768906265497207642e-01;-6.580293178558349609e-01;3.400402665138244629e-01
-8.745193481445312500e-03;-6.075842976570129395e-01;1.707325577735900879e-01
-1.664623916149139404e-01;-6.609324216842651367e-01;3.922239542007446289e-01
-1.211768463253974915e-01;-5.716143250465393066e-01;4.170962572097778320e-01
8.612948656082153320e-02;-6.060177087783813477e-01;2.293842285871505737e-01
-1.027701795101165771e-01;-6.608363986015319824e-01;4.551042914390563965e-01
-1.949335336685180664e-01;-6.065586805343627930e-01;4.392835795879364014e-01
7.596822082996368408e-02;-6.730458140373229980e-01;7.122182846069335938e-02
2.347337007522583008e-01;3.684338033199310303e-01;-1.163613982498645782e-02
2.365888506174087524e-01;3.644372522830963135e-01;3.435678035020828247e-02
1.913665086030960083e-01;3.837991058826446533e-01;-6.628255546092987061e-02
2.241097539663314819e-01;3.559333086013793945e-01;7.629359513521194458e-02
2.474098950624465942e-01;3.357636928558349609e-01;-1.219997256994247437e-01
1.854249984025955200e-01;4.947806000709533691e-01;-1.334646251052618027e-02
2.367332577705383301e-01;5.064057111740112305e-01;-2.466538920998573303e-02
2.499088943004608154e-01;3.741748332977294922e-01;1.422502547502517700e-01
2.290837168693542480e-01;2.915014624595642090e-01;-1.567341536283493042e-01
2.498321980237960815e-01;2.980184853076934814e-01;1.376366764307022095e-01
-4.074976742267608643e-01;-3.673022091388702393e-01;6.068730354309082031e-01
-4.127265214920043945e-01;-3.032486140727996826e-01;6.110432147979736328e-01
-3.464057743549346924e-01;-4.231200814247131348e-01;5.036014914512634277e-01
-3.654139041900634766e-01;-3.573766648769378662e-01;4.782076179981231689e-01
-3.730419874191284180e-01;-2.078880071640014648e-01;4.816069900989532471e-01
-2.878689467906951904e-01;-3.029313385486602783e-01;4.513270556926727295e-01
-3.288768231868743896e-01;-4.184499979019165039e-01;4.141107201576232910e-01
-3.013701140880584717e-01;-5.626504421234130859e-01;5.243527293205261230e-01
-2.494759112596511841e-01;-5.172857046127319336e-01;5.125811100006103516e-01
-2.434490770101547241e-01;-2.744658887386322021e-01;4.376054108142852783e-01
-1.581735610961914062e-01;7.076010704040527344e-01;2.863491177558898926e-01
-2.014836966991424561e-01;7.032821774482727051e-01;2.967777252197265625e-01
-1.761669516563415527e-01;6.504675745964050293e-01;3.534766435623168945e-01
-1.464559882879257202e-01;7.135480046272277832e-01;3.950542807579040527e-01
-1.175612881779670715e-01;7.142250537872314453e-01;4.155108332633972168e-01
-1.778115332126617432e-02;6.600438952445983887e-01;2.429053038358688354e-01
-3.761494159698486328e-02;5.951725840568542480e-01;3.463552296161651611e-01
-1.900425851345062256e-01;6.584196090698242188e-01;4.693985283374786377e-01
-1.550822407007217407e-01;6.640111804008483887e-01;5.144519209861755371e-01
-1.537655293941497803e-01;4.669020771980285645e-01;2.775220870971679688e-01
-5.422380194067955017e-02;-9.727774560451507568e-02;-1.539874970912933350e-01
-7.476619631052017212e-02;-1.558971852064132690e-01;-2.373595684766769409e-01
-3.947421908378601074e-03;-5.286227539181709290e-02;-2.458724528551101685e-01
-1.574611812829971313e-01;-1.480282694101333618e-01;-2.237531095743179321e-01
9.750331938266754150e-02;-5.733921378850936890e-02;-1.006636321544647217e-01
1.721298322081565857e-02;-1.869478821754455566e-02;-2.974523603916168213e-01
7.469278573989868164e-02;-2.201402634382247925e-01;-2.073275893926620483e-01
-1.431303843855857849e-02;-5.622549727559089661e-02;-3.515905439853668213e-01
1.261723786592483521e-01;-1.941403746604919434e-01;-1.752668321132659912e-01
-1.582071483135223389e-01;4.925653338432312012e-04;-3.047468960285186768e-01
-1.079953610897064209e-01;-1.022587046027183533e-01;4.517472386360168457e-01
-1.140601038932800293e-01;-1.539799124002456665e-01;4.102445244789123535e-01
-1.572831422090530396e-01;-1.392742544412612915e-01;4.107660949230194092e-01
-1.096600219607353210e-01;-1.868218928575515747e-02;4.081381559371948242e-01
-1.661482900381088257e-01;-1.235859841108322144e-02;4.550807774066925049e-01
-1.890928745269775391e-01;-1.712904572486877441e-01;5.504821538925170898e-01
-2.593389749526977539e-01;-1.545292586088180542e-01;3.492615222930908203e-01
-1.063413470983505249e-01;-1.251037865877151489e-01;2.603058815002441406e-01
-1.014194339513778687e-01;-2.773030102252960205e-01;3.566414415836334229e-01
-2.017225474119186401e-01;3.273484855890274048e-02;3.376725316047668457e-01
-3.474182784557342529e-01;2.855774760246276855e-01;-5.662541985511779785e-01
-3.426757156848907471e-01;8.903506398200988770e-02;-5.962581634521484375e-01
-3.426855206489562988e-01;8.902926743030548096e-02;-5.962686538696289062e-01
-2.785380482673645020e-01;-1.649143099784851074e-01;-5.810076594352722168e-01
-3.426713645458221436e-01;8.903922140598297119e-02;-5.962634086608886719e-01
-2.089145034551620483e-01;-5.319050699472427368e-02;-5.734816789627075195e-01
-3.426735103130340576e-01;8.903821557760238647e-02;-5.962518453598022461e-01
-1.947955936193466187e-01;1.571374535560607910e-01;-5.742717385292053223e-01
-3.426971435546875000e-01;8.904420584440231323e-02;-5.962447524070739746e-01
-3.426854312419891357e-01;8.904170989990234375e-02;-5.962594151496887207e-01
-2.491905391216278076e-01;-5.188801884651184082e-01;5.104700326919555664e-01
-2.456202656030654907e-01;-6.623200774192810059e-01;5.515305399894714355e-01
-2.456461191177368164e-01;-6.623376607894897461e-01;5.515250563621520996e-01
-2.453196495771408081e-01;-6.619753241539001465e-01;5.512691140174865723e-01
-2.456298470497131348e-01;-6.623274683952331543e-01;5.515230298042297363e-01
-1.575469672679901123e-01;-6.524447798728942871e-01;3.887691795825958252e-01
-2.456466257572174072e-01;-6.623259782791137695e-01;5.515223741531372070e-01
-3.375460207462310791e-01;-5.976347923278808594e-01;4.601245522499084473e-01
-2.456534653902053833e-01;-6.623194217681884766e-01;5.515505671501159668e-01
-2.456415891647338867e-01;-6.623271107673645020e-01;5.515286326408386230e-01
-1.352963894605636597e-01;7.092675566673278809e-01;3.891138732433319092e-01
-2.776948809623718262e-01;6.351828575134277344e-01;5.561928153038024902e-01
-2.777288556098937988e-01;6.351534128189086914e-01;5.561808347702026367e-01
-2.558775544166564941e-01;4.900188446044921875e-01;5.128322839736938477e-01
-2.777021527290344238e-01;6.351644992828369141e-01;5.561754703521728516e-01
-2.229802608489990234e-01;4.554111957550048828e-01;3.821399807929992676e-01
-2.777477800846099854e-01;6.351824402809143066e-01;5.561714172363281250e-01
-1.869974732398986816e-01;6.564078330993652344e-01;4.678005576133728027e-01
-2.777476906776428223e-01;6.351866722106933594e-01;5.562279224395751953e-01
-2.777167260646820068e-01;6.351857185363769531e-01;5.562018752098083496e-01
1.509950309991836548e-01;7.294033169746398926e-01;-1.015676409006118774e-01
2.092832922935485840e-01;7.278032302856445312e-01;-1.772692203521728516e-01
2.092388123273849487e-01;7.277800440788269043e-01;-1.772846281528472900e-01
2.430059164762496948e-01;7.333157062530517578e-01;-1.451726555824279785e-01
2.092698812484741211e-01;7.277843952178955078e-01;-1.772869229316711426e-01
1.832740455865859985e-01;6.854127049446105957e-01;-1.442948728799819946e-01
2.092404365539550781e-01;7.277963757514953613e-01;-1.772824525833129883e-01
2.385024726390838623e-01;7.361555099487304688e-01;-7.100921869277954102e-02
2.092376947402954102e-01;7.278074026107788086e-01;-1.772437989711761475e-01
2.092512696981430054e-01;7.277976870536804199e-01;-1.772777140140533447e-01
-2.584112286567687988e-01;7.083623409271240234e-01;-4.954250752925872803e-01
-3.747184276580810547e-01;6.982086300849914551e-01;-5.193270444869995117e-01
-3.747653961181640625e-01;6.981827616691589355e-01;-5.193392038345336914e-01
-2.525773048400878906e-01;4.360826015472412109e-01;-5.522868633270263672e-01
-3.747390508651733398e-01;6.981667280197143555e-01;-5.193452835083007812e-01
-1.839742660522460938e-01;6.043221950531005859e-01;-5.709489583969116211e-01
-3.747844994068145752e-01;6.981983184814453125e-01;-5.193566083908081055e-01
-1.492075473070144653e-01;6.953121423721313477e-01;-4.344578385353088379e-01
-3.747511506080627441e-01;6.981981992721557617e-01;-5.192932486534118652e-01
-3.747334778308868408e-01;6.982003450393676758e-01;-5.193167924880981445e-01
-2.104106694459915161e-01;8.970841020345687866e-02;5.574650168418884277e-01
-3.809599876403808594e-01;-6.277242302894592285e-02;5.557962059974670410e-01
-3.810671269893646240e-01;-6.280797719955444336e-02;5.557659864425659180e-01
-3.240601420402526855e-01;-1.379656940698623657e-01;4.664983749389648438e-01
-3.809994459152221680e-01;-6.279904395341873169e-02;5.557565093040466309e-01
-1.878093183040618896e-01;-1.707918047904968262e-01;5.546352863311767578e-01
-3.810344040393829346e-01;-6.279121339321136475e-02;5.557727813720703125e-01
-1.707675009965896606e-01;-1.274324953556060791e-02;4.602892398834228516e-01
-3.810450434684753418e-01;-6.276294589042663574e-02;5.558272600173950195e-01
-3.810379207134246826e-01;-6.279639899730682373e-02;5.557664036750793457e-01
1.807587295770645142e-01;-6.846856474876403809e-01;8.382607996463775635e-02
2.378846108913421631e-01;-6.805343627929687500e-01;1.397601217031478882e-01
2.378510385751724243e-01;-6.805551648139953613e-01;1.397538036108016968e-01
2.057322263717651367e-01;-6.537410020828247070e-01;1.627482175827026367e-01
2.378706485033035278e-01;-6.805527210235595703e-01;1.397487968206405640e-01
2.249617874622344971e-01;-6.788457632064819336e-01;5.325859785079956055e-02
2.378435432910919189e-01;-6.805399656295776367e-01;1.397512853145599365e-01
2.052587717771530151e-01;-6.815162897109985352e-01;1.177567243576049805e-01
2.378432154655456543e-01;-6.805353760719299316e-01;1.397875994443893433e-01
2.378598898649215698e-01;-6.805381178855895996e-01;1.397628337144851685e-01
-2.811127305030822754e-01;-1.645117551088333130e-01;-5.821145772933959961e-01
-4.131620526313781738e-01;-3.457971811294555664e-01;-6.283841133117675781e-01
-4.131739139556884766e-01;-3.457987308502197266e-01;-6.283929944038391113e-01
-3.740838170051574707e-01;-5.791100859642028809e-01;-5.762430429458618164e-01
-4.131621122360229492e-01;-3.457882404327392578e-01;-6.283902525901794434e-01
-2.534590959548950195e-01;-3.154202401638031006e-01;-5.746132135391235352e-01
-4.131567478179931641e-01;-3.457981050014495850e-01;-6.283811926841735840e-01
-2.000233381986618042e-01;-2.828351855278015137e-01;-5.253113508224487305e-01
-4.131753742694854736e-01;-3.457890152931213379e-01;-6.283843517303466797e-01
-4.131759703159332275e-01;-3.457955718040466309e-01;-6.283925771713256836e-01
-1.158246845006942749e-01;-1.445279121398925781e-01;3.623447418212890625e-01
-1.151192113757133484e-01;-2.752048075199127197e-01;2.751772701740264893e-01
-1.151616945862770081e-01;-2.752240300178527832e-01;2.751637101173400879e-01
-1.539938449859619141e-01;-3.893561363220214844e-01;3.207255005836486816e-01
-1.151341944932937622e-01;-2.752228677272796631e-01;2.751578688621520996e-01
-1.378506422042846680e-02;-2.544972896575927734e-01;1.965118944644927979e-01
-1.151679083704948425e-01;-2.752102911472320557e-01;2.751589417457580566e-01
-1.056635826826095581e-01;-3.262872099876403809e-01;4.135418236255645752e-01
-1.151640638709068298e-01;-2.752019762992858887e-01;2.752059102058410645e-01
-1.151474565267562866e-01;-2.752137184143066406e-01;2.751690447330474854e-01
2.032816410064697266e-01;-2.799274921417236328e-01;-9.692954272031784058e-02
2.512759268283843994e-01;-3.605368137359619141e-01;-1.617724150419235229e-01
2.512678205966949463e-01;-3.605482876300811768e-01;-1.617720723152160645e-01
2.450936138629913330e-01;-3.377502560615539551e-01;-1.978069543838500977e-01
2.512673437595367432e-01;-3.605433404445648193e-01;-1.617694199085235596e-01
1.875538975000381470e-01;-4.021495580673217773e-01;-1.503681540489196777e-01
2.512704432010650635e-01;-3.605387210845947266e-01;-1.617657244205474854e-01
2.248523235321044922e-01;-3.856589496135711670e-01;-4.549533128738403320e-03
2.512585818767547607e-01;-3.605413436889648438e-01;-1.617574095726013184e-01
2.512699663639068604e-01;-3.605369329452514648e-01;-1.617638468742370605e-01
-2.597187757492065430e-01;4.938689768314361572e-01;5.174257159233093262e-01
-3.990377783775329590e-01;3.070613145828247070e-01;6.018964648246765137e-01
-3.990845084190368652e-01;3.070428967475891113e-01;6.018826961517333984e-01
-3.249709010124206543e-01;1.805226206779479980e-01;5.737785696983337402e-01
-3.990548253059387207e-01;3.070462942123413086e-01;6.018804907798767090e-01
-3.014227151870727539e-01;2.043357789516448975e-01;4.501728415489196777e-01
-3.990766108036041260e-01;3.070534467697143555e-01;6.018825173377990723e-01
-3.079494237899780273e-01;3.223334550857543945e-01;4.475530683994293213e-01
-3.990838527679443359e-01;3.070643246173858643e-01;6.019195914268493652e-01
-3.990706801414489746e-01;3.070525527000427246e-01;6.018903851509094238e-01
-1.313337087631225586e-01;6.607436537742614746e-01;-3.608814477920532227e-01
-1.073126569390296936e-01;5.662776827812194824e-01;-3.509939312934875488e-01
-1.073320358991622925e-01;5.662770271301269531e-01;-3.509990870952606201e-01
-1.090772598981857300e-01;4.579903483390808105e-01;-4.119785726070404053e-01
-1.073262393474578857e-01;5.662758350372314453e-01;-3.509961962699890137e-01
-7.016552984714508057e-02;4.954572916030883789e-01;-3.006879687309265137e-01
-1.073152720928192139e-01;5.662699937820434570e-01;-3.509958386421203613e-01
-1.239980682730674744e-01;5.946550369262695312e-01;-4.927773475646972656e-01
-1.073216870427131653e-01;5.662767291069030762e-01;-3.509904444217681885e-01
-1.073253452777862549e-01;5.662679672241210938e-01;-3.510016798973083496e-01
1.852098405361175537e-01;7.285776734352111816e-01;9.930302202701568604e-02
2.253304421901702881e-01;6.711245775222778320e-01;1.492888778448104858e-01
2.253496348857879639e-01;6.711289286613464355e-01;1.492935866117477417e-01
2.241345047950744629e-01;6.746723651885986328e-01;1.492632478475570679e-01
2.253363579511642456e-01;6.711263060569763184e-01;1.492958962917327881e-01
2.131470739841461182e-01;7.212160825729370117e-01;6.165074557065963745e-02
2.253415584564208984e-01;6.711250543594360352e-01;1.492900252342224121e-01
2.183645069599151611e-01;6.417151093482971191e-01;1.338918060064315796e-01
2.253415435552597046e-01;6.711221337318420410e-01;1.492862850427627563e-01
2.253434658050537109e-01;6.711277961730957031e-01;1.492952108383178711e-01
-2.200932502746582031e-01;-5.636026859283447266e-01;-5.332342982292175293e-01
-3.705802261829376221e-01;-6.507735252380371094e-01;-5.753296613693237305e-01
-3.705763220787048340e-01;-6.507723331451416016e-01;-5.753275752067565918e-01
-3.406452834606170654e-01;-6.526080965995788574e-01;-5.388215184211730957e-01
-3.705818355083465576e-01;-6.507747173309326172e-01;-5.753291249275207520e-01
-2.456746101379394531e-01;-5.970624089241027832e-01;-4.225395917892456055e-01
-3.705858588218688965e-01;-6.507709622383117676e-01;-5.753323435783386230e-01
-2.321307957172393799e-01;-6.181414127349853516e-01;-5.739299058914184570e-01
-3.705812096595764160e-01;-6.507759094238281250e-01;-5.753232836723327637e-01
-3.705746829509735107e-01;-6.507704854011535645e-01;-5.753198266029357910e-01
-2.964044213294982910e-01;6.427307128906250000e-01;-5.853621959686279297e-01
-4.125531315803527832e-01;4.217993021011352539e-01;-6.271985173225402832e-01
-4.125563502311706543e-01;4.217916131019592285e-01;-6.272028684616088867e-01
-2.803313732147216797e-01;1.869266182184219360e-01;-5.858785510063171387e-01
-4.125483632087707520e-01;4.218035042285919189e-01;-6.272039413452148438e-01
-3.484703898429870605e-01;2.858348488807678223e-01;-5.710080862045288086e-01
-4.125561714172363281e-01;4.218031764030456543e-01;-6.271914243698120117e-01
-1.974591463804244995e-01;4.772822558879852295e-01;-5.280563831329345703e-01
-4.125782549381256104e-01;4.218069016933441162e-01;-6.271867156028747559e-01
-4.125629365444183350e-01;4.218116402626037598e-01;-6.271934509277343750e-01
1.694880127906799316e-01;-6.645987629890441895e-01;-1.176924034953117371e-01
2.462934553623199463e-01;-6.790679097175598145e-01;-1.579420864582061768e-01
2.462635785341262817e-01;-6.790808439254760742e-01;-1.579484194517135620e-01
2.416142970323562622e-01;-6.766707897186279297e-01;-1.566024571657180786e-01
2.462795078754425049e-01;-6.790826320648193359e-01;-1.579504311084747314e-01
2.413970828056335449e-01;-6.804375648498535156e-01;-1.207629665732383728e-01
2.462589591741561890e-01;-6.790719032287597656e-01;-1.579517573118209839e-01
2.390542477369308472e-01;-6.858783364295959473e-01;-7.726003974676132202e-02
2.462636381387710571e-01;-6.790689826011657715e-01;-1.579218208789825439e-01
2.462730854749679565e-01;-6.790730357170104980e-01;-1.579429209232330322e-01
-1.533181518316268921e-01;4.291189312934875488e-01;4.074560105800628662e-01
-1.922599226236343384e-01;2.493809908628463745e-01;4.253292977809906006e-01
-1.922990083694458008e-01;2.493488043546676636e-01;4.253203868865966797e-01
-1.642860174179077148e-01;1.211142092943191528e-01;4.195478260517120361e-01
-1.922779828310012817e-01;2.493738234043121338e-01;4.253185987472534180e-01
-1.835600435733795166e-01;1.918679624795913696e-01;3.555490076541900635e-01
-1.922947168350219727e-01;2.493765801191329956e-01;4.253257513046264648e-01
-3.085000813007354736e-01;2.058801352977752686e-01;4.442089498043060303e-01
-1.923208534717559814e-01;2.493828535079956055e-01;4.253609478473663330e-01
-1.922969222068786621e-01;2.493790239095687866e-01;4.253335595130920410e-01
1.673344522714614868e-01;-4.235372841358184814e-01;3.638719767332077026e-02
6.544937193393707275e-02;-4.799594283103942871e-01;5.894261598587036133e-02
6.538396328687667847e-02;-4.799847602844238281e-01;5.894027277827262878e-02
9.933494031429290771e-02;-4.772802591323852539e-01;9.593512117862701416e-02
6.539541482925415039e-02;-4.800157248973846436e-01;5.893163383007049561e-02
1.893485933542251587e-01;-5.683724880218505859e-01;7.035212963819503784e-02
6.537962704896926880e-02;-4.799795448780059814e-01;5.890955030918121338e-02
9.343668818473815918e-02;-4.565258026123046875e-01;-4.852504283189773560e-02
6.541547179222106934e-02;-4.799841940402984619e-01;5.898140370845794678e-02
6.542755663394927979e-02;-4.799916744232177734e-01;5.894860625267028809e-02
1.114609017968177795e-01;3.856062293052673340e-01;1.435154527425765991e-01
2.723262831568717957e-02;2.437193244695663452e-01;5.673658102750778198e-02
2.713953517377376556e-02;2.436701357364654541e-01;5.671756342053413391e-02
4.270007461309432983e-02;7.303582131862640381e-02;1.420000791549682617e-01
2.718709781765937805e-02;2.436580955982208252e-01;5.670279264450073242e-02
1.739678680896759033e-01;1.715042442083358765e-01;8.166153728961944580e-02
2.711661532521247864e-02;2.437037378549575806e-01;5.669130384922027588e-02
6.528368592262268066e-02;3.543928265571594238e-01;-6.999814510345458984e-02
2.715166471898555756e-02;2.437095791101455688e-01;5.679365247488021851e-02
2.717944979667663574e-02;2.436960041522979736e-01;5.673506110906600952e-02
