-3.144254088401794434e-01;-1.198337823152542114e-01;-4.169758856296539307e-01
-3.323892354965209961e-01;2.325442433357238770e-01;-4.447322785854339600e-01
-4.186330735683441162e-01;-4.182169735431671143e-01;5.285308957099914551e-01
-2.971934080123901367e-01;-1.147131398320198059e-01;4.497696161270141602e-01
-3.864557445049285889e-01;2.315823733806610107e-01;4.596815109252929688e-01
-2.639983296394348145e-01;2.234902977943420410e-02;-3.984618186950683594e-01
-2.587230801582336426e-01;1.530351191759109497e-01;4.760041534900665283e-01
1.647856384515762329e-01;9.061265736818313599e-02;5.654841288924217224e-02
1.815411001443862915e-01;-5.748729407787322998e-02;-4.489720612764358521e-02
-3.611466586589813232e-01;1.363157331943511963e-01;-4.366898834705352783e-01
-2.746040523052215576e-01;3.425177037715911865e-01;-4.009524583816528320e-01
-2.784413397312164307e-01;-3.829183578491210938e-01;-3.735046982765197754e-01
-3.763434886932373047e-01;3.588702082633972168e-01;5.120829343795776367e-01
1.741007715463638306e-01;-2.891516089439392090e-01;-2.841297909617424011e-02
1.848338246345520020e-01;-2.450415939092636108e-01;-4.918653890490531921e-02
1.647031158208847046e-01;3.449747264385223389e-01;1.390784382238052785e-05
-2.616655528545379639e-01;-1.834103167057037354e-01;3.849035501480102539e-01
-1.598524749279022217e-01;-4.436809197068214417e-02;-2.671595513820648193e-01
2.035188674926757812e-01;1.700161993503570557e-01;1.212908849120140076e-01
-2.687325775623321533e-01;-3.689918518066406250e-01;4.156025648117065430e-01
-2.519997656345367432e-01;3.710495233535766602e-01;3.770350813865661621e-01
-1.515442430973052979e-01;8.845860511064529419e-02;3.131105899810791016e-01
-1.429242640733718872e-01;-1.102409437298774719e-01;3.042203485965728760e-01
1.707444339990615845e-01;-3.960295021533966064e-01;5.923648178577423096e-02
8.511187881231307983e-02;8.115800470113754272e-02;-6.366311013698577881e-02
8.014175295829772949e-02;9.176710993051528931e-02;8.217500895261764526e-02
-1.332831233739852905e-01;9.208562970161437988e-02;-2.473989725112915039e-01
9.844910353422164917e-02;-1.362074017524719238e-01;1.120083183050155640e-01
-2.477984428405761719e-01;6.403448581695556641e-01;-4.336687624454498291e-01
-2.408261746168136597e-01;3.307803571224212646e-01;3.518142402172088623e-01
-2.643839418888092041e-01;-5.475484728813171387e-01;-4.009127914905548096e-01
9.771563112735748291e-02;-2.836446166038513184e-01;-6.414560973644256592e-02
6.290392577648162842e-02;-1.325670778751373291e-01;3.705222159624099731e-02
5.064941570162773132e-02;8.211717009544372559e-02;3.667761571705341339e-03
2.215890735387802124e-01;-5.244146287441253662e-02;-1.083703711628913879e-01
1.770905703306198120e-01;4.617301821708679199e-01;-3.333672881126403809e-02
9.124587476253509521e-02;2.019679397344589233e-01;1.218202859163284302e-01
5.057091265916824341e-02;-5.387397017329931259e-03;-3.734774421900510788e-03
-4.287945330142974854e-01;1.285821635974571109e-04;5.396358966827392578e-01
2.222009748220443726e-01;1.252261102199554443e-01;-1.121563315391540527e-01
6.080557033419609070e-02;3.580579757690429688e-01;4.840205982327461243e-02
-3.265084922313690186e-01;1.809588968753814697e-01;3.640413284301757812e-01
2.381462156772613525e-01;7.674668431282043457e-01;4.554922878742218018e-01
-1.361271291971206665e-01;-1.533488631248474121e-01;3.463869392871856689e-01
-2.474836856126785278e-01;9.568707644939422607e-02;-2.712946534156799316e-01
-2.483460903167724609e-01;-5.788225531578063965e-01;4.048024415969848633e-01
1.916921585798263550e-01;7.637749910354614258e-01;4.749853610992431641e-01
1.347327828407287598e-01;-9.100625663995742798e-02;-1.167282089591026306e-01
-4.061954915523529053e-01;1.217292249202728271e-01;4.491213858127593994e-01
7.463007420301437378e-02;-3.894407153129577637e-01;-3.641022741794586182e-02
-2.162852287292480469e-01;-3.165430426597595215e-01;4.334193468093872070e-01
2.290824949741363525e-01;7.548923492431640625e-01;-4.192099869251251221e-01
2.386207729578018188e-01;-7.641119956970214844e-01;-4.242540299892425537e-01
1.733074784278869629e-01;-5.236104726791381836e-01;-7.524542044848203659e-03
2.005786001682281494e-01;4.330624938011169434e-01;1.272149085998535156e-01
1.883345842361450195e-01;4.898120164871215820e-01;9.954500198364257812e-02
-2.255705147981643677e-01;3.839564621448516846e-01;4.351578652858734131e-01
5.099926516413688660e-02;2.801525294780731201e-01;-1.048685163259506226e-01
5.733698606491088867e-02;-4.627424478530883789e-01;3.905628249049186707e-02
2.210499197244644165e-01;-2.966412901878356934e-01;-1.207123398780822754e-01
-4.256733506917953491e-02;-1.018119305372238159e-01;1.657186895608901978e-01
-1.168492063879966736e-01;2.708793878555297852e-01;-2.777194380760192871e-01
-1.232709586620330811e-01;-2.272476404905319214e-01;-3.023921251296997070e-01
2.379245907068252563e-01;-7.640604972839355469e-01;4.668746590614318848e-01
2.348482757806777954e-01;7.696755528450012207e-01;-3.954307138919830322e-01
1.246857568621635437e-01;4.044603705406188965e-01;-1.169910505414009094e-01
1.676814109086990356e-01;-1.558683216571807861e-01;1.781866252422332764e-01
-1.013163756579160690e-02;2.137567996978759766e-01;7.289260625839233398e-02
-3.143339976668357849e-02;-7.712392807006835938e-01;4.749866724014282227e-01
2.268174141645431519e-01;-7.495570182800292969e-01;-4.132064580917358398e-01
-2.397817820310592651e-01;4.214178919792175293e-01;4.752205312252044678e-01
1.731371730566024780e-01;5.845116972923278809e-01;3.800686448812484741e-02
8.358363807201385498e-02;1.557689905166625977e-01;-1.650148034095764160e-01
-7.033829391002655029e-02;-1.896951645612716675e-01;1.727568209171295166e-01
-4.706076532602310181e-02;-2.343847900629043579e-01;-2.284750491380691528e-01
-4.976402036845684052e-03;3.804621398448944092e-01;1.011953279376029968e-01
1.892508119344711304e-01;-5.776174664497375488e-01;1.054146215319633484e-01
-1.065670251846313477e-01;-2.388626039028167725e-01;-1.518488377332687378e-01
-1.559458225965499878e-01;-4.552245140075683594e-01;-2.448312044143676758e-01
1.806234717369079590e-01;7.694583535194396973e-01;4.434149563312530518e-01
2.396868616342544556e-01;8.703596889972686768e-02;-1.517968177795410156e-01
2.313437014818191528e-01;7.778099179267883301e-01;4.174773693084716797e-01
-3.958088457584381104e-01;-4.127651154994964600e-01;-3.989947736263275146e-01
-1.518827229738235474e-01;-3.700457811355590820e-01;-3.453820347785949707e-01
-1.831325329840183258e-02;-3.411194682121276855e-01;-2.431343682110309601e-02
-1.962662935256958008e-01;9.770724177360534668e-02;2.325533926486968994e-01
1.496557891368865967e-01;-3.041268289089202881e-01;1.878180801868438721e-01
-6.704279780387878418e-02;-2.089961320161819458e-01;3.229576349258422852e-01
-2.240192741155624390e-01;5.055977106094360352e-01;2.957625687122344971e-01
2.300289720296859741e-01;-7.819785475730895996e-01;4.187517762184143066e-01
-1.338594853878021240e-01;3.485667705535888672e-01;2.020266503095626831e-01
3.063881956040859222e-02;-1.943439543247222900e-01;-1.962904930114746094e-01
2.271436452865600586e-01;7.850534319877624512e-01;3.975874781608581543e-01
-5.086890608072280884e-02;-2.999905943870544434e-01;-2.387720048427581787e-01
2.163473218679428101e-01;-7.644829750061035156e-01;-3.800236284732818604e-01
-3.613276407122612000e-02;-7.706026434898376465e-01;-4.330393671989440918e-01
2.256357520818710327e-01;4.128035008907318115e-01;-1.578604280948638916e-01
-9.413455612957477570e-03;5.338184237480163574e-01;-2.596349641680717468e-02
1.697275638580322266e-01;-1.257395092397928238e-02;2.128294110298156738e-01
8.609590679407119751e-02;-2.159442901611328125e-01;2.150197625160217285e-01
2.294595539569854736e-01;7.789328694343566895e-01;-3.667434155941009521e-01
-4.095008969306945801e-02;-3.969378173351287842e-01;2.562113106250762939e-01
2.070776820182800293e-01;-5.625440478324890137e-01;-1.257575154304504395e-01
1.858327984809875488e-01;-7.796239256858825684e-01;4.237433075904846191e-01
-1.584315299987792969e-01;-1.501826047897338867e-01;-3.831897377967834473e-01
2.281655967235565186e-01;7.815114855766296387e-01;-3.613317012786865234e-01
2.117617875337600708e-01;5.340243577957153320e-01;1.779195815324783325e-01
-2.364096939563751221e-01;-6.951819062232971191e-01;4.751240015029907227e-01
-1.851033717393875122e-01;-5.869240164756774902e-01;-2.973687052726745605e-01
-4.361320137977600098e-01;4.127356112003326416e-01;-4.217278659343719482e-01
2.801130153238773346e-02;-5.234096050262451172e-01;1.543876826763153076e-01
1.808960735797882080e-01;-7.605291604995727539e-01;4.749846160411834717e-01
2.171632498502731323e-01;-7.677224278450012207e-01;-3.658036589622497559e-01
4.251109063625335693e-02;3.548045754432678223e-01;2.216178178787231445e-01
1.775728464126586914e-01;6.569347381591796875e-01;-2.218753099441528320e-02
-2.104578539729118347e-02;-5.681373476982116699e-01;-9.240551851689815521e-03
7.388798147439956665e-02;5.058374404907226562e-01;-1.512290686368942261e-01
-3.966677188873291016e-01;4.798517525196075439e-01;-3.915208578109741211e-01
-7.541239261627197266e-02;5.512737110257148743e-02;-9.483742713928222656e-02
-5.985938385128974915e-02;4.818919897079467773e-01;1.473914235830307007e-01
-7.482501864433288574e-02;-4.147488176822662354e-01;-9.114990383386611938e-02
-4.601546749472618103e-02;-2.266677767038345337e-01;1.159459445625543594e-02
-3.904853463172912598e-01;-9.295898675918579102e-02;4.076317846775054932e-01
2.261083424091339111e-01;7.867957949638366699e-01;3.871429860591888428e-01
-1.308577209711074829e-01;-4.363790750503540039e-01;3.822512328624725342e-01
-9.909413009881973267e-02;-1.210591346025466919e-01;-9.718463569879531860e-02
-1.972043663263320923e-01;-7.781375646591186523e-01;-4.328879117965698242e-01
-1.554764658212661743e-01;1.142454072833061218e-01;-1.438245177268981934e-01
-4.532990157604217529e-01;6.767266392707824707e-01;-5.049639344215393066e-01
-3.438344001770019531e-01;-1.403531432151794434e-01;3.557776808738708496e-01
-3.641836717724800110e-02;-5.098998546600341797e-01;-1.599865555763244629e-01
-9.826029837131500244e-02;5.255772471427917480e-01;2.594311237335205078e-01
-2.122259698808193207e-02;-5.788322091102600098e-01;1.277159899473190308e-01
1.750584244728088379e-01;-6.888672113418579102e-01;2.196551114320755005e-02
1.823575198650360107e-01;-1.027321964502334595e-01;-1.882221847772598267e-01
-8.430687338113784790e-02;1.923242509365081787e-01;3.691312372684478760e-01
-3.184478878974914551e-01;7.165094614028930664e-01;4.346816539764404297e-01
-1.478603482246398926e-01;-6.476923227310180664e-01;3.522736132144927979e-01
2.489950656890869141e-01;1.130677983164787292e-01;2.306899577379226685e-01
-2.847011983394622803e-01;-7.850011587142944336e-01;4.315828680992126465e-01
2.234651893377304077e-01;7.887833118438720703e-01;-3.355719149112701416e-01
-2.528660595417022705e-01;7.858801484107971191e-01;-3.870993852615356445e-01
-1.413548290729522705e-01;1.888632625341415405e-01;-1.248189583420753479e-01
-2.382172346115112305e-01;7.239449620246887207e-01;-3.406808674335479736e-01
-2.352535575628280640e-01;-7.175612449645996094e-01;-3.447199463844299316e-01
2.394520789384841919e-01;7.063480615615844727e-01;-4.034591615200042725e-01
-2.355074733495712280e-01;-5.666437745094299316e-01;-2.339631468057632446e-01
-1.440801769495010376e-01;7.733920216560363770e-01;4.749872088432312012e-01
-3.840553760528564453e-01;-7.736660242080688477e-01;5.039269328117370605e-01
1.185972094535827637e-01;6.468358039855957031e-01;1.563500463962554932e-01
8.310141414403915405e-02;-4.083382189273834229e-01;2.344976216554641724e-01
6.721387058496475220e-02;-5.118899941444396973e-01;-1.793843507766723633e-01
-1.838312447071075439e-01;6.580592393875122070e-01;4.362765252590179443e-01
-9.860727190971374512e-02;-5.937907695770263672e-01;2.575349807739257812e-01
-9.340398758649826050e-02;5.981920361518859863e-01;-2.124898582696914673e-01
-2.321884632110595703e-01;-7.872327566146850586e-01;-3.719443678855895996e-01
-5.279514193534851074e-01;-1.538944393396377563e-01;-5.733904242515563965e-01
1.418838053941726685e-01;-5.643134117126464844e-01;2.206931114196777344e-01
2.097091674804687500e-01;-7.775333523750305176e-01;3.812401890754699707e-01
-1.042180135846138000e-01;-1.842013597488403320e-01;1.106531694531440735e-01
1.050193794071674347e-02;7.087971568107604980e-01;7.187451422214508057e-02
-4.004644453525543213e-01;5.495916008949279785e-01;4.413342773914337158e-01
8.228752017021179199e-02;-6.043713688850402832e-01;-1.628216207027435303e-01
2.435225546360015869e-01;2.823106050491333008e-01;2.383482307195663452e-01
1.915927678346633911e-01;7.140064835548400879e-01;-9.663853049278259277e-02
-1.804912388324737549e-01;7.236651182174682617e-01;3.775876164436340332e-01
6.332698464393615723e-02;7.163064181804656982e-02;-2.426708340644836426e-01
-5.902225524187088013e-02;7.466838955879211426e-01;6.629494018852710724e-04
-9.399114549160003662e-02;-2.844275832176208496e-01;-4.870183765888214111e-02
1.567968726158142090e-01;4.687280952930450439e-01;-2.120450139045715332e-01
-4.159155115485191345e-02;7.518219351768493652e-01;-4.588966071605682373e-02
-2.970862388610839844e-01;-7.814995646476745605e-01;3.863904774188995361e-01
-5.254066735506057739e-02;3.088742494583129883e-02;-3.323346674442291260e-01
2.075481861829757690e-01;-7.832489609718322754e-01;3.628785908222198486e-01
-1.892912536859512329e-01;-7.164452672004699707e-01;2.973290085792541504e-01
5.673940107226371765e-02;4.363618791103363037e-01;-2.268313616514205933e-01
-4.473191201686859131e-01;5.084975361824035645e-01;-5.079867839813232422e-01
2.201817631721496582e-01;7.956185936927795410e-01;3.554192185401916504e-01
1.335334926843643188e-01;5.942384600639343262e-01;2.438026368618011475e-01
2.075974345207214355e-01;-7.792361378669738770e-01;-3.192037642002105713e-01
7.610388100147247314e-02;2.137497514486312866e-01;2.777729928493499756e-01
-2.635113298892974854e-01;6.357949972152709961e-01;-2.451536655426025391e-01
2.185847014188766479e-01;-7.970411777496337891e-01;-3.143795132637023926e-01
-3.007303923368453979e-02;5.862929224967956543e-01;-2.480356991291046143e-01
2.311540693044662476e-01;-5.701418519020080566e-01;2.903847396373748779e-01
-2.445832043886184692e-01;-2.905453741550445557e-01;2.304049432277679443e-01
2.309037595987319946e-01;-6.790134906768798828e-01;3.571636080741882324e-01
-9.915337711572647095e-02;8.640923351049423218e-02;6.193851307034492493e-02
-1.520128101110458374e-01;-6.568100452423095703e-01;-1.706421971321105957e-01
2.213610708713531494e-01;6.906096935272216797e-01;2.907051444053649902e-01
4.626474529504776001e-02;-8.383805751800537109e-01;6.660897284746170044e-02
2.181115746498107910e-01;7.975249290466308594e-01;-3.046211600303649902e-01
2.388830035924911499e-01;4.699099063873291016e-01;-2.440347075462341309e-01
-2.436017841100692749e-01;-7.121519446372985840e-01;-2.449819743633270264e-01
1.000742986798286438e-01;7.162223458290100098e-01;-3.394225537776947021e-01
-1.104893088340759277e-01;-5.787369012832641602e-01;-2.139486372470855713e-02
2.425540983676910400e-01;-4.056259095668792725e-01;-2.365317046642303467e-01
-8.997935801744461060e-02;4.950328469276428223e-01;-3.425282835960388184e-01
-1.561322361230850220e-01;-2.971758246421813965e-01;-4.330096542835235596e-01
-8.856309950351715088e-02;7.148345708847045898e-01;3.659377992153167725e-01
-4.223732948303222656e-01;-1.071226000785827637e-01;-4.845388531684875488e-01
-2.513676285743713379e-01;-9.346154518425464630e-03;-4.340479671955108643e-01
-2.615911364555358887e-01;1.042397022247314453e-01;3.867462873458862305e-01
1.621499806642532349e-01;1.321468502283096313e-01;7.682652771472930908e-02
2.441101521253585815e-01;7.652155756950378418e-01;-4.328564703464508057e-01
1.336522996425628662e-01;1.072539016604423523e-01;-3.742510080337524414e-02
1.838925927877426147e-01;-1.504778582602739334e-02;1.011945083737373352e-01
1.623658537864685059e-01;-2.496030032634735107e-01;7.739270478487014771e-02
1.085244938731193542e-01;9.175615012645721436e-02;5.753725301474332809e-03
1.285027563571929932e-01;-2.226822376251220703e-01;-3.718810901045799255e-02
1.115025877952575684e-01;-1.382568776607513428e-01;1.179584581404924393e-02
1.584098786115646362e-01;-1.621681153774261475e-01;-5.929761752486228943e-02
-2.249767035245895386e-01;2.415302246809005737e-01;3.744297921657562256e-01
1.217905059456825256e-01;3.258520364761352539e-01;3.333593159914016724e-02
1.889283508062362671e-01;9.443897753953933716e-02;-8.436186611652374268e-02
-2.452818900346755981e-01;3.823598921298980713e-01;3.768061101436614990e-01
1.068256124854087830e-01;3.526018261909484863e-01;-1.269416511058807373e-02
-3.395939171314239502e-01;-8.297654986381530762e-02;4.255666732788085938e-01
-3.271968066692352295e-01;-3.928863108158111572e-01;4.124441444873809814e-01
1.086869761347770691e-01;-3.677754104137420654e-01;-4.496328532695770264e-03
1.775487214326858521e-01;3.524979352951049805e-01;1.021510586142539978e-01
1.691678315401077271e-01;3.284320533275604248e-01;-8.203119784593582153e-02
1.163647994399070740e-01;-4.404793977737426758e-01;3.392620384693145752e-02
-2.585434317588806152e-01;-3.058586716651916504e-01;-4.346181154251098633e-01
2.151957452297210693e-01;4.390588775277137756e-02;-1.137762889266014099e-01
2.058537602424621582e-01;-3.284042179584503174e-01;1.404435634613037109e-01
2.129357010126113892e-01;7.661299705505371094e-01;-4.194565415382385254e-01
1.985055506229400635e-01;2.933712899684906006e-01;-1.097919493913650513e-01
-3.105966448783874512e-01;-5.123656988143920898e-01;4.029510319232940674e-01
1.295365393161773682e-01;-4.614247381687164307e-01;-4.922488331794738770e-02
2.447200119495391846e-01;-7.599104642868041992e-01;-4.330386221408843994e-01
-1.420284062623977661e-01;2.199171036481857300e-01;3.512331843376159668e-01
-2.382097393274307251e-01;4.650923311710357666e-01;-4.333354532718658447e-01
1.125068441033363342e-01;-4.803349971771240234e-01;-3.110376186668872833e-02
2.086155265569686890e-01;-2.320367544889450073e-01;-1.154834181070327759e-01
2.431838065385818481e-01;-7.650086879730224609e-01;-4.204319119453430176e-01
-3.682723939418792725e-01;-1.931792944669723511e-01;4.365048706531524658e-01
1.799643039703369141e-01;-3.901468217372894287e-01;-9.788789600133895874e-02
1.001546606421470642e-01;5.214358568191528320e-01;-4.923988133668899536e-03
3.526425361633300781e-02;-7.685674428939819336e-01;-4.330397546291351318e-01
1.527664959430694580e-01;-7.655586004257202148e-01;-4.229506850242614746e-01
1.544675081968307495e-01;-5.440933704376220703e-01;8.982137590646743774e-02
-1.190957874059677124e-01;-2.338134497404098511e-01;3.456322848796844482e-01
1.903935670852661133e-01;7.513372302055358887e-01;-4.330383539199829102e-01
1.338930428028106689e-01;5.527818202972412109e-01;6.233240291476249695e-02
-2.338765561580657959e-01;-5.496950149536132812e-01;-4.336335062980651855e-01
-2.004101425409317017e-01;-5.516967177391052246e-01;3.669063448905944824e-01
1.731197088956832886e-01;7.672043442726135254e-01;-4.154645502567291260e-01
2.226739525794982910e-01;-7.768174409866333008e-01;-3.905251920223236084e-01
1.948599815368652344e-01;4.800071716308593750e-01;1.435404121875762939e-01
-2.872257530689239502e-01;-6.415537595748901367e-01;-4.421631693840026855e-01
2.335673570632934570e-01;-1.807454377412796021e-01;1.843487769365310669e-01
1.565211862325668335e-01;5.751775503158569336e-01;9.322874248027801514e-02
2.254897803068161011e-01;2.453523874282836914e-01;-1.491638571023941040e-01
2.279452979564666748e-01;-2.025093883275985718e-01;-1.476618647575378418e-01
2.405876070261001587e-01;-8.388164639472961426e-02;1.995664238929748535e-01
-2.082126140594482422e-01;5.687722563743591309e-01;-4.329489469528198242e-01
-2.322426587343215942e-01;-7.147853970527648926e-01;-4.331247210502624512e-01
-2.958485484123229980e-02;-7.704582214355468750e-01;-4.330394268035888672e-01
2.107001841068267822e-01;-4.673545360565185547e-01;1.766660511493682861e-01
-4.030738472938537598e-01;5.026745200157165527e-01;4.497566819190979004e-01
2.322834879159927368e-01;7.702122330665588379e-01;-3.718743324279785156e-01
2.229086458683013916e-01;7.816088199615478516e-01;-3.613109588623046875e-01
1.601299643516540527e-01;-6.384945511817932129e-01;1.101079210638999939e-01
1.958456188440322876e-01;-7.814821004867553711e-01;-3.712573945522308350e-01
2.357870936393737793e-01;2.782742977142333984e-01;2.070114612579345703e-01
1.531681697815656662e-02;-7.719518542289733887e-01;-4.127479195594787598e-01
2.452846020460128784e-01;3.001412004232406616e-02;-1.817802786827087402e-01
1.679039150476455688e-01;7.792552113533020020e-01;-3.674027621746063232e-01
1.989301443099975586e-01;5.869148373603820801e-01;1.768438965082168579e-01
2.267155647277832031e-01;-4.214978218078613281e-01;2.159929424524307251e-01
1.797970831394195557e-01;-5.910139083862304688e-01;-1.403550058603286743e-01
2.401227504014968872e-01;7.176782488822937012e-01;-4.050357937812805176e-01
9.522708505392074585e-02;-6.913378238677978516e-01;2.554974518716335297e-02
2.179065495729446411e-01;-4.475016891956329346e-01;-1.808245480060577393e-01
2.336466163396835327e-01;-7.198671698570251465e-01;-3.669817447662353516e-01
-4.217775762081146240e-01;-2.555560171604156494e-01;4.645611047744750977e-01
8.701658993959426880e-02;7.040470242500305176e-01;-1.275585871189832687e-02
-4.019243717193603516e-01;3.243468701839447021e-01;4.539206922054290771e-01
5.319811403751373291e-02;7.748283743858337402e-01;-3.842515051364898682e-01
-9.264163672924041748e-02;-4.493549168109893799e-01;3.475388288497924805e-01
2.246701419353485107e-01;-7.771567702293395996e-01;-3.469075858592987061e-01
3.703634813427925110e-02;7.642272710800170898e-01;-4.330397546291351318e-01
1.268623769283294678e-01;7.007507085800170898e-01;-9.076681733131408691e-02
2.087839543819427490e-01;7.908515334129333496e-01;3.736956417560577393e-01
2.535473704338073730e-01;3.723930940032005310e-02;2.469537854194641113e-01
9.617518633604049683e-02;7.367318868637084961e-01;3.898517414927482605e-02
-1.913978457450866699e-01;-7.313804030418395996e-01;3.678303062915802002e-01
2.257991582155227661e-01;-7.303374409675598145e-01;-3.322198987007141113e-01
2.303196787834167480e-01;4.454199969768524170e-01;-2.186530232429504395e-01
-4.143424928188323975e-01;6.177791357040405273e-01;-4.863328635692596436e-01
-1.103060320019721985e-01;6.205667257308959961e-01;3.549802005290985107e-01
-6.459039449691772461e-02;8.049492239952087402e-01;6.199685856699943542e-02
2.272869795560836792e-01;7.432577013969421387e-01;3.608275651931762695e-01
2.127599418163299561e-01;6.614423394203186035e-01;2.451971620321273804e-01
-5.121647194027900696e-02;-8.104645609855651855e-01;7.294544018805027008e-03
2.261988669633865356e-01;-5.739389061927795410e-01;2.720066308975219727e-01
1.569716632366180420e-01;7.044309377670288086e-01;-1.390684098005294800e-01
1.204481199383735657e-01;-7.298809885978698730e-01;-8.850842714309692383e-02
2.061808258295059204e-01;6.945150494575500488e-01;-2.447359412908554077e-01
