-3.304860591888427734e-01;7.067033052444458008e-01;4.494480490684509277e-01
-3.537789881229400635e-01;6.535616517066955566e-01;5.049564242362976074e-01
-2.854993343353271484e-01;7.155374288558959961e-01;4.758261740207672119e-01
-2.802004218101501465e-01;6.409541368484497070e-01;5.928280949592590332e-01
-1.604338735342025757e-01;4.960924088954925537e-01;5.348144173622131348e-01
-2.372101098299026489e-01;5.456832051277160645e-01;5.878389477729797363e-01
-2.413239330053329468e-01;5.996755361557006836e-01;4.241424202919006348e-01
-2.390114217996597290e-01;7.148488163948059082e-01;4.089705348014831543e-01
-1.694924384355545044e-01;6.198194026947021484e-01;5.377839803695678711e-01
-1.125122904777526855e-01;6.683892011642456055e-01;4.989686906337738037e-01
-4.391249716281890869e-01;5.755171179771423340e-01;-6.600845456123352051e-01
-3.975347280502319336e-01;4.261724948883056641e-01;-6.312528848648071289e-01
-3.467082679271697998e-01;5.014496445655822754e-01;-6.108166575431823730e-01
-3.386830091476440430e-01;7.202821373939514160e-01;-6.053820848464965820e-01
-3.530587255954742432e-01;7.173480987548828125e-01;-5.875667929649353027e-01
-3.320472836494445801e-01;5.553850531578063965e-01;-5.712710022926330566e-01
-2.256761640310287476e-01;5.263381600379943848e-01;-4.993240237236022949e-01
-2.696570158004760742e-01;7.214653491973876953e-01;-5.123336911201477051e-01
-1.666048914194107056e-01;6.651072502136230469e-01;-5.522087812423706055e-01
-1.731681823730468750e-01;7.218827605247497559e-01;-4.248200058937072754e-01
1.652021259069442749e-01;-7.341538071632385254e-01;-1.150433048605918884e-01
1.707957834005355835e-01;-7.373701333999633789e-01;-5.480735003948211670e-02
1.529853641986846924e-01;-7.357631325721740723e-01;-4.472415894269943237e-02
1.467549949884414673e-01;-7.354063391685485840e-01;-3.222434967756271362e-02
8.053745329380035400e-02;-7.275395989418029785e-01;-9.475733339786529541e-02
2.510330975055694580e-01;-7.252216339111328125e-01;-1.527424901723861694e-01
2.630034089088439941e-01;-7.391744256019592285e-01;-1.178477033972740173e-01
2.660978734493255615e-01;-7.368786334991455078e-01;-1.424573659896850586e-01
2.522667944431304932e-01;-7.317526340484619141e-01;-9.419003874063491821e-02
1.802712231874465942e-01;-6.893501877784729004e-01;-7.335837930440902710e-02
2.065857648849487305e-01;7.474409937858581543e-01;-1.146510243415832520e-02
2.538584470748901367e-01;7.510874867439270020e-01;1.243640482425689697e-02
1.797505915164947510e-01;7.256126403808593750e-01;3.230835869908332825e-02
1.757320463657379150e-01;7.434027791023254395e-01;8.283486962318420410e-02
2.559850215911865234e-01;7.492590546607971191e-01;6.521827727556228638e-02
2.313131242990493774e-01;7.454562783241271973e-01;1.096839681267738342e-01
2.181665003299713135e-01;7.265061140060424805e-01;1.156188473105430603e-01
2.324629127979278564e-01;7.178991436958312988e-01;1.430714279413223267e-01
2.630100846290588379e-01;7.455950379371643066e-01;1.195200085639953613e-01
2.642931044101715088e-01;7.442706823348999023e-01;1.316321343183517456e-01
-3.702448904514312744e-01;-3.251483291387557983e-02;5.502864122390747070e-01
-4.401309788227081299e-01;5.209649354219436646e-02;6.625417470932006836e-01
-3.311970829963684082e-01;-1.635493338108062744e-01;4.986254572868347168e-01
-2.710255384445190430e-01;-1.633480191230773926e-01;5.930773615837097168e-01
-3.305755555629730225e-01;-8.367647975683212280e-02;4.428150951862335205e-01
-3.263197243213653564e-01;-5.285070091485977173e-02;4.958976805210113525e-01
-2.568788528442382812e-01;-1.034946739673614502e-01;4.614358842372894287e-01
-2.110042423009872437e-01;-4.283426702022552490e-02;5.385025739669799805e-01
-2.528045475482940674e-01;8.219631761312484741e-02;4.448845684528350830e-01
-3.129465579986572266e-01;1.473819315433502197e-01;5.216377377510070801e-01
-3.887699842453002930e-01;3.390525281429290771e-02;-6.289667487144470215e-01
-4.226495623588562012e-01;7.790040224790573120e-02;-5.600666403770446777e-01
-2.639782726764678955e-01;1.033223420381546021e-01;-5.889433026313781738e-01
-2.987177670001983643e-01;6.829689443111419678e-02;-5.588375926017761230e-01
-2.104623913764953613e-01;-7.720200717449188232e-02;-5.865483283996582031e-01
-1.775715202093124390e-01;-4.221574962139129639e-02;-5.350912213325500488e-01
-2.568219602108001709e-01;3.241790831089019775e-02;-5.880393981933593750e-01
-1.471241861581802368e-01;3.099681437015533447e-02;-4.773019850254058838e-01
-4.084692895412445068e-01;2.224707305431365967e-01;-5.931732654571533203e-01
-2.602003812789916992e-01;2.422894388437271118e-01;-5.892474651336669922e-01
-1.238852441310882568e-01;2.200265675783157349e-01;3.461012542247772217e-01
-4.669481143355369568e-02;2.002103477716445923e-01;3.749223649501800537e-01
-1.258696895092725754e-02;3.546041846275329590e-01;2.732294499874114990e-01
-5.260416865348815918e-02;2.700076401233673096e-01;3.798030018806457520e-01
1.521974503993988037e-01;2.492232322692871094e-01;2.334707379341125488e-01
1.062419712543487549e-01;1.858957856893539429e-01;2.643390297889709473e-01
6.491921097040176392e-02;4.363186657428741455e-01;1.757486760616302490e-01
9.823950380086898804e-02;4.528984725475311279e-01;2.615252137184143066e-01
-1.446961164474487305e-01;3.627514541149139404e-01;4.464749693870544434e-01
-8.024213463068008423e-02;4.412334263324737549e-01;4.394662380218505859e-01
-1.215291470289230347e-01;-2.483957558870315552e-01;-3.923787474632263184e-01
-1.981600224971771240e-01;-2.087293565273284912e-01;-2.623669803142547607e-01
-6.805788725614547729e-02;-3.037715852260589600e-01;-2.540183067321777344e-01
3.303987532854080200e-02;-4.499294459819793701e-01;-3.247294127941131592e-01
7.005450874567031860e-02;-5.043531060218811035e-01;-2.090895175933837891e-01
8.890936523675918579e-02;-2.546307444572448730e-01;-2.066478878259658813e-01
5.176334083080291748e-02;-2.542572617530822754e-01;-1.579996943473815918e-01
-6.437162309885025024e-02;-1.118078529834747314e-01;-2.352610379457473755e-01
1.011001244187355042e-01;-1.699283421039581299e-01;-3.100160360336303711e-01
-3.540948778390884399e-02;-1.972779631614685059e-01;-1.765560954809188843e-01
2.262467741966247559e-01;-5.243731141090393066e-01;7.309094071388244629e-02
1.289649158716201782e-01;-3.446017205715179443e-01;1.413000226020812988e-01
2.579449415206909180e-01;-4.371459186077117920e-01;2.900719642639160156e-03
2.570670545101165771e-01;-3.553633689880371094e-01;8.699908852577209473e-03
2.209051698446273804e-01;-2.929247617721557617e-01;1.355950534343719482e-02
2.604929506778717041e-01;-3.204388320446014404e-01;1.334962397813796997e-01
2.655522227287292480e-01;-2.679221034049987793e-01;1.070175394415855408e-01
2.768604457378387451e-01;-3.470688462257385254e-01;2.026452124118804932e-01
2.643098831176757812e-01;-2.381556630134582520e-01;1.347864568233489990e-01
2.733783125877380371e-01;-1.597006022930145264e-01;1.557651162147521973e-01
-7.414541393518447876e-02;-4.556381404399871826e-01;2.545833587646484375e-01
-1.842238754034042358e-01;-4.796481728553771973e-01;4.546269774436950684e-01
-4.552993178367614746e-02;-3.900741636753082275e-01;2.520880699157714844e-01
-2.010872513055801392e-01;-3.707799911499023438e-01;4.580028951168060303e-01
-2.442666292190551758e-01;-3.115233480930328369e-01;4.686904251575469971e-01
-5.016763508319854736e-02;-3.491263091564178467e-01;4.249884486198425293e-01
-9.319182485342025757e-02;-3.694978356361389160e-01;4.391134679317474365e-01
-3.793528676033020020e-02;-2.458658814430236816e-01;2.582100331783294678e-01
-1.183933094143867493e-01;-2.181384116411209106e-01;4.805172085762023926e-01
2.833361923694610596e-02;-2.023739665746688843e-01;3.517749309539794922e-01
-2.067373096942901611e-01;-5.390080809593200684e-02;-3.497399389743804932e-01
-6.437162309885025024e-02;-1.118078529834747314e-01;-2.352610379457473755e-01
-1.148712784051895142e-01;1.936289668083190918e-02;-3.401193618774414062e-01
-7.026968151330947876e-02;6.529127061367034912e-02;-2.426359355449676514e-01
2.875684946775436401e-02;-4.373136907815933228e-02;-3.010218441486358643e-01
7.096604257822036743e-02;-8.376829326152801514e-02;-2.051315158605575562e-01
1.051889285445213318e-01;-5.924478173255920410e-03;-2.988354563713073730e-01
-1.135658472776412964e-02;1.096253395080566406e-01;-1.959869861602783203e-01
-1.675950139760971069e-01;2.165150195360183716e-01;-3.550273478031158447e-01
4.398939758539199829e-02;1.818732321262359619e-01;-1.170858144760131836e-01
-3.908701241016387939e-01;1.674333214759826660e-01;5.174069404602050781e-01
-3.129465579986572266e-01;1.473819315433502197e-01;5.216377377510070801e-01
-3.176307380199432373e-01;2.316892296075820923e-01;4.912931919097900391e-01
-2.529104948043823242e-01;3.248451054096221924e-01;5.084187388420104980e-01
-3.136241734027862549e-01;3.967514038085937500e-01;5.124161839485168457e-01
-1.797141730785369873e-01;1.555787771940231323e-01;5.347658991813659668e-01
-1.677290201187133789e-01;2.927753031253814697e-01;4.516802430152893066e-01
-1.446961164474487305e-01;3.627514541149139404e-01;4.464749693870544434e-01
-1.577744930982589722e-01;3.670729696750640869e-01;5.364680290222167969e-01
-1.604338735342025757e-01;4.960924088954925537e-01;5.348144173622131348e-01
-3.188813626766204834e-01;3.367144465446472168e-01;-4.794176518917083740e-01
-2.602003812789916992e-01;2.422894388437271118e-01;-5.892474651336669922e-01
-3.467082679271697998e-01;5.014496445655822754e-01;-6.108166575431823730e-01
-1.703046560287475586e-01;4.434672892093658447e-01;-5.863803029060363770e-01
-2.256761640310287476e-01;5.263381600379943848e-01;-4.993240237236022949e-01
-1.232951804995536804e-01;3.145093619823455811e-01;-4.804992079734802246e-01
-1.514148563146591187e-01;3.994480967521667480e-01;-5.336013436317443848e-01
-1.762004047632217407e-01;4.229709804058074951e-01;-3.665919303894042969e-01
-1.271479427814483643e-01;3.871113657951354980e-01;-4.009966850280761719e-01
-3.320472836494445801e-01;5.553850531578063965e-01;-5.712710022926330566e-01
-7.414541393518447876e-02;-4.556381404399871826e-01;2.545833587646484375e-01
3.289480507373809814e-02;-5.374597907066345215e-01;1.290369629859924316e-01
5.492388829588890076e-02;-6.688062548637390137e-01;1.430138498544692993e-01
1.263448596000671387e-01;-7.307422161102294922e-01;1.415027678012847900e-01
1.122035607695579529e-01;-4.479138553142547607e-01;7.174595445394515991e-02
1.886330246925354004e-01;-5.976169705390930176e-01;3.957758843898773193e-02
2.262467741966247559e-01;-5.243731141090393066e-01;7.309094816446304321e-02
2.022501826286315918e-01;-5.721077322959899902e-01;1.742955893278121948e-01
3.611854463815689087e-02;-3.655598461627960205e-01;2.101445198059082031e-02
-4.552993178367614746e-02;-3.900741636753082275e-01;2.520880699157714844e-01
3.306043148040771484e-02;8.421337604522705078e-02;-3.815491870045661926e-02
4.398940131068229675e-02;1.818732321262359619e-01;-1.170858144760131836e-01
9.816826879978179932e-02;2.252369076013565063e-01;3.836967423558235168e-02
1.911998242139816284e-01;8.245994150638580322e-02;9.382692724466323853e-02
1.202102825045585632e-01;1.991963237524032593e-01;-1.315868645906448364e-01
2.185490429401397705e-01;2.277758568525314331e-01;-4.666369408369064331e-03
2.572028338909149170e-01;2.155787050724029541e-01;-3.223725780844688416e-02
2.521548867225646973e-01;1.829829216003417969e-01;9.121628850698471069e-02
2.615898251533508301e-01;2.231341004371643066e-01;7.917595654726028442e-02
2.911964058876037598e-02;3.786238729953765869e-01;-1.444309949874877930e-02
-1.271479427814483643e-01;3.871113657951354980e-01;-4.009966850280761719e-01
-1.762004047632217407e-01;4.229709804058074951e-01;-3.665919303894042969e-01
-2.256761640310287476e-01;5.263381600379943848e-01;-4.993240237236022949e-01
-1.813043057918548584e-01;5.901706814765930176e-01;-3.638879656791687012e-01
-1.195574551820755005e-01;6.023325324058532715e-01;-2.616860270500183105e-01
-9.194371849298477173e-02;3.327921032905578613e-01;-2.584022581577301025e-01
7.065190374851226807e-02;5.478733181953430176e-01;-2.502717971801757812e-01
2.800641953945159912e-02;5.365861654281616211e-01;-1.449493169784545898e-01
-1.731681823730468750e-01;7.218827605247497559e-01;-4.248200058937072754e-01
9.671592712402343750e-02;4.184978008270263672e-01;-2.730593085289001465e-01
-3.305755555629730225e-01;-8.367648720741271973e-02;4.428150951862335205e-01
-2.568788528442382812e-01;-1.034946739673614502e-01;4.614358842372894287e-01
-2.298066616058349609e-01;5.768092349171638489e-02;3.345657587051391602e-01
-2.528045475482940674e-01;8.219631761312484741e-02;4.448845684528350830e-01
-1.276886910200119019e-01;1.349036991596221924e-01;2.806948125362396240e-01
-1.614010334014892578e-01;3.287455067038536072e-02;4.490792453289031982e-01
-1.221042796969413757e-01;2.128287777304649353e-02;3.847158253192901611e-01
-3.578972816467285156e-02;9.751570969820022583e-02;3.175894021987915039e-01
-7.653400301933288574e-02;1.326371878385543823e-01;4.368361234664916992e-01
-1.238852441310882568e-01;2.200265675783157349e-01;3.461012542247772217e-01
3.611854463815689087e-02;-3.655598461627960205e-01;2.101445198059082031e-02
-3.793528676033020020e-02;-2.458658814430236816e-01;2.582100331783294678e-01
5.813729763031005859e-02;-2.131102383136749268e-01;1.429160833358764648e-01
1.289649158716201782e-01;-3.446017205715179443e-01;1.413000226020812988e-01
2.400813549757003784e-01;-1.676680743694305420e-01;5.311161279678344727e-02
1.441002935171127319e-01;-1.347102671861648560e-01;2.149784415960311890e-01
2.833361923694610596e-02;-2.023739665746688843e-01;3.517749309539794922e-01
2.951261587440967560e-02;-2.327533066272735596e-02;4.986244440078735352e-02
2.655522227287292480e-01;-2.679221034049987793e-01;1.070175394415855408e-01
2.643098831176757812e-01;-2.381556630134582520e-01;1.347864568233489990e-01
-1.462644338607788086e-01;-7.129267454147338867e-01;-3.131229579448699951e-01
-1.401408910751342773e-01;-5.406054258346557617e-01;-4.444681406021118164e-01
-1.350459307432174683e-01;-5.287616252899169922e-01;-3.711386322975158691e-01
-2.974474430084228516e-02;-6.027023792266845703e-01;-4.090109467506408691e-01
2.402903512120246887e-02;-5.278999805450439453e-01;-3.272067308425903320e-01
3.303987905383110046e-02;-4.499294459819793701e-01;-3.247294127941131592e-01
7.005450874567031860e-02;-5.043531060218811035e-01;-2.090895175933837891e-01
1.061433404684066772e-01;-5.492494702339172363e-01;-9.565269947052001953e-02
3.531491011381149292e-02;-5.115415453910827637e-01;-1.105195581912994385e-01
-6.805789470672607422e-02;-3.037715852260589600e-01;-2.540183067321777344e-01
