-3.762244880199432373e-01;4.436653554439544678e-01;5.666513442993164062e-01
-3.240791559219360352e-01;2.517073228955268860e-02;5.517997145652770996e-01
-3.171564042568206787e-01;-1.912696510553359985e-01;-4.986987411975860596e-01
-2.897483110427856445e-01;1.001372113823890686e-01;4.743975698947906494e-01
2.299649864435195923e-01;1.083715036511421204e-01;5.374679341912269592e-02
2.308434993028640747e-01;-8.077064901590347290e-02;-3.026132099330425262e-02
-2.493847459554672241e-01;-1.272493004798889160e-01;-4.376289248466491699e-01
-3.186807632446289062e-01;-4.768587052822113037e-01;5.216767191886901855e-01
-2.637380659580230713e-01;-2.846564650535583496e-01;4.979827105998992920e-01
2.270102351903915405e-01;-2.625740170478820801e-01;9.463030844926834106e-03
-2.506458759307861328e-01;-9.440394490957260132e-02;-4.761657118797302246e-01
-3.839938640594482422e-01;1.548425257205963135e-01;-5.577740073204040527e-01
2.376198470592498779e-01;2.651564478874206543e-01;7.073519378900527954e-02
-3.771030306816101074e-01;1.258875131607055664e-01;-4.972794353961944580e-01
-2.873251736164093018e-01;-3.766925334930419922e-01;-4.880534708499908447e-01
-2.133166790008544922e-01;-9.444659203290939331e-02;4.483418166637420654e-01
-2.745492458343505859e-01;-4.040853679180145264e-01;4.677492082118988037e-01
-4.022563397884368896e-01;-4.541328251361846924e-01;-5.576921701431274414e-01
1.461223512887954712e-01;-1.801691651344299316e-01;-2.444142661988735199e-02
-1.878658235073089600e-01;-1.533690094947814941e-01;4.106073081493377686e-01
-2.104172259569168091e-01;1.311717182397842407e-01;3.820193111896514893e-01
-3.511961102485656738e-01;4.824524223804473877e-01;-5.133597850799560547e-01
-4.025690555572509766e-01;3.990528285503387451e-01;5.565462112426757812e-01
2.590182423591613770e-01;1.054085716605186462e-01;-1.049211323261260986e-01
-3.729431033134460449e-01;3.245991766452789307e-01;-4.913107454776763916e-01
-2.978790402412414551e-01;-5.398718118667602539e-01;-4.889835417270660400e-01
2.587382495403289795e-01;1.065266318619251251e-02;1.292630732059478760e-01
-3.829645216464996338e-01;-3.527123332023620605e-01;-4.968008399009704590e-01
1.415017545223236084e-01;-1.723479479551315308e-01;5.085759237408638000e-02
2.337488234043121338e-01;-4.558234214782714844e-01;1.210920698940753937e-02
1.376834511756896973e-01;-1.196387484669685364e-01;7.687741518020629883e-02
2.594209015369415283e-01;1.872260421514511108e-01;-1.087246909737586975e-01
-4.019874036312103271e-01;4.212965667247772217e-01;-5.453228354454040527e-01
1.285866349935531616e-01;1.623015254735946655e-01;1.372682955116033554e-02
-2.653497755527496338e-01;-4.443251788616180420e-01;-4.120647609233856201e-01
-2.559237778186798096e-01;6.497292518615722656e-01;-4.871067106723785400e-01
-1.135946735739707947e-01;8.711886405944824219e-02;-2.605897784233093262e-01
-1.271384805440902710e-01;1.846605837345123291e-01;3.095879554748535156e-01
1.377374231815338135e-01;2.934210896492004395e-01;2.553643099963665009e-02
-1.509351432323455811e-01;-1.551957130432128906e-01;3.165523409843444824e-01
2.599671185016632080e-01;2.578829526901245117e-01;1.347777247428894043e-01
-7.441101223230361938e-02;-1.054498553276062012e-01;2.838105559349060059e-01
-3.082502782344818115e-01;6.276994347572326660e-01;-4.665164053440093994e-01
-2.305148392915725708e-01;3.937467634677886963e-01;-5.127657651901245117e-01
2.619838118553161621e-01;-2.131130695343017578e-01;-1.160026118159294128e-01
-1.953728348016738892e-01;3.076446354389190674e-01;4.513434469699859619e-01
1.011355593800544739e-01;1.482066512107849121e-01;1.588687747716903687e-01
-2.232538312673568726e-01;-4.175690412521362305e-01;5.359936952590942383e-01
2.569214105606079102e-01;-3.117806613445281982e-01;1.312432140111923218e-01
-2.236733585596084595e-01;-3.197862505912780762e-01;-3.544237911701202393e-01
-1.278830617666244507e-01;-3.059101104736328125e-01;3.524007797241210938e-01
1.263550966978073120e-01;6.120824813842773438e-02;-1.564918607473373413e-01
1.450038701295852661e-01;3.930386304855346680e-01;-4.531952738761901855e-02
2.543207108974456787e-01;4.456138908863067627e-01;-9.508150070905685425e-02
-7.206478714942932129e-02;2.307255268096923828e-01;3.389015197753906250e-01
7.563787698745727539e-02;8.085511624813079834e-02;-8.360208570957183838e-02
2.606310546398162842e-01;-3.171966671943664551e-01;-1.165477186441421509e-01
-3.341369330883026123e-02;-1.408431679010391235e-01;-2.094372510910034180e-01
-3.038358092308044434e-01;5.693598389625549316e-01;4.468870759010314941e-01
2.587675750255584717e-01;4.195298850536346436e-01;1.354710906744003296e-01
7.678522914648056030e-02;-1.424813568592071533e-01;1.148685812950134277e-01
1.664415001869201660e-01;4.310366213321685791e-01;1.133956089615821838e-01
-3.051105141639709473e-01;4.978885650634765625e-01;-4.215543568134307861e-01
1.494678854942321777e-01;4.996663928031921387e-01;6.438913941383361816e-02
-2.314483970403671265e-01;-2.264613062143325806e-01;5.358016490936279297e-01
-2.160447984933853149e-01;-5.899218916893005371e-01;-4.386954605579376221e-01
-2.788832783699035645e-01;-6.622083783149719238e-01;-4.589387178421020508e-01
-2.671646326780319214e-02;-2.043540030717849731e-01;-1.849658489227294922e-01
-2.941221743822097778e-02;2.352908104658126831e-01;-1.833693087100982666e-01
2.692320644855499268e-01;-1.083931922912597656e-01;1.720820367336273193e-01
-3.840908706188201904e-01;3.427598476409912109e-01;4.832946956157684326e-01
2.685407102108001709e-01;-1.819178462028503418e-01;-1.514452546834945679e-01
-6.038507819175720215e-02;3.779037594795227051e-01;-3.124450147151947021e-01
-3.035485148429870605e-01;7.762364149093627930e-01;5.140919089317321777e-01
-5.334087088704109192e-02;3.938559889793395996e-01;2.512660920619964600e-01
-1.694793701171875000e-01;2.458828091621398926e-01;-5.123579502105712891e-01
-1.682115346193313599e-01;5.875161886215209961e-01;-3.712175488471984863e-01
-2.875718176364898682e-01;-1.026231795549392700e-01;-3.565723896026611328e-01
1.042099595069885254e-01;-3.987772166728973389e-01;-1.325247734785079956e-01
1.389680802822113037e-01;5.763188004493713379e-01;3.405303508043289185e-02
-2.041141837835311890e-01;-4.224362671375274658e-01;3.343533277511596680e-01
-2.220145463943481445e-01;5.106717944145202637e-01;5.357803702354431152e-01
-4.633317515254020691e-02;1.244223862886428833e-01;1.683837026357650757e-01
-3.771811127662658691e-01;-6.587190032005310059e-01;5.244566798210144043e-01
-1.289789676666259766e-01;8.911352604627609253e-02;-2.167355418205261230e-01
-2.994809746742248535e-01;-7.243465781211853027e-01;-5.208213329315185547e-01
1.807178854942321777e-01;5.414428114891052246e-01;-1.119557321071624756e-01
-2.452082633972167969e-01;-5.819685459136962891e-01;3.991653621196746826e-01
-8.521170169115066528e-02;2.446907311677932739e-01;-3.702794015407562256e-01
-7.694613188505172729e-02;4.618220329284667969e-01;3.261199295520782471e-01
-1.898816376924514771e-01;-5.973411202430725098e-01;4.156889021396636963e-01
-1.567696928977966309e-01;4.345627427101135254e-01;2.890016138553619385e-01
-1.225373987108469009e-02;-9.208082407712936401e-02;-1.209424734115600586e-01
5.727137252688407898e-02;-3.621218502521514893e-01;-2.583696693181991577e-02
1.469505131244659424e-01;-6.707595288753509521e-02;-2.020173668861389160e-01
4.296100884675979614e-02;-2.886596322059631348e-01;3.727383166551589966e-02
2.551728188991546631e-01;-5.706323981285095215e-01;1.274459362030029297e-01
-2.063549160957336426e-01;-4.712684452533721924e-01;-3.035588860511779785e-01
-1.622679457068443298e-02;4.546336829662322998e-01;-1.973340213298797607e-01
-5.662614852190017700e-02;-2.238684296607971191e-01;1.767870038747787476e-01
1.489046774804592133e-02;4.072126448154449463e-01;-1.213244199752807617e-01
8.869723975658416748e-02;-6.124815344810485840e-02;-2.423734813928604126e-01
-2.654748558998107910e-01;-2.810655534267425537e-01;-3.244667351245880127e-01
-4.314241409301757812e-01;-2.061097919940948486e-01;5.427162647247314453e-01
-8.734190836548805237e-03;4.626174271106719971e-01;2.574929893016815186e-01
-1.047239303588867188e-01;-4.650371670722961426e-01;-2.596695125102996826e-01
-1.609748750925064087e-01;-5.213996022939682007e-02;4.850543439388275146e-01
6.406430155038833618e-02;-4.556159675121307373e-01;7.048665732145309448e-02
-9.465610235929489136e-02;-3.847335875034332275e-01;2.377974838018417358e-01
2.679340243339538574e-01;-4.126494228839874268e-01;-1.634695976972579956e-01
1.785842478275299072e-01;6.392290592193603516e-01;1.169931069016456604e-01
1.282219737768173218e-01;6.540428400039672852e-01;-2.441039681434631348e-02
-1.415099054574966431e-01;1.802918463945388794e-01;2.274345010519027710e-01
2.437351644039154053e-01;6.985910534858703613e-01;7.807957381010055542e-02
2.680216729640960693e-01;-4.323234558105468750e-01;1.849680244922637939e-01
-2.168767601251602173e-01;-6.632891893386840820e-01;-3.712703585624694824e-01
-2.394720166921615601e-01;3.834452629089355469e-01;-2.995170056819915771e-01
1.446046382188796997e-01;5.627134442329406738e-02;2.480314821004867554e-01
2.624113857746124268e-01;-5.642955303192138672e-01;-1.444432735443115234e-01
2.675387561321258545e-01;5.256528258323669434e-01;-1.627715378999710083e-01
5.480613932013511658e-02;5.353069901466369629e-01;4.593175277113914490e-02
1.401672959327697754e-01;-1.761710196733474731e-01;2.456451058387756348e-01
1.103436425328254700e-01;-4.771462976932525635e-01;-1.769159436225891113e-01
-1.466350108385086060e-01;-6.228116527199745178e-02;2.186581492424011230e-01
-2.325930744409561157e-01;2.928872704505920410e-01;3.006315231323242188e-01
2.163929492235183716e-01;5.620090663433074951e-02;-1.983232200145721436e-01
-6.374529749155044556e-02;-4.596554934978485107e-01;2.088332325220108032e-01
-6.407843530178070068e-02;3.710393607616424561e-01;1.711297780275344849e-01
-3.884400129318237305e-01;-5.775803327560424805e-01;4.866800904273986816e-01
-4.288409054279327393e-01;7.088697552680969238e-01;-5.505644679069519043e-01
2.455916106700897217e-01;7.343295216560363770e-01;-6.579907983541488647e-02
1.075883805751800537e-01;-5.484863519668579102e-01;1.740444749593734741e-01
-6.160681322216987610e-02;-4.025104939937591553e-01;-1.495779007673263550e-01
3.381658345460891724e-02;-1.264686882495880127e-01;3.342703282833099365e-01
-1.515419632196426392e-01;5.925540328025817871e-01;4.894365370273590088e-01
1.661815792322158813e-01;-7.025713920593261719e-01;3.110297210514545441e-02
1.586894541978836060e-01;-6.801262497901916504e-01;-7.085359096527099609e-02
-1.389580667018890381e-01;7.177624106407165527e-01;4.561763107776641846e-01
-2.608303725719451904e-01;7.693452239036560059e-01;-3.794837594032287598e-01
1.700845062732696533e-01;7.796188592910766602e-01;-2.805664902552962303e-03
-1.982717514038085938e-01;-7.194854021072387695e-01;5.361422300338745117e-01
-4.442839622497558594e-01;-2.641780972480773926e-01;-6.029299497604370117e-01
8.931861817836761475e-02;6.970454454421997070e-01;-5.663370713591575623e-02
-1.243073269724845886e-01;-7.153001427650451660e-01;-5.124120116233825684e-01
2.330269813537597656e-01;8.281110525131225586e-01;1.103219296783208847e-02
1.925043910741806030e-01;8.229029178619384766e-01;3.361541777849197388e-02
-2.731565535068511963e-01;-7.158031463623046875e-01;3.911160826683044434e-01
2.348897904157638550e-01;-7.432020306587219238e-01;2.068758010864257812e-02
2.339255362749099731e-01;-7.780798077583312988e-01;-1.885250583291053772e-02
-1.422189176082611084e-01;-3.202698826789855957e-01;-4.604511559009552002e-01
2.330413907766342163e-01;-7.782620191574096680e-01;-3.026757389307022095e-02
2.151354849338531494e-01;8.138774037361145020e-01;-1.907309703528881073e-02
1.536450833082199097e-01;8.157996535301208496e-01;6.708090007305145264e-02
2.343666106462478638e-01;-7.780273556709289551e-01;4.191295057535171509e-02
2.362081557512283325e-01;8.265783190727233887e-01;6.791407614946365356e-02
2.351878285408020020e-01;-7.776158452033996582e-01;5.221449211239814758e-02
5.979893729090690613e-02;-7.108762860298156738e-01;-3.975929284933954477e-04
-1.570554673671722412e-01;7.753796577453613281e-01;-4.131031930446624756e-01
1.065020784735679626e-01;-7.586099505424499512e-01;-5.443819239735603333e-02
2.765714526176452637e-01;-2.945811748504638672e-01;2.266268581151962280e-01
-1.433275490999221802e-01;5.169035196304321289e-01;-4.612927436828613281e-01
2.395310848951339722e-01;-7.727581262588500977e-01;-7.201826572418212891e-02
2.066098451614379883e-01;-3.302394747734069824e-01;2.384007722139358521e-01
2.400282472372055054e-01;8.239587545394897461e-01;-6.124354898929595947e-02
1.694483160972595215e-01;4.973199367523193359e-01;2.402659952640533447e-01
-5.777624249458312988e-02;-6.081545352935791016e-01;-3.502271473407745361e-01
2.264674454927444458e-01;8.108056783676147461e-01;1.038518473505973816e-01
1.246077567338943481e-01;5.733190774917602539e-01;-2.148364186286926270e-01
1.242340877652168274e-01;-7.609204053878784180e-01;9.959305077791213989e-02
1.298825740814208984e-01;-4.528131186962127686e-01;-2.257219552993774414e-01
-3.885091245174407959e-01;-2.839179635047912598e-01;-4.192644953727722168e-01
-6.609226763248443604e-02;5.245478749275207520e-01;1.647252291440963745e-01
2.434602081775665283e-01;-7.709929943084716797e-01;-9.337653964757919312e-02
2.151397764682769775e-01;2.126407921314239502e-01;-2.208511978387832642e-01
2.425210475921630859e-01;-7.732076644897460938e-01;1.049192547798156738e-01
2.450581341981887817e-01;-7.689433097839355469e-01;-1.039490476250648499e-01
2.287499606609344482e-01;8.054751157760620117e-01;-1.063268408179283142e-01
-1.673221439123153687e-01;-6.412017941474914551e-01;5.358065962791442871e-01
-2.126635238528251648e-02;-5.411765724420547485e-02;1.138938777148723602e-02
-3.673711717128753662e-01;7.549180388450622559e-01;-4.219185709953308105e-01
2.630290091037750244e-01;-6.680846810340881348e-01;1.945506185293197632e-01
2.744254171848297119e-01;4.860143065452575684e-01;2.354386001825332642e-01
2.360471189022064209e-01;7.992985844612121582e-01;-1.185457408428192139e-01
2.499392181634902954e-01;-7.645689845085144043e-01;-1.252705752849578857e-01
2.495822608470916748e-01;8.151186108589172363e-01;1.424130797386169434e-01
2.498292475938796997e-01;8.145510554313659668e-01;1.479162275791168213e-01
2.555549144744873047e-01;7.833958864212036133e-01;1.640642881393432617e-01
2.479511648416519165e-01;-7.678101062774658203e-01;1.374745815992355347e-01
9.575222432613372803e-02;1.323809176683425903e-01;3.151279091835021973e-01
-2.829400897026062012e-01;-2.862573862075805664e-01;3.230617344379425049e-01
-2.906014919281005859e-01;-7.401286065578460693e-02;-3.070487678050994873e-01
-4.984109476208686829e-02;-6.693598628044128418e-01;2.312173545360565186e-01
-2.489828914403915405e-01;6.298436522483825684e-01;3.179213702678680420e-01
-1.253599673509597778e-01;-7.246654629707336426e-01;4.482807219028472900e-01
1.002848073840141296e-01;-6.912171244621276855e-01;1.687022000551223755e-01
1.900045275688171387e-01;7.549852132797241211e-01;1.899676918983459473e-01
-1.273537874221801758e-01;7.720712423324584961e-01;-2.288668751716613770e-01
1.716377399861812592e-02;-9.040888398885726929e-02;-3.496588468551635742e-01
2.571706473827362061e-01;8.064445257186889648e-01;-1.584965437650680542e-01
2.561275064945220947e-01;-7.597845792770385742e-01;1.761269718408584595e-01
2.269459664821624756e-01;5.975468084216117859e-02;7.705099880695343018e-02
2.044184654951095581e-01;1.893966086208820343e-02;-6.111524999141693115e-02
1.830598562955856323e-01;-1.258347369730472565e-02;-2.338357456028461456e-02
-2.904088795185089111e-01;-4.839023947715759277e-01;-5.187895894050598145e-01
-2.266449779272079468e-01;-5.835032835602760315e-02;-5.130425095558166504e-01
1.795161664485931396e-01;1.099438667297363281e-01;-6.167108193039894104e-03
-2.261612117290496826e-01;2.665561139583587646e-01;4.245220720767974854e-01
1.842361539602279663e-01;-2.009140253067016602e-01;1.061716862022876740e-02
2.470984011888504028e-01;1.144056301563978195e-02;1.072106286883354187e-01
-1.984756588935852051e-01;-2.143029822036623955e-03;4.180954992771148682e-01
1.820470243692398071e-01;2.692304551601409912e-01;6.081256084144115448e-03
1.968600749969482422e-01;-1.793159395456314087e-01;-5.788851901888847351e-02
1.898892372846603394e-01;2.869681417942047119e-01;-4.706904292106628418e-02
2.017074674367904663e-01;3.581968545913696289e-01;4.890896007418632507e-02
1.785322129726409912e-01;-2.686198949813842773e-01;-3.560724109411239624e-02
1.853408962488174438e-01;-2.975079715251922607e-01;2.031654678285121918e-02
1.864386945962905884e-01;3.614514172077178955e-01;-4.913716390728950500e-02
2.131483703851699829e-01;-3.138107061386108398e-01;-8.757375925779342651e-02
-2.578074336051940918e-01;-5.424504876136779785e-01;-5.137330889701843262e-01
2.422399073839187622e-01;-3.262960612773895264e-01;1.150972992181777954e-01
2.413615137338638306e-01;-1.536488533020019531e-01;-1.166545376181602478e-01
1.733525395393371582e-01;4.866110682487487793e-01;5.987153388559818268e-03
-2.239241600036621094e-01;-4.744600951671600342e-01;4.259456396102905273e-01
-3.518324196338653564e-01;-3.267734348773956299e-01;4.779784679412841797e-01
2.498107850551605225e-01;2.416897416114807129e-01;-1.289437264204025269e-01
-1.810788661241531372e-01;4.633878767490386963e-01;4.137786328792572021e-01
-2.200277447700500488e-01;3.184138834476470947e-01;-5.132439136505126953e-01
-2.040377557277679443e-01;1.696649193763732910e-01;-5.125009417533874512e-01
2.168413549661636353e-01;-3.893333375453948975e-01;-1.003030389547348022e-01
-3.846897780895233154e-01;2.583768963813781738e-01;4.921889901161193848e-01
-2.402084320783615112e-01;6.091514229774475098e-01;4.321166872978210449e-01
1.986717581748962402e-01;5.333483815193176270e-01;5.977471917867660522e-02
-1.811735481023788452e-01;-4.283542931079864502e-01;4.141781032085418701e-01
-3.946595489978790283e-01;-1.443726271390914917e-01;4.988409578800201416e-01
2.630726695060729980e-01;-1.823264807462692261e-01;1.588246226310729980e-01
1.727725416421890259e-01;-4.747773706912994385e-01;-3.655496984720230103e-02
-1.233544349670410156e-01;-2.683302462100982666e-01;3.989009261131286621e-01
-9.399531036615371704e-02;1.594328433275222778e-01;3.939357697963714600e-01
-8.939696103334426880e-02;-1.311373263597488403e-01;3.932276368141174316e-01
2.421148270368576050e-01;4.024227559566497803e-01;-1.379928588867187500e-01
1.843328177928924561e-01;5.737552642822265625e-01;-7.153633981943130493e-02
-1.932971030473709106e-01;-5.790695548057556152e-01;4.204196631908416748e-01
2.709130942821502686e-01;-3.917816281318664551e-02;1.816220581531524658e-01
2.237813770771026611e-01;-5.608713626861572266e-01;1.112917065620422363e-01
-2.097202390432357788e-01;-2.035632133483886719e-01;-5.122929215431213379e-01
2.670029699802398682e-01;3.311705589294433594e-01;1.836820989847183228e-01
1.896962821483612061e-01;6.135406494140625000e-01;-8.901318162679672241e-02
1.613579243421554565e-01;-6.159110069274902344e-01;1.599821820855140686e-02
2.473727166652679443e-01;-5.140472650527954102e-01;1.540310382843017578e-01
1.539600193500518799e-01;-6.306047439575195312e-01;-8.981422521173954010e-03
-4.793786108493804932e-01;3.221482932567596436e-01;-6.186704635620117188e-01
2.748238742351531982e-01;1.605473756790161133e-01;1.991988569498062134e-01
-4.030265212059020996e-01;7.212138175964355469e-01;-5.558981895446777344e-01
2.574340403079986572e-01;3.789148926734924316e-01;-1.733639091253280640e-01
-4.049329832196235657e-02;-8.095444738864898682e-02;3.879717588424682617e-01
2.009706497192382812e-01;6.860837340354919434e-01;8.945761620998382568e-02
1.627957075834274292e-01;7.090284228324890137e-01;3.219038993120193481e-02
2.433779686689376831e-01;5.454826354980468750e-01;-1.724792569875717163e-01
-2.703485488891601562e-01;-7.185189723968505859e-01;-3.852899968624114990e-01
1.592594683170318604e-01;-6.642549037933349609e-01;-6.572996079921722412e-02
2.698213160037994385e-01;2.508208453655242920e-01;-1.940280944108963013e-01
-1.873034536838531494e-01;-7.243831157684326172e-01;-4.675442874431610107e-01
2.716684341430664062e-01;-7.407569140195846558e-02;-1.907236576080322266e-01
-1.713335216045379639e-01;-3.325614631175994873e-01;-5.124295949935913086e-01
-3.190658688545227051e-01;7.586518526077270508e-01;-3.828866481781005859e-01
1.939764618873596191e-01;-6.876934766769409180e-01;9.285906702280044556e-02
1.203698813915252686e-01;-7.629864215850830078e-01;-2.862961962819099426e-02
9.873071312904357910e-02;-7.593913078308105469e-01;-3.301378572359681129e-03
1.228694170713424683e-01;-7.632029056549072266e-01;-3.077153861522674561e-02
1.436515599489212036e-01;8.163272142410278320e-01;1.488604955375194550e-02
1.358112543821334839e-01;-7.641752958297729492e-01;-4.362259805202484131e-02
9.975726902484893799e-02;-7.591536045074462891e-01;3.421247377991676331e-02
1.268854737281799316e-01;8.009402155876159668e-01;-2.395279146730899811e-02
-3.918625712394714355e-01;7.645726203918457031e-01;-5.117346644401550293e-01
1.239512786269187927e-01;8.128803372383117676e-01;5.197532474994659424e-02
2.591029107570648193e-01;-5.840620994567871094e-01;2.073848098516464233e-01
1.228010207414627075e-01;8.125401735305786133e-01;5.442738533020019531e-02
9.732548147439956665e-02;8.074042201042175293e-01;-2.255868911743164062e-02
1.619867384433746338e-01;-7.330617308616638184e-01;6.215615198016166687e-02
1.627566367387771606e-01;7.442978620529174805e-01;-8.072397857904434204e-02
9.029902517795562744e-02;-7.571693658828735352e-01;4.278352856636047363e-02
-4.823772013187408447e-01;1.449182778596878052e-01;-6.224892735481262207e-01
1.189632117748260498e-01;8.114051818847656250e-01;6.260872632265090942e-02
2.082222700119018555e-01;7.497183680534362793e-01;1.168790832161903381e-01
6.055904552340507507e-02;-7.518090009689331055e-01;4.442055150866508484e-02
-4.027139842510223389e-01;-7.138975262641906738e-01;-5.301499962806701660e-01
-1.625136137008666992e-01;7.767384052276611328e-01;3.912923932075500488e-01
-1.452325284481048584e-01;7.645802497863769531e-01;-5.124269127845764160e-01
1.712846308946609497e-01;8.164398074150085449e-01;8.846780657768249512e-02
5.026860162615776062e-02;-7.495323419570922852e-01;1.789841614663600922e-02
5.420189723372459412e-02;7.993055582046508789e-01;2.858198247849941254e-02
-3.209574222564697266e-01;-7.125017642974853516e-01;4.475423693656921387e-01
2.191825062036514282e-01;-7.014747262001037598e-01;1.350976526737213135e-01
1.157906949520111084e-01;-7.581353783607482910e-01;-8.104690164327621460e-02
1.508399546146392822e-01;-7.443839907646179199e-01;-9.102219343185424805e-02
1.064517050981521606e-01;8.066376447677612305e-01;1.011274605989456177e-01
2.953511476516723633e-02;7.938054203987121582e-01;-7.432912389049306512e-05
-2.077689021825790405e-01;7.667210698127746582e-01;-2.926231622695922852e-01
1.738752722740173340e-01;-7.657111287117004395e-01;1.082063540816307068e-01
8.384857326745986938e-02;-7.532036304473876953e-01;-7.887919247150421143e-02
