2.528791725635528564e-01;-7.667071223258972168e-01;-4.402553141117095947e-01
2.492214739322662354e-01;-7.685795426368713379e-01;-4.301419258117675781e-01
2.456974834203720093e-01;-7.682546377182006836e-01;-4.308094680309295654e-01
2.339859008789062500e-01;-7.520458102226257324e-01;-4.198018014430999756e-01
2.294798940420150757e-01;-7.777304053306579590e-01;-3.997600674629211426e-01
2.242611944675445557e-01;-7.668782472610473633e-01;-3.859664797782897949e-01
2.251585572957992554e-01;-7.700272202491760254e-01;-3.725534975528717041e-01
2.413913607597351074e-01;-7.212470769882202148e-01;-3.733427822589874268e-01
1.968746036291122437e-01;-7.842537164688110352e-01;-3.782298862934112549e-01
2.322117835283279419e-01;-7.806278467178344727e-01;-3.536194860935211182e-01
1.979795843362808228e-01;7.622451186180114746e-01;4.735003113746643066e-01
1.865707933902740479e-01;7.697110176086425781e-01;4.424688518047332764e-01
2.446941882371902466e-01;7.639905214309692383e-01;4.530839025974273682e-01
2.381554245948791504e-01;7.770005464553833008e-01;4.158143699169158936e-01
2.335685491561889648e-01;7.833734750747680664e-01;3.955602645874023438e-01
2.321896553039550781e-01;7.851678133010864258e-01;3.853009045124053955e-01
2.113138586282730103e-01;7.908146977424621582e-01;3.669110536575317383e-01
2.340502589941024780e-01;7.420954704284667969e-01;3.584572970867156982e-01
2.272265255451202393e-01;7.949928045272827148e-01;3.539114594459533691e-01
2.289225310087203979e-01;6.891956925392150879e-01;2.875827550888061523e-01
-4.028625190258026123e-01;-6.914571523666381836e-01;-3.756008148193359375e-01
-3.673984408378601074e-01;-7.670380473136901855e-01;-3.413601517677307129e-01
-2.759472727775573730e-01;-6.443338990211486816e-01;-4.427428841590881348e-01
-2.268735468387603760e-01;-7.220306396484375000e-01;-3.488433361053466797e-01
-2.284090220928192139e-01;-7.191250920295715332e-01;-4.404847919940948486e-01
-2.582779824733734131e-01;-5.493750572204589844e-01;-4.076210260391235352e-01
-2.224966436624526978e-01;-7.911885976791381836e-01;-3.794088363647460938e-01
-2.354046702384948730e-01;-7.173473834991455078e-01;-2.470218688249588013e-01
-2.281390726566314697e-01;-5.525384545326232910e-01;-4.405075013637542725e-01
-1.903827637434005737e-01;-7.813857197761535645e-01;-4.401484429836273193e-01
-3.808279335498809814e-01;-7.765219211578369141e-01;5.019798278808593750e-01
-2.785916924476623535e-01;-7.920616269111633301e-01;4.263511598110198975e-01
-2.907456457614898682e-01;-7.871953845024108887e-01;3.842424154281616211e-01
-2.319842875003814697e-01;-6.997884511947631836e-01;4.736270308494567871e-01
-1.858575642108917236e-01;-7.346020936965942383e-01;3.653811812400817871e-01
-2.420579493045806885e-01;-5.824455022811889648e-01;4.019199311733245850e-01
-1.830353587865829468e-01;-7.192240953445434570e-01;2.942624986171722412e-01
-3.005571961402893066e-01;-5.157974362373352051e-01;3.960913419723510742e-01
-1.413796246051788330e-01;-6.507825255393981934e-01;3.494302332401275635e-01
-1.939745098352432251e-01;-5.546539425849914551e-01;3.640959560871124268e-01
-3.459528088569641113e-03;5.345461964607238770e-01;-2.936206385493278503e-02
1.107885986566543579e-01;5.230054259300231934e-01;-8.464302867650985718e-03
8.257315307855606079e-02;5.031703710556030273e-01;-1.551480740308761597e-01
1.440759003162384033e-01;5.531374216079711914e-01;5.777100101113319397e-02
-5.419175326824188232e-02;4.811902940273284912e-01;1.438676565885543823e-01
9.635729342699050903e-02;7.057340741157531738e-01;-1.654418930411338806e-02
2.149838954210281372e-03;3.799355924129486084e-01;9.695002436637878418e-02
1.805074326694011688e-02;7.103890180587768555e-01;6.818155944347381592e-02
1.844450980424880981e-01;5.854640603065490723e-01;3.410569950938224792e-02
7.095121592283248901e-02;3.579274117946624756e-01;4.406389966607093811e-02
-6.084236502647399902e-02;-2.110198736190795898e-01;3.195036351680755615e-01
-1.145847290754318237e-01;-2.359635978937149048e-01;3.445562720298767090e-01
-1.282147616147994995e-01;-1.552998125553131104e-01;3.418268859386444092e-01
-1.351302415132522583e-01;-1.126079559326171875e-01;2.989903390407562256e-01
-6.306244432926177979e-02;-1.927236169576644897e-01;1.676793545484542847e-01
9.567156434059143066e-02;-2.178854644298553467e-01;2.083601951599121094e-01
-3.425474837422370911e-02;-1.038415953516960144e-01;1.595334857702255249e-01
-2.483759969472885132e-01;-1.860900223255157471e-01;3.733156919479370117e-01
-3.234956413507461548e-02;-3.998232781887054443e-01;2.508393228054046631e-01
-9.971816092729568481e-02;-1.874072998762130737e-01;1.079213917255401611e-01
-1.137144789099693298e-01;-2.289458662271499634e-01;-3.057140409946441650e-01
-3.616089373826980591e-02;-2.364155650138854980e-01;-2.294776886701583862e-01
-4.294513911008834839e-02;-3.013698160648345947e-01;-2.431009262800216675e-01
-1.514274924993515015e-01;-1.519374549388885498e-01;-3.902861177921295166e-01
-9.884020686149597168e-02;-2.420492470264434814e-01;-1.543222963809967041e-01
-1.442152112722396851e-01;-3.719752728939056396e-01;-3.506383299827575684e-01
-1.527231037616729736e-01;-4.618211090564727783e-02;-2.733471989631652832e-01
4.114069789648056030e-02;-1.962001621723175049e-01;-1.977727562189102173e-01
-2.470266520977020264e-01;-3.057681620121002197e-01;-4.404594302177429199e-01
-2.670327425003051758e-01;-3.857854306697845459e-01;-3.772107362747192383e-01
-1.325401365756988525e-01;2.166606187820434570e-01;3.463355600833892822e-01
-7.828902453184127808e-02;1.897772848606109619e-01;3.656980097293853760e-01
-2.161228209733963013e-01;2.395922988653182983e-01;3.670046329498291016e-01
-1.407533586025238037e-01;8.669033646583557129e-02;3.047825396060943604e-01
-2.339727878570556641e-01;3.289454877376556396e-01;3.469145298004150391e-01
-2.530302405357360840e-01;1.029788106679916382e-01;3.806208074092864990e-01
-1.936579495668411255e-01;9.559141099452972412e-02;2.306831777095794678e-01
-2.566478848457336426e-01;1.513621807098388672e-01;4.742223322391510010e-01
-2.444126307964324951e-01;3.687492907047271729e-01;3.731074035167694092e-01
-2.382046580314636230e-01;3.803900480270385742e-01;3.729160726070404053e-01
-1.327386349439620972e-01;1.872773319482803345e-01;-1.259030848741531372e-01
-1.491052955389022827e-01;1.129157617688179016e-01;-1.468321532011032104e-01
-6.990930438041687012e-02;5.318871140480041504e-02;-9.861411899328231812e-02
-1.247900500893592834e-01;8.959106355905532837e-02;-2.510735392570495605e-01
-1.048179343342781067e-01;2.689583599567413330e-01;-2.777912020683288574e-01
-2.400614619255065918e-01;9.335560351610183716e-02;-2.741603851318359375e-01
-9.487827867269515991e-02;8.501202613115310669e-02;5.830875039100646973e-02
6.232897937297821045e-02;2.793503105640411377e-01;-1.067691147327423096e-01
9.690821170806884766e-02;1.538871526718139648e-01;-1.641203016042709351e-01
-2.090081572532653809e-03;2.126341313123703003e-01;6.805306673049926758e-02
-2.685068547725677490e-01;3.406018614768981934e-01;-4.062859117984771729e-01
-2.310610413551330566e-01;4.626446366310119629e-01;-4.402440786361694336e-01
-3.297617733478546143e-01;2.321117967367172241e-01;-4.515171051025390625e-01
-4.340928792953491211e-01;4.115757644176483154e-01;-4.294955432415008545e-01
-3.899822831153869629e-01;4.789097905158996582e-01;-3.937918543815612793e-01
-1.048179268836975098e-01;2.689583599567413330e-01;-2.777912020683288574e-01
-3.558986783027648926e-01;1.404793411493301392e-01;-4.401327967643737793e-01
-2.017937898635864258e-01;5.658094882965087891e-01;-4.401974678039550781e-01
-4.486742913722991943e-01;5.056652426719665527e-01;-5.074678659439086914e-01
-2.400614619255065918e-01;9.335559606552124023e-02;-2.741603851318359375e-01
2.281654328107833862e-01;-4.484239816665649414e-01;-1.844953447580337524e-01
1.920363903045654297e-01;-3.930830955505371094e-01;-9.998182207345962524e-02
2.171534746885299683e-01;-5.651054978370666504e-01;-1.294881999492645264e-01
1.895191967487335205e-01;-5.937273502349853516e-01;-1.443917900323867798e-01
1.420115679502487183e-01;-4.652331471443176270e-01;-5.348555743694305420e-02
2.324888706207275391e-01;-2.982462644577026367e-01;-1.227735802531242371e-01
7.612323760986328125e-02;-5.142190456390380859e-01;-1.830193847417831421e-01
1.245954036712646484e-01;-4.840193092823028564e-01;-3.528991341590881348e-02
1.865543425083160400e-01;-5.283002257347106934e-01;-1.206567883491516113e-02
9.022499620914459229e-02;-6.064627766609191895e-01;-1.669807732105255127e-01
2.080510109663009644e-01;5.856323242187500000e-01;1.732308566570281982e-01
2.214972823858261108e-01;5.324267745018005371e-01;1.735560297966003418e-01
1.410806179046630859e-01;5.923458933830261230e-01;2.399205565452575684e-01
1.654496490955352783e-01;5.750191807746887207e-01;8.867339044809341431e-02
2.202026098966598511e-01;6.598169207572937012e-01;2.416018396615982056e-01
1.266824156045913696e-01;6.460813879966735840e-01;1.527042686939239502e-01
2.055371701717376709e-01;4.786965250968933105e-01;1.381644010543823242e-01
1.995247751474380493e-01;4.892609417438507080e-01;9.491980820894241333e-02
1.440759003162384033e-01;5.531374216079711914e-01;5.777099728584289551e-02
1.844450980424880981e-01;5.854640603065490723e-01;3.410570323467254639e-02
1.546989846974611282e-02;8.286857008934020996e-01;-8.372681215405464172e-03
-4.132836312055587769e-02;8.116101026535034180e-01;-1.555726677179336548e-02
-5.502957478165626526e-02;8.070425391197204590e-01;4.718305915594100952e-02
-3.475150093436241150e-02;7.518607378005981445e-01;-4.993165284395217896e-02
-5.001458153128623962e-02;7.492046952247619629e-01;-4.647116176784038544e-03
-9.062232077121734619e-02;7.953730225563049316e-01;-3.311336971819400787e-03
1.054158061742782593e-01;7.368745803833007812e-01;3.507177531719207764e-02
1.805074326694011688e-02;7.103890180587768555e-01;6.818155944347381592e-02
9.635729342699050903e-02;7.057340741157531738e-01;-1.654418930411338806e-02
1.357970684766769409e-01;7.007307410240173340e-01;-9.479572623968124390e-02
