2.656956017017364502e-01;-8.030905127525329590e-01;5.041012167930603027e-01
2.402237206697463989e-01;-8.036710023880004883e-01;4.501384496688842773e-01
2.679929733276367188e-01;-7.430502176284790039e-01;5.041010975837707520e-01
2.520474791526794434e-01;-8.311408162117004395e-01;4.266771376132965088e-01
2.470554262399673462e-01;-8.383877277374267578e-01;4.016107022762298584e-01
2.200104892253875732e-01;-8.181422352790832520e-01;3.892385363578796387e-01
1.367273032665252686e-01;-8.056818246841430664e-01;5.041000247001647949e-01
2.827276289463043213e-02;-8.227484226226806641e-01;4.628308713436126709e-01
1.427564620971679688e-01;-7.681298851966857910e-01;1.822720170021057129e-01
-7.787302136421203613e-02;-8.269341588020324707e-01;4.529626667499542236e-01
2.299266755580902100e-01;-7.740140557289123535e-01;-4.533843398094177246e-01
2.449204623699188232e-01;-7.702274918556213379e-01;-4.533841907978057861e-01
2.668519616127014160e-01;-7.727591395378112793e-01;-4.296585023403167725e-01
2.438496947288513184e-01;-7.994347214698791504e-01;-4.157093167304992676e-01
2.653628885746002197e-01;-7.399383187294006348e-01;-4.129790365695953369e-01
1.734770238399505615e-01;-8.098303675651550293e-01;-4.427672028541564941e-01
2.560294270515441895e-01;-8.227745294570922852e-01;-4.053309857845306396e-01
2.641804218292236328e-01;-8.219686150550842285e-01;-4.087069928646087646e-01
2.582398653030395508e-01;-7.692351937294006348e-01;-3.841806352138519287e-01
2.516953349113464355e-01;-7.801562547683715820e-01;-3.430959582328796387e-01
-4.667913019657135010e-01;7.092602849006652832e-01;-5.282571315765380859e-01
-3.747684657573699951e-01;6.433224678039550781e-01;-4.783614873886108398e-01
-2.498028725385665894e-01;6.735613346099853516e-01;-4.538254439830780029e-01
-4.133382141590118408e-01;4.765753746032714844e-01;-4.933238923549652100e-01
-3.046733736991882324e-01;8.223286867141723633e-01;-3.854298591613769531e-01
-2.905781567096710205e-01;7.361242771148681641e-01;-3.406737148761749268e-01
-1.706523597240447998e-01;6.908636689186096191e-01;-4.533843994140625000e-01
-3.152027726173400879e-01;5.863577127456665039e-01;-2.776947617530822754e-01
-1.659236848354339600e-01;7.991836667060852051e-01;-4.533752501010894775e-01
-2.270604968070983887e-01;4.400744736194610596e-01;-4.113210737705230713e-01
-3.384173512458801270e-01;5.995780229568481445e-01;5.165727138519287109e-01
-2.030382603406906128e-01;6.769166588783264160e-01;5.040655732154846191e-01
-3.361673951148986816e-01;4.411170184612274170e-01;5.151250958442687988e-01
-3.490045368671417236e-01;4.496126472949981689e-01;4.425026476383209229e-01
-2.978488504886627197e-01;4.672248661518096924e-01;4.166466295719146729e-01
-2.672432661056518555e-01;7.328755259513854980e-01;4.111756980419158936e-01
-2.521281838417053223e-01;7.465998530387878418e-01;3.805732727050781250e-01
-2.531762123107910156e-01;3.880515396595001221e-01;4.021218717098236084e-01
-1.040803194046020508e-01;6.521305441856384277e-01;3.780217766761779785e-01
-1.443587243556976318e-01;4.753278493881225586e-01;3.177504837512969971e-01
-3.144503235816955566e-01;-6.742821931838989258e-01;5.108793973922729492e-01
-3.070494234561920166e-01;-7.550576925277709961e-01;5.096026659011840820e-01
-2.783332467079162598e-01;-6.624065637588500977e-01;4.099206030368804932e-01
-3.123044371604919434e-01;-5.407475829124450684e-01;4.273960292339324951e-01
-2.315942645072937012e-01;-6.918537020683288574e-01;3.631568253040313721e-01
-3.950288295745849609e-01;-5.057070255279541016e-01;4.617645740509033203e-01
-4.122590124607086182e-01;-4.892457425594329834e-01;4.779802858829498291e-01
-2.967797517776489258e-01;-4.838094413280487061e-01;3.456034362316131592e-01
-1.035931408405303955e-01;-8.175718188285827637e-01;5.041010975837707520e-01
-1.558911800384521484e-01;-5.117442607879638672e-01;3.790976405143737793e-01
-2.004195563495159149e-02;-4.995150566101074219e-01;2.634665183722972870e-02
-7.305366918444633484e-03;-5.140240788459777832e-01;-3.025617450475692749e-03
4.665199667215347290e-02;-4.802591800689697266e-01;-1.010266244411468506e-01
1.093769371509552002e-01;-4.800739288330078125e-01;1.105847582221031189e-01
1.265615075826644897e-01;-4.600635468959808350e-01;-1.141429133713245392e-02
1.300143450498580933e-01;-5.524907708168029785e-01;3.100845962762832642e-02
1.511540859937667847e-01;-5.440359711647033691e-01;6.089037656784057617e-02
1.487988382577896118e-01;-4.873360991477966309e-01;-4.994980245828628540e-02
-3.629263490438461304e-02;-5.857753157615661621e-01;1.968660354614257812e-01
1.358956545591354370e-01;-5.908605456352233887e-01;-4.337154328823089600e-02
9.299744665622711182e-02;-7.960725575685501099e-02;-2.467996627092361450e-01
-1.214444637298583984e-02;-4.935578629374504089e-02;-2.960778474807739258e-01
7.874415069818496704e-02;7.323709875345230103e-02;-2.530397772789001465e-01
1.781229078769683838e-01;-1.820552051067352295e-01;-1.348503977060317993e-01
1.912478059530258179e-01;-2.212726175785064697e-01;-1.740998774766921997e-01
-3.936918079853057861e-02;-2.337645366787910461e-02;-1.247538700699806213e-01
2.592251002788543701e-01;-1.220007687807083130e-01;-1.464070230722427368e-01
2.062487602233886719e-01;8.327295631170272827e-02;-2.021214067935943604e-01
-5.989341437816619873e-02;5.643954128026962280e-02;-2.094811499118804932e-01
2.338706552982330322e-01;-1.615155041217803955e-01;-1.157683283090591431e-01
-1.128225922584533691e-01;7.493053674697875977e-01;-3.385716080665588379e-01
-1.056781485676765442e-01;8.095656037330627441e-01;-4.533847868442535400e-01
-1.659236699342727661e-01;7.991836667060852051e-01;-4.533752501010894775e-01
-1.706523746252059937e-01;6.908636689186096191e-01;-4.533843994140625000e-01
-2.905781567096710205e-01;7.361242771148681641e-01;-3.406737148761749268e-01
-2.498028725385665894e-01;6.735613346099853516e-01;-4.538254439830780029e-01
-3.046733736991882324e-01;8.223286867141723633e-01;-3.854298591613769531e-01
-1.737933605909347534e-01;5.223191380500793457e-01;-3.642563223838806152e-01
-6.462705135345458984e-02;5.406664609909057617e-01;-2.311623543500900269e-01
1.091047525405883789e-01;8.083787560462951660e-01;-4.272399246692657471e-01
-1.771666854619979858e-01;-6.837271451950073242e-01;-2.306582331657409668e-01
-1.544216573238372803e-01;-6.068027615547180176e-01;-3.651303052902221680e-01
-2.421102374792098999e-01;-6.960009932518005371e-01;-4.184028804302215576e-01
-1.520845144987106323e-01;-4.818576872348785400e-01;-2.553842365741729736e-01
-1.453939378261566162e-01;-7.724338769912719727e-01;-4.259344935417175293e-01
-1.949720084667205811e-01;-8.311749100685119629e-01;-4.021907150745391846e-01
-2.679693102836608887e-01;-6.795437932014465332e-01;-4.545235335826873779e-01
-2.345728278160095215e-01;-5.791319012641906738e-01;-4.534367918968200684e-01
-6.022361665964126587e-02;-8.222012519836425781e-01;-4.218718707561492920e-01
-1.448768377304077148e-02;-8.233212232589721680e-01;-4.033459424972534180e-01
-3.290472924709320068e-01;-3.403122723102569580e-01;3.630339801311492920e-01
-2.853902578353881836e-01;-3.413252532482147217e-01;4.206585884094238281e-01
-2.884799540042877197e-01;-2.663876116275787354e-01;3.868147432804107666e-01
-2.580117583274841309e-01;-2.513379156589508057e-01;2.837003767490386963e-01
-2.477009743452072144e-01;-3.088253438472747803e-01;2.479356229305267334e-01
-2.967797517776489258e-01;-4.838094413280487061e-01;3.456034362316131592e-01
-3.730713129043579102e-01;-2.064590454101562500e-01;4.623261988162994385e-01
-1.854038238525390625e-01;-2.503217756748199463e-01;4.160464704036712646e-01
-2.128897756338119507e-01;-4.114738702774047852e-01;5.041090846061706543e-01
-3.950288295745849609e-01;-5.057070255279541016e-01;4.617645740509033203e-01
-2.270604968070983887e-01;4.400744736194610596e-01;-4.113210737705230713e-01
-1.737933605909347534e-01;5.223191380500793457e-01;-3.642563223838806152e-01
-2.496846020221710205e-01;2.823702692985534668e-01;-4.144793450832366943e-01
-4.133382141590118408e-01;4.765753746032714844e-01;-4.933238923549652100e-01
-2.106387615203857422e-01;2.372115850448608398e-01;-4.533256888389587402e-01
-1.610622107982635498e-01;4.161177277565002441e-01;-2.068645954132080078e-01
-3.152027726173400879e-01;5.863577127456665039e-01;-2.776947617530822754e-01
-3.753579258918762207e-01;2.891431450843811035e-01;-4.620946347713470459e-01
-1.104425340890884399e-01;2.837509512901306152e-01;-2.886682152748107910e-01
-3.496820628643035889e-01;2.460043132305145264e-01;-4.665804803371429443e-01
-2.366596646606922150e-02;-1.799468696117401123e-01;5.387635156512260437e-02
7.836380600929260254e-02;-1.665405929088592529e-01;8.288338780403137207e-02
-6.143066287040710449e-02;-2.023886889219284058e-01;1.853356957435607910e-01
-9.559103846549987793e-02;-2.275613099336624146e-01;-6.106234714388847351e-02
1.152248382568359375e-01;-2.010972648859024048e-01;-6.672300398349761963e-02
1.420645266771316528e-01;-9.333880990743637085e-02;3.492816165089607239e-02
-1.905811019241809845e-02;-3.362371027469635010e-02;-7.020761072635650635e-02
-3.084882162511348724e-02;-1.149899959564208984e-01;2.381319254636764526e-01
1.546795219182968140e-01;-2.999021708965301514e-01;5.369158834218978882e-02
1.917781680822372437e-01;-1.340389847755432129e-01;6.840315461158752441e-02
2.236377000808715820e-01;6.437593102455139160e-01;-1.127767413854598999e-01
2.067622989416122437e-01;5.960147380828857422e-01;-1.439725756645202637e-01
2.335142940282821655e-01;5.750041604042053223e-01;-1.356592774391174316e-01
2.099773585796356201e-01;5.922474265098571777e-01;-5.945902317762374878e-02
1.780977547168731689e-01;5.070497393608093262e-01;-8.697734028100967407e-02
1.134329885244369507e-01;6.396991610527038574e-01;-4.861824214458465576e-03
1.277876496315002441e-01;7.581661939620971680e-01;-7.052515447139739990e-02
1.957844346761703491e-01;5.369535684585571289e-01;5.607768893241882324e-03
2.495350539684295654e-01;7.014544010162353516e-01;-2.748281061649322510e-01
4.076589643955230713e-02;6.427776813507080078e-01;-1.348394155502319336e-01
