-3.090513348579406738e-01;4.105331599712371826e-01;5.299405455589294434e-01
-2.979867160320281982e-01;4.571501910686492920e-01;5.668064951896667480e-01
-3.023200035095214844e-01;6.554828286170959473e-01;4.976545572280883789e-01
-2.086947858333587646e-01;4.859662950038909912e-01;4.585477709770202637e-01
-2.561069428920745850e-01;5.109504461288452148e-01;4.810977876186370850e-01
-2.674120962619781494e-01;5.461611151695251465e-01;5.180062055587768555e-01
-2.432166486978530884e-01;6.533729434013366699e-01;3.891602158546447754e-01
-2.117533385753631592e-01;6.603483557701110840e-01;4.215716123580932617e-01
-2.310874611139297485e-01;5.935159921646118164e-01;5.726307630538940430e-01
-8.558423817157745361e-02;6.098381876945495605e-01;4.099746048450469971e-01
-1.973158717155456543e-01;-6.866568326950073242e-01;4.615408182144165039e-01
-2.125837653875350952e-01;-5.833541750907897949e-01;4.680280387401580811e-01
-3.758921027183532715e-01;-6.754490137100219727e-01;6.344082355499267578e-01
-9.651637822389602661e-02;-6.292681097984313965e-01;3.662246167659759521e-01
-1.342067122459411621e-02;-6.915102005004882812e-01;3.813832998275756836e-01
-1.200664862990379333e-01;-6.871140003204345703e-01;5.652868747711181641e-01
-2.008727341890335083e-01;-5.011340975761413574e-01;4.318318367004394531e-01
-5.701396614313125610e-02;-4.889730215072631836e-01;4.311962425708770752e-01
-1.530699282884597778e-01;-5.044951438903808594e-01;5.654858350753784180e-01
2.640350908041000366e-02;-5.698267817497253418e-01;3.645136058330535889e-01
-1.737538129091262817e-01;5.589736104011535645e-01;-5.180203318595886230e-01
-1.552878767251968384e-01;5.690017342567443848e-01;-4.653528928756713867e-01
-2.007347941398620605e-01;6.668322086334228516e-01;-4.488414824008941650e-01
2.626811712980270386e-02;6.071429252624511719e-01;-3.485017716884613037e-01
-2.861001342535018921e-02;5.510260462760925293e-01;-2.258779853582382202e-01
-1.150645688176155090e-01;6.713329553604125977e-01;-4.442189335823059082e-01
-2.817422524094581604e-02;6.702747941017150879e-01;-4.162443280220031738e-01
-8.958067744970321655e-02;6.664651632308959961e-01;-3.248117268085479736e-01
2.677604556083679199e-03;6.707555651664733887e-01;-2.058113962411880493e-01
6.158391386270523071e-02;5.405864715576171875e-01;-3.514105379581451416e-01
-2.995439767837524414e-01;-3.356744647026062012e-01;5.305776000022888184e-01
-3.144733309745788574e-01;-2.236852943897247314e-01;5.284707546234130859e-01
-2.827309072017669678e-01;-1.658691763877868652e-01;4.899420738220214844e-01
-4.175262749195098877e-01;-1.221113204956054688e-01;6.549257040023803711e-01
-2.964589595794677734e-01;8.104759454727172852e-02;4.933041334152221680e-01
-3.368485569953918457e-01;1.646698713302612305e-01;5.790862441062927246e-01
-2.427792698144912720e-01;-3.475121259689331055e-01;5.432752966880798340e-01
-2.693879306316375732e-01;-5.510353296995162964e-02;4.787318110466003418e-01
-1.463952362537384033e-01;-1.276535689830780029e-01;5.653854608535766602e-01
-2.460007220506668091e-01;4.667961597442626953e-02;5.456815361976623535e-01
1.392803192138671875e-01;6.188117861747741699e-01;1.389073580503463745e-01
1.248265877366065979e-01;6.881656646728515625e-01;1.161196753382682800e-01
1.232157126069068909e-01;6.856142282485961914e-01;9.225192666053771973e-02
1.242608055472373962e-01;6.902243494987487793e-01;1.523846983909606934e-01
1.262426972389221191e-01;6.896869540214538574e-01;1.323858797550201416e-01
1.287780255079269409e-01;6.910401582717895508e-01;1.510493159294128418e-01
1.287780255079269409e-01;6.910401582717895508e-01;1.510493159294128418e-01
1.287780255079269409e-01;6.910401582717895508e-01;1.510493159294128418e-01
1.345207244157791138e-01;6.909626126289367676e-01;1.736512035131454468e-01
1.441390663385391235e-01;6.896372437477111816e-01;2.061605006456375122e-01
-2.071654796600341797e-01;-6.926171779632568359e-01;-5.536038279533386230e-01
-3.007357716560363770e-01;-6.840272545814514160e-01;-5.198770165443420410e-01
-2.682141661643981934e-01;-5.465109944343566895e-01;-4.618181884288787842e-01
-2.318198531866073608e-01;-6.823152303695678711e-01;-4.336084127426147461e-01
-1.913901269435882568e-01;-6.927501559257507324e-01;-4.929072856903076172e-01
-3.083907663822174072e-01;-5.277143120765686035e-01;-5.793702602386474609e-01
-3.242377042770385742e-01;-4.558433294296264648e-01;-5.088593959808349609e-01
-2.137234807014465332e-01;-5.241171717643737793e-01;-5.187263488769531250e-01
-7.490193843841552734e-02;-6.901572346687316895e-01;-4.706920683383941650e-01
-9.725315868854522705e-02;-5.830015540122985840e-01;-5.039554834365844727e-01
-1.844759136438369751e-01;-9.980658441781997681e-02;-3.095894753932952881e-01
-7.431352883577346802e-02;-1.776774823665618896e-01;-3.988234996795654297e-01
-6.079712137579917908e-02;-4.144071042537689209e-02;-3.997247815132141113e-01
-3.701388463377952576e-02;-1.153561845421791077e-01;-2.295500636100769043e-01
4.008502140641212463e-02;-8.539446443319320679e-02;-2.319643795490264893e-01
-3.025482967495918274e-02;4.536574333906173706e-02;-2.835769951343536377e-01
1.061917096376419067e-01;1.803563535213470459e-01;-1.595371961593627930e-01
-8.903856575489044189e-02;2.108518481254577637e-01;-4.460174739360809326e-01
-6.308288127183914185e-02;2.958633005619049072e-01;-2.498629838228225708e-01
1.170935332775115967e-01;9.261260926723480225e-02;-2.384648919105529785e-01
-2.490064501762390137e-01;2.484434098005294800e-01;4.785439372062683105e-01
-1.804097890853881836e-01;2.331567704677581787e-01;5.214067697525024414e-01
-1.558506637811660767e-01;-3.255794942378997803e-02;4.033992290496826172e-01
-8.943969756364822388e-02;-4.221364855766296387e-03;3.223078548908233643e-01
-3.246767818927764893e-02;4.572203755378723145e-02;4.219858348369598389e-01
-8.532588183879852295e-02;1.914984881877899170e-01;3.448634147644042969e-01
-2.699011564254760742e-02;1.989732980728149414e-01;2.893360853195190430e-01
-1.178163811564445496e-01;1.342197358608245850e-01;4.283790588378906250e-01
-9.709669649600982666e-02;1.520435363054275513e-01;4.327340722084045410e-01
-1.260335296392440796e-01;3.067981600761413574e-01;4.698691368103027344e-01
6.191031634807586670e-02;4.332021772861480713e-01;-3.668188676238059998e-02
4.344826936721801758e-02;4.928490519523620605e-01;-6.633095443248748779e-02
1.694121956825256348e-01;3.197657167911529541e-01;-1.341985911130905151e-01
1.372709572315216064e-01;3.653729856014251709e-01;1.420014351606369019e-02
1.490267664194107056e-01;4.672725796699523926e-01;-1.009751707315444946e-01
1.524475961923599243e-01;5.221642255783081055e-01;-1.304325908422470093e-01
1.388080716133117676e-01;3.945417702198028564e-01;-3.544289246201515198e-02
1.467035263776779175e-01;4.189958870410919189e-01;-7.876897603273391724e-02
1.330554187297821045e-01;5.272679328918457031e-01;-2.637048438191413879e-02
1.326595395803451538e-01;5.187187790870666504e-01;5.085885524749755859e-03
-1.567881107330322266e-01;-3.590115904808044434e-01;4.502846896648406982e-01
-1.617193669080734253e-01;-3.769066035747528076e-01;4.422198832035064697e-01
-1.999534219503402710e-01;-3.038771152496337891e-01;4.635924994945526123e-01
-2.827309072017669678e-01;-1.658691763877868652e-01;4.899420738220214844e-01
-1.157038658857345581e-01;-4.134020507335662842e-01;3.498948216438293457e-01
-8.623711019754409790e-02;-2.453183978796005249e-01;3.410618603229522705e-01
-1.001328751444816589e-01;-2.262905985116958618e-01;4.346385002136230469e-01
-1.463952362537384033e-01;-1.276535689830780029e-01;5.653854608535766602e-01
-1.558506637811660767e-01;-3.255794942378997803e-02;4.033992290496826172e-01
-5.699913576245307922e-02;-5.282235145568847656e-02;4.259899556636810303e-01
-2.919991612434387207e-01;-4.480858743190765381e-01;-5.773046016693115234e-01
-2.137234807014465332e-01;-5.241171717643737793e-01;-5.187263488769531250e-01
-2.772662043571472168e-01;-3.251793980598449707e-01;-5.728461742401123047e-01
-1.937195509672164917e-01;-3.402485549449920654e-01;-5.506265759468078613e-01
-2.888387739658355713e-01;-1.793073266744613647e-01;-4.599996209144592285e-01
-8.026508241891860962e-02;-3.241424262523651123e-01;-4.970420897006988525e-01
-7.431352883577346802e-02;-1.776774972677230835e-01;-3.988234996795654297e-01
4.083901643753051758e-03;-2.318173497915267944e-01;-3.390647470951080322e-01
-4.040934145450592041e-02;-2.935989201068878174e-01;-2.463295459747314453e-01
-1.755678355693817139e-01;-1.676260232925415039e-01;-5.496622323989868164e-01
-3.638312518596649170e-01;5.857842564582824707e-01;-6.147704720497131348e-01
-2.518535852432250977e-01;4.106545150279998779e-01;-5.248793959617614746e-01
-3.406122028827667236e-01;5.597658753395080566e-01;-5.639732480049133301e-01
-1.737538129091262817e-01;5.589736104011535645e-01;-5.180203318595886230e-01
-1.552878767251968384e-01;5.690017342567443848e-01;-4.653528928756713867e-01
-2.929352521896362305e-01;6.626470685005187988e-01;-5.831004977226257324e-01
-2.651471197605133057e-01;6.691112518310546875e-01;-5.205710530281066895e-01
-1.939831376075744629e-01;6.642746329307556152e-01;-5.551473498344421387e-01
-2.007347941398620605e-01;6.668322086334228516e-01;-4.488414824008941650e-01
-1.150645613670349121e-01;6.713329553604125977e-01;-4.442189335823059082e-01
-3.368485569953918457e-01;1.646698564291000366e-01;5.790862441062927246e-01
-2.750495374202728271e-01;1.450581699609756470e-01;5.838760137557983398e-01
-2.490064501762390137e-01;2.484434098005294800e-01;4.785439372062683105e-01
-3.090513348579406738e-01;4.105331599712371826e-01;5.299405455589294434e-01
-2.979867160320281982e-01;4.571501910686492920e-01;5.668064951896667480e-01
-3.305173516273498535e-01;3.152900636196136475e-01;6.110665798187255859e-01
-3.834158778190612793e-01;3.679803013801574707e-01;6.388980746269226074e-01
-2.561069428920745850e-01;5.109504461288452148e-01;4.810977876186370850e-01
-1.804097890853881836e-01;2.331567704677581787e-01;5.214067697525024414e-01
-1.260335296392440796e-01;3.067981600761413574e-01;4.698691368103027344e-01
-3.043325543403625488e-01;5.132910609245300293e-02;-5.795209407806396484e-01
-3.465929031372070312e-01;1.015372648835182190e-01;-6.024048924446105957e-01
-3.271072804927825928e-01;9.770993143320083618e-02;-5.554217696189880371e-01
-2.871144413948059082e-01;1.742688864469528198e-01;-5.464792251586914062e-01
-2.367661297321319580e-01;-5.201421678066253662e-02;-5.590244531631469727e-01
-1.904823929071426392e-01;-7.980038225650787354e-02;-4.745647609233856201e-01
-2.261693477630615234e-01;1.548860371112823486e-01;-5.554447174072265625e-01
-2.027818411588668823e-01;1.185088455677032471e-01;-5.119795203208923340e-01
-2.429481595754623413e-01;2.596276402473449707e-01;-4.121680557727813721e-01
-8.903856575489044189e-02;2.108518481254577637e-01;-4.460174739360809326e-01
1.254982948303222656e-01;6.231132745742797852e-01;-1.855538785457611084e-01
1.380008012056350708e-01;6.380463242530822754e-01;-1.264347136020660400e-01
1.440482735633850098e-01;6.538302898406982422e-01;-1.651595383882522583e-01
1.522631347179412842e-01;6.872879266738891602e-01;-2.083781957626342773e-01
1.549510210752487183e-01;6.753258705139160156e-01;-2.107361853122711182e-01
1.271723359823226929e-01;6.789795160293579102e-01;-1.036677062511444092e-01
1.237125247716903687e-01;6.859607696533203125e-01;-7.739676535129547119e-02
1.338223367929458618e-01;6.767121553421020508e-01;-1.386911273002624512e-01
1.364250034093856812e-01;6.902922987937927246e-01;-1.601418405771255493e-01
1.315089315176010132e-01;6.899532079696655273e-01;-1.382055282592773438e-01
-8.903856575489044189e-02;2.108518481254577637e-01;-4.460174739360809326e-01
-2.429481595754623413e-01;2.596276402473449707e-01;-4.121680557727813721e-01
-1.874877661466598511e-01;3.694014549255371094e-01;-5.064356923103332520e-01
-1.212041079998016357e-01;4.064562916755676270e-01;-5.491426587104797363e-01
-6.308288127183914185e-02;2.958633005619049072e-01;-2.498629838228225708e-01
1.170935332775115967e-01;9.261260926723480225e-02;-2.384648919105529785e-01
1.061917021870613098e-01;1.803563386201858521e-01;-1.595371961593627930e-01
4.058228805661201477e-03;3.052741289138793945e-01;-3.460412025451660156e-01
1.192569881677627563e-01;4.335206151008605957e-01;-2.127792835235595703e-01
6.158392131328582764e-02;5.405864715576171875e-01;-3.514105379581451416e-01
-3.083907663822174072e-01;-5.277143120765686035e-01;-5.793702602386474609e-01
-2.919991612434387207e-01;-4.480858743190765381e-01;-5.773046016693115234e-01
-3.242377042770385742e-01;-4.558433294296264648e-01;-5.088593959808349609e-01
-2.682141661643981934e-01;-5.465109944343566895e-01;-4.618181884288787842e-01
-2.137234807014465332e-01;-5.241171717643737793e-01;-5.187263488769531250e-01
-3.339760899543762207e-01;-2.781175971031188965e-01;-5.993012785911560059e-01
-2.772662043571472168e-01;-3.251793980598449707e-01;-5.728461742401123047e-01
-3.574671149253845215e-01;-3.941386342048645020e-01;-5.323519110679626465e-01
-2.888387739658355713e-01;-1.793073266744613647e-01;-4.599996209144592285e-01
-1.937195509672164917e-01;-3.402485549449920654e-01;-5.506265759468078613e-01
-2.125837653875350952e-01;-5.833541750907897949e-01;4.680280387401580811e-01
-1.157038658857345581e-01;-4.134020507335662842e-01;3.498948216438293457e-01
-2.008727341890335083e-01;-5.011340975761413574e-01;4.318318367004394531e-01
-1.530699282884597778e-01;-5.044951438903808594e-01;5.654858350753784180e-01
-1.617193669080734253e-01;-3.769066035747528076e-01;4.422198832035064697e-01
-1.567881107330322266e-01;-3.590115904808044434e-01;4.502846896648406982e-01
-1.342067122459411621e-02;-6.915102005004882812e-01;3.813832998275756836e-01
-9.651637822389602661e-02;-6.292681097984313965e-01;3.662246167659759521e-01
2.640350535511970520e-02;-5.698267817497253418e-01;3.645136058330535889e-01
-5.701396986842155457e-02;-4.889730215072631836e-01;4.311962425708770752e-01
-2.008727341890335083e-01;-5.011340975761413574e-01;4.318318367004394531e-01
-1.567881107330322266e-01;-3.590115904808044434e-01;4.502846896648406982e-01
-1.617193669080734253e-01;-3.769066035747528076e-01;4.422198832035064697e-01
-1.999534219503402710e-01;-3.038771152496337891e-01;4.635924994945526123e-01
-2.995439767837524414e-01;-3.356744647026062012e-01;5.305776000022888184e-01
-3.144733309745788574e-01;-2.236852943897247314e-01;5.284707546234130859e-01
-2.427792698144912720e-01;-3.475121259689331055e-01;5.432752966880798340e-01
-2.827309072017669678e-01;-1.658691763877868652e-01;4.899420738220214844e-01
-1.530699282884597778e-01;-5.044951438903808594e-01;5.654858350753784180e-01
-1.001328825950622559e-01;-2.262905985116958618e-01;4.346385002136230469e-01
