-3.754660189151763916e-01;-1.632411926984786987e-01;5.963581204414367676e-01
-2.542942464351654053e-01;-2.075719088315963745e-01;4.518641531467437744e-01
-3.132584095001220703e-01;-5.589034780859947205e-02;4.180342853069305420e-01
-3.474597930908203125e-01;-8.154356479644775391e-02;5.812143087387084961e-01
-2.161281406879425049e-01;-1.476909518241882324e-01;4.404013156890869141e-01
-1.938222348690032959e-01;-7.422556728124618530e-02;5.035002231597900391e-01
-1.971763074398040771e-01;-4.605673626065254211e-02;4.339216053485870361e-01
-2.663009464740753174e-01;2.676082402467727661e-02;5.561810731887817383e-01
-4.143214225769042969e-01;7.264113426208496094e-02;6.251625418663024902e-01
-3.273653984069824219e-01;1.171930134296417236e-01;4.758467972278594971e-01
-1.670588403940200806e-01;-5.400165915489196777e-01;-5.685145854949951172e-01
-3.048292696475982666e-01;-6.506058573722839355e-01;-4.962640404701232910e-01
-2.400749027729034424e-01;-5.922832489013671875e-01;-4.325785040855407715e-01
-2.056763172149658203e-01;-6.541033387184143066e-01;-4.149349927902221680e-01
-8.542042225599288940e-02;-6.509423255920410156e-01;-5.684626102447509766e-01
-1.022604629397392273e-01;-6.583089828491210938e-01;-4.908502101898193359e-01
-1.065208539366722107e-01;-5.989863872528076172e-01;-4.533155858516693115e-01
-1.383391767740249634e-01;-4.611440896987915039e-01;-5.684574246406555176e-01
-1.552049070596694946e-01;-4.577533304691314697e-01;-5.247859954833984375e-01
-7.103328406810760498e-02;-4.839016497135162354e-01;-4.029511213302612305e-01
1.872693449258804321e-01;6.716188192367553711e-01;1.104411333799362183e-01
1.649066954851150513e-01;6.876256465911865234e-01;7.835092395544052124e-02
1.905373185873031616e-01;7.346609830856323242e-01;9.213083237409591675e-02
1.478312164545059204e-01;7.363133430480957031e-01;9.268309921026229858e-02
1.913964301347732544e-01;7.492297887802124023e-01;5.183871835470199585e-02
1.784131526947021484e-01;7.385764122009277344e-01;1.232443079352378845e-01
1.496923267841339111e-01;7.360251545906066895e-01;9.984615445137023926e-02
2.065663635730743408e-01;6.734035015106201172e-01;1.453351676464080811e-01
2.163971811532974243e-01;7.386711835861206055e-01;1.458041965961456299e-01
2.050175368785858154e-01;7.437838912010192871e-01;1.128396019339561462e-01
1.630153059959411621e-01;2.177353948354721069e-02;-4.191841185092926025e-02
1.690125018358230591e-01;-7.955113798379898071e-02;1.202368736267089844e-02
2.601768672466278076e-01;-1.654639542102813721e-01;-9.574061632156372070e-02
2.523771524429321289e-01;-1.994878202676773071e-01;-6.824603676795959473e-02
2.437986284494400024e-01;-1.685882210731506348e-01;5.972529947757720947e-02
2.199492454528808594e-01;-1.488673985004425049e-01;-8.368521928787231445e-02
2.110789120197296143e-01;-8.329382538795471191e-02;-2.189832925796508789e-02
2.427733689546585083e-01;-1.015506908297538757e-01;-1.125521510839462280e-01
2.641933262348175049e-01;-1.911074668169021606e-02;-8.924154937267303467e-02
1.974258422851562500e-01;-8.197923004627227783e-02;1.126329004764556885e-01
-1.705811172723770142e-01;-6.519896984100341797e-01;3.517410457134246826e-01
-1.493953168392181396e-01;-6.596275568008422852e-01;4.311427772045135498e-01
-1.455709934234619141e-01;-6.600393056869506836e-01;4.846384227275848389e-01
-7.144812494516372681e-02;-6.084051728248596191e-01;4.198478460311889648e-01
-4.430769011378288269e-02;-6.595442891120910645e-01;3.130796551704406738e-01
5.646075680851936340e-02;-6.649561524391174316e-01;2.276618480682373047e-01
-4.010446369647979736e-02;-6.590185761451721191e-01;4.093388915061950684e-01
-6.232297047972679138e-02;-5.974518656730651855e-01;3.359207510948181152e-01
-3.903885185718536377e-02;-5.349305868148803711e-01;4.040232598781585693e-01
9.855572134256362915e-03;-4.826791882514953613e-01;2.970604598522186279e-01
-3.562599122524261475e-01;-1.163981109857559204e-01;-6.046299338340759277e-01
-2.711152136325836182e-01;-7.352595776319503784e-02;-5.783107876777648926e-01
-2.023041695356369019e-01;-8.359451591968536377e-02;-5.246564745903015137e-01
-3.543887436389923096e-01;1.330935209989547729e-01;-5.708681941032409668e-01
-3.323261737823486328e-01;9.049523621797561646e-02;-5.934470295906066895e-01
-2.590890228748321533e-01;3.452123329043388367e-02;-4.159803390502929688e-01
-1.754887700080871582e-01;1.785181649029254913e-02;-5.684737563133239746e-01
-1.720431894063949585e-01;4.714072495698928833e-02;-5.173358917236328125e-01
-2.231116145849227905e-01;2.386095076799392700e-01;-5.691310167312622070e-01
-2.296640127897262573e-01;1.549084335565567017e-01;-5.296170115470886230e-01
-2.215155214071273804e-02;2.598803341388702393e-01;-3.840200006961822510e-01
-1.052428409457206726e-01;6.560431718826293945e-01;-4.472743272781372070e-01
-1.180514022707939148e-01;5.882658958435058594e-01;-3.209112584590911865e-01
1.635834574699401855e-02;5.368064641952514648e-01;-3.127242326736450195e-01
2.032056450843811035e-01;3.509208858013153076e-01;-1.972454041242599487e-01
1.583878397941589355e-01;4.407433867454528809e-01;-2.432580143213272095e-01
6.354499608278274536e-02;5.254463553428649902e-01;-3.576056659221649170e-01
1.888419091701507568e-01;5.977773070335388184e-01;-1.532559245824813843e-01
-8.564788848161697388e-02;7.104626297950744629e-01;-4.474858641624450684e-01
6.735555827617645264e-02;7.166078090667724609e-01;-2.475404888391494751e-01
1.326708942651748657e-01;-6.739583611488342285e-01;-1.890515089035034180e-01
1.641167104244232178e-01;-6.762238144874572754e-01;-1.786186844110488892e-01
1.585941463708877563e-01;-6.874327659606933594e-01;-1.094809621572494507e-01
1.805392205715179443e-01;-6.835760474205017090e-01;-7.638209313154220581e-02
2.111588269472122192e-01;-6.898637413978576660e-01;-1.428516209125518799e-01
2.191381603479385376e-01;-6.858876943588256836e-01;-1.661229282617568970e-01
2.161545008420944214e-01;-6.674726605415344238e-01;-1.840075105428695679e-01
2.200031578540802002e-01;-6.531674265861511230e-01;-1.504182815551757812e-01
1.941642910242080688e-01;-6.970952153205871582e-01;-8.750964701175689697e-02
2.078364938497543335e-01;-6.526836752891540527e-01;-1.027391999959945679e-01
-1.883552521467208862e-01;-3.326190710067749023e-01;3.065368235111236572e-01
-1.847994476556777954e-01;-9.995554387569427490e-02;3.446260392665863037e-01
5.354297906160354614e-02;-3.088367879390716553e-01;2.977580130100250244e-01
-9.218803793191909790e-02;-2.321300357580184937e-01;2.254684567451477051e-01
-9.621500223875045776e-02;-1.718019992113113403e-01;1.897528618574142456e-01
3.970126062631607056e-02;-1.315833777189254761e-01;1.053611114621162415e-01
5.485483258962631226e-02;-1.326229125261306763e-01;1.864253431558609009e-01
-3.648102283477783203e-02;-1.768559217453002930e-01;4.019483923912048340e-01
1.096645742654800415e-02;-1.532494872808456421e-01;3.774293661117553711e-01
-3.713084012269973755e-02;-6.780044734477996826e-02;3.405250608921051025e-01
-4.171220958232879639e-01;-6.353471875190734863e-01;-6.498792171478271484e-01
-3.861812055110931396e-01;-3.688786029815673828e-01;-6.275064349174499512e-01
-3.782595098018646240e-01;-3.991833031177520752e-01;-5.883765220642089844e-01
-3.775057196617126465e-01;-3.213165104389190674e-01;-5.873343348503112793e-01
-2.391067445278167725e-01;-3.488571941852569580e-01;-4.628556668758392334e-01
-3.562599122524261475e-01;-1.163980960845947266e-01;-6.046299338340759277e-01
-1.383391767740249634e-01;-4.611440896987915039e-01;-5.684574246406555176e-01
-1.552049070596694946e-01;-4.577533304691314697e-01;-5.247859954833984375e-01
-1.732328534126281738e-01;-2.468703389167785645e-01;-5.685144662857055664e-01
-1.612532138824462891e-01;-3.151484727859497070e-01;-4.799267947673797607e-01
-3.540333807468414307e-01;-6.518232226371765137e-01;5.523395538330078125e-01
-2.304427921772003174e-01;-6.602281332015991211e-01;5.498726963996887207e-01
-2.255841344594955444e-01;-6.569195389747619629e-01;4.437475502490997314e-01
-3.734845817089080811e-01;-4.924496710300445557e-01;5.976221561431884766e-01
-3.310878276824951172e-01;-3.011324405670166016e-01;5.125219821929931641e-01
-2.697317600250244141e-01;-3.553147315979003906e-01;5.553510189056396484e-01
-1.265522688627243042e-01;-5.838654637336730957e-01;5.486607551574707031e-01
-1.313972622156143188e-01;-4.821459054946899414e-01;4.583833217620849609e-01
-1.730843782424926758e-01;-4.291124045848846436e-01;4.321659207344055176e-01
-1.886031478643417358e-01;-3.252835571765899658e-01;4.341717064380645752e-01
-6.904673576354980469e-02;-2.988850474357604980e-01;-4.684741199016571045e-01
-4.388308525085449219e-02;-3.664374351501464844e-01;-3.433608412742614746e-01
-3.684655576944351196e-02;-1.712466031312942505e-01;-4.153027236461639404e-01
6.726987659931182861e-02;-4.010041654109954834e-01;-2.540381848812103271e-01
4.997660219669342041e-02;-3.233160376548767090e-01;-1.633465141057968140e-01
1.482513397932052612e-01;-3.975438475608825684e-01;-2.789532840251922607e-01
3.527361899614334106e-02;-2.283173203468322754e-01;-3.473235964775085449e-01
4.205797612667083740e-02;-1.717063486576080322e-01;-3.329401612281799316e-01
2.172930538654327393e-02;-1.762684732675552368e-01;-2.265574932098388672e-01
-5.230485647916793823e-02;-1.167909801006317139e-02;-3.645187616348266602e-01
-1.072588264942169189e-01;1.096614226698875427e-01;-3.410437405109405518e-01
-2.498175576329231262e-02;1.044089645147323608e-01;-3.414910435676574707e-01
5.958217754960060120e-02;7.226614654064178467e-02;-1.584413349628448486e-01
1.609780341386795044e-01;9.124961495399475098e-02;-3.180238604545593262e-02
-1.256024651229381561e-02;1.244354918599128723e-01;-2.064265012741088867e-01
2.137505915015935898e-03;1.888263374567031860e-01;-1.863128095865249634e-01
-2.215155400335788727e-02;2.598803341388702393e-01;-3.840200006961822510e-01
1.537189930677413940e-01;2.524452209472656250e-01;-1.813593208789825439e-01
4.954203590750694275e-02;1.006378978490829468e-01;4.361161589622497559e-02
1.908174455165863037e-01;9.028571844100952148e-02;-1.189014688134193420e-01
-3.273653984069824219e-01;1.171930208802223206e-01;4.758467972278594971e-01
-2.514211237430572510e-01;1.375821679830551147e-01;4.476805031299591064e-01
-1.430339962244033813e-01;1.190185770392417908e-01;4.184917509555816650e-01
-1.848860532045364380e-01;1.654030829668045044e-01;5.485159754753112793e-01
-1.787654459476470947e-01;1.883420199155807495e-01;3.668994009494781494e-01
-2.333860844373703003e-01;2.336538881063461304e-01;4.730800092220306396e-01
-2.413645237684249878e-01;3.213718533515930176e-01;4.470675587654113770e-01
-1.156261861324310303e-01;2.390119135379791260e-01;4.138827621936798096e-01
-1.333853155374526978e-01;3.536671400070190430e-01;4.157663583755493164e-01
-2.485073357820510864e-01;3.540680706501007080e-01;5.521139502525329590e-01
-2.296640127897262573e-01;1.549084335565567017e-01;-5.296170115470886230e-01
-2.231116145849227905e-01;2.386095076799392700e-01;-5.691310167312622070e-01
-3.541185855865478516e-01;3.135305345058441162e-01;-6.094317436218261719e-01
-2.669208347797393799e-01;4.030101895332336426e-01;-4.736567437648773193e-01
-2.356997132301330566e-01;4.598797857761383057e-01;-4.538371860980987549e-01
-2.215155959129333496e-02;2.598803341388702393e-01;-3.840200006961822510e-01
-1.733400225639343262e-01;3.332392573356628418e-01;-5.201857686042785645e-01
-1.483112871646881104e-01;4.409697651863098145e-01;-5.684682130813598633e-01
-2.746460437774658203e-01;4.908069670200347900e-01;-5.756202936172485352e-01
-3.373901247978210449e-01;5.205483436584472656e-01;-4.680276811122894287e-01
-2.569890618324279785e-01;5.882667899131774902e-01;-5.758942365646362305e-01
-2.780620157718658447e-01;6.428261995315551758e-01;-5.768714547157287598e-01
-3.444021940231323242e-01;6.965708732604980469e-01;-5.143148899078369141e-01
-2.589908540248870850e-01;7.103184461593627930e-01;-5.068680047988891602e-01
-1.505557000637054443e-01;7.055193781852722168e-01;-3.773618638515472412e-01
-1.430173218250274658e-01;5.916019082069396973e-01;-5.684631466865539551e-01
-1.180514097213745117e-01;5.882658958435058594e-01;-3.209112584590911865e-01
-1.198420822620391846e-01;7.094904780387878418e-01;-5.036432743072509766e-01
-1.052428409457206726e-01;6.560431718826293945e-01;-4.472743272781372070e-01
-8.564788848161697388e-02;7.104626297950744629e-01;-4.474858641624450684e-01
-1.730843782424926758e-01;-4.291124045848846436e-01;4.321659207344055176e-01
-1.886031478643417358e-01;-3.252835571765899658e-01;4.341717064380645752e-01
-2.697317600250244141e-01;-3.553147315979003906e-01;5.553510189056396484e-01
-2.542942464351654053e-01;-2.075719088315963745e-01;4.518641531467437744e-01
-2.161281406879425049e-01;-1.476909518241882324e-01;4.404013156890869141e-01
-4.635556042194366455e-02;-3.551586568355560303e-01;4.441766440868377686e-01
-1.519712209701538086e-01;-3.021894991397857666e-01;4.551338255405426025e-01
-1.299610137939453125e-01;-2.562570869922637939e-01;4.961992502212524414e-01
-1.379267871379852295e-01;-1.358224749565124512e-01;4.106214046478271484e-01
-3.648102283477783203e-02;-1.768559217453002930e-01;4.019483923912048340e-01
-3.562599122524261475e-01;-1.163981035351753235e-01;-6.046299338340759277e-01
-2.391067445278167725e-01;-3.488571941852569580e-01;-4.628556668758392334e-01
-1.732328534126281738e-01;-2.468703389167785645e-01;-5.685144662857055664e-01
-1.612532138824462891e-01;-3.151484727859497070e-01;-4.799267947673797607e-01
-2.942751348018646240e-01;-1.736182868480682373e-01;-4.152892827987670898e-01
-2.711152136325836182e-01;-7.352595776319503784e-02;-5.783107876777648926e-01
-2.023041695356369019e-01;-8.359451591968536377e-02;-5.246564745903015137e-01
-2.108264118432998657e-01;-6.488334387540817261e-02;-3.253574371337890625e-01
-1.455845087766647339e-01;-1.030714511871337891e-01;-2.573978006839752197e-01
-2.590890228748321533e-01;3.452123701572418213e-02;-4.159803390502929688e-01
-4.171220958232879639e-01;-6.353471875190734863e-01;-6.498792171478271484e-01
-3.048292696475982666e-01;-6.506058573722839355e-01;-4.962640404701232910e-01
-3.861812055110931396e-01;-3.688786029815673828e-01;-6.275064349174499512e-01
-3.782595098018646240e-01;-3.991833031177520752e-01;-5.883765220642089844e-01
-3.775057196617126465e-01;-3.213165104389190674e-01;-5.873343348503112793e-01
-1.670588552951812744e-01;-5.400165915489196777e-01;-5.685145854949951172e-01
-2.056763172149658203e-01;-6.541033387184143066e-01;-4.149349927902221680e-01
-2.400749027729034424e-01;-5.922832489013671875e-01;-4.325785040855407715e-01
-1.552049219608306885e-01;-4.577533304691314697e-01;-5.247859954833984375e-01
-1.383391916751861572e-01;-4.611440896987915039e-01;-5.684574246406555176e-01
