-3.396146893501281738e-01;2.410069555044174194e-01;5.050483942031860352e-01
-3.405763208866119385e-01;2.392824739217758179e-01;-4.622640609741210938e-01
-4.430555999279022217e-01;-3.880909681320190430e-01;5.292261242866516113e-01
-3.140396773815155029e-01;-1.283927261829376221e-01;-4.314291179180145264e-01
-3.705336749553680420e-01;-4.253183901309967041e-01;-4.492411911487579346e-01
-3.158985376358032227e-01;1.407583206892013550e-01;-4.022103846073150635e-01
-3.589254021644592285e-01;-2.363729923963546753e-01;-4.186211228370666504e-01
-4.879942238330841064e-01;6.783266365528106689e-02;-5.401458740234375000e-01
-2.877945005893707275e-01;-1.302035450935363770e-01;4.330866634845733643e-01
1.857749521732330322e-01;-1.237061247229576111e-01;-1.252176892012357712e-02
1.814224272966384888e-01;-2.059667110443115234e-01;3.970470279455184937e-02
2.031370550394058228e-01;4.198375716805458069e-02;-4.283851012587547302e-02
-3.714555799961090088e-01;-6.503750085830688477e-01;-4.711272716522216797e-01
-2.768368422985076904e-01;2.583000436425209045e-02;4.568750858306884766e-01
-3.161055743694305420e-01;-1.445553600788116455e-01;-3.601979911327362061e-01
2.103666514158248901e-01;2.406313717365264893e-01;-5.387832596898078918e-02
-3.297875225543975830e-01;2.635499536991119385e-01;-3.778322935104370117e-01
-3.658931851387023926e-01;-4.539748132228851318e-01;4.622209668159484863e-01
1.850819438695907593e-01;3.560164570808410645e-01;1.433500205166637897e-03
-4.253481328487396240e-01;-2.330752015113830566e-01;4.979653656482696533e-01
2.246616035699844360e-01;8.595438301563262939e-02;1.184402629733085632e-01
-4.634805917739868164e-01;5.220187902450561523e-01;-5.200930833816528320e-01
2.245852053165435791e-01;-1.079611703753471375e-01;-7.366063445806503296e-02
-2.147759646177291870e-01;-4.786838963627815247e-02;-3.698439002037048340e-01
-4.486203491687774658e-01;6.911681294441223145e-01;5.520018339157104492e-01
1.130650341510772705e-01;-1.443622708320617676e-01;1.140308529138565063e-01
2.230161130428314209e-01;2.620661854743957520e-01;1.256553381681442261e-01
9.102169424295425415e-02;-2.921014428138732910e-01;8.123961836099624634e-02
7.092193514108657837e-02;5.608905106782913208e-02;4.598943889141082764e-02
2.080811411142349243e-01;3.984428048133850098e-01;-5.843462795019149780e-02
2.559593915939331055e-01;-7.927546501159667969e-01;-4.506234824657440186e-01
9.278287738561630249e-02;-4.024040400981903076e-01;4.137685522437095642e-02
6.194053590297698975e-02;1.497396379709243774e-01;2.399646490812301636e-02
9.777591377496719360e-02;3.487574756145477295e-01;8.715944737195968628e-02
2.422714680433273315e-01;-1.556700021028518677e-01;1.534492373466491699e-01
1.888875812292098999e-01;5.216345787048339844e-01;3.586554899811744690e-02
2.227225750684738159e-01;-3.924301862716674805e-01;-8.798241615295410156e-02
3.584226220846176147e-02;4.073265939950942993e-02;1.442728936672210693e-01
-3.834864795207977295e-01;4.999035894870758057e-01;4.740291237831115723e-01
-3.208019435405731201e-01;-4.145324230194091797e-01;3.746474385261535645e-01
-3.396030068397521973e-01;1.845581382513046265e-01;3.836486339569091797e-01
1.515351682901382446e-01;-9.694738686084747314e-02;-1.168180853128433228e-01
-1.321232467889785767e-01;2.167624384164810181e-01;3.172440528869628906e-01
-1.558476537466049194e-01;-2.647806107997894287e-01;3.611814975738525391e-01
-1.188543215394020081e-01;2.773964405059814453e-01;-2.395677566528320312e-01
-1.941003799438476562e-01;-8.816712535917758942e-03;-2.259144037961959839e-01
-2.559774518013000488e-01;-1.379574835300445557e-01;4.940777122974395752e-01
3.080179356038570404e-02;1.750775277614593506e-01;-9.765275567770004272e-02
-7.168269902467727661e-02;2.012476176023483276e-01;-2.032487690448760986e-01
2.550875544548034668e-01;7.871491909027099609e-01;-4.420174062252044678e-01
2.526138722896575928e-01;7.913424968719482422e-01;-4.330367147922515869e-01
-4.772231280803680420e-01;5.057926774024963379e-01;5.742976069450378418e-01
2.503806317690759897e-04;-9.865536540746688843e-02;1.253737807273864746e-01
-2.153425365686416626e-01;4.512844681739807129e-01;3.548281490802764893e-01
-1.622027158737182617e-01;-3.497722446918487549e-01;-2.387910336256027222e-01
2.550989985466003418e-01;-7.939484119415283203e-01;4.864118099212646484e-01
-3.999092802405357361e-02;-1.583315730094909668e-01;-2.051916867494583130e-01
-4.663025736808776855e-01;2.741504609584808350e-01;5.281308293342590332e-01
2.533807158470153809e-01;-7.960242033004760742e-01;-4.310099482536315918e-01
2.354717850685119629e-01;-3.294821083545684814e-01;1.598651856184005737e-01
-3.539119064807891846e-01;-1.482347697019577026e-01;3.698580265045166016e-01
-8.244600147008895874e-02;2.413063496351242065e-01;2.188717722892761230e-01
8.491567522287368774e-02;5.343592166900634766e-01;-9.786582551896572113e-03
-3.333175182342529297e-01;-5.708342790603637695e-01;-3.655332922935485840e-01
2.476917803287506104e-01;7.990865707397460938e-01;-4.071055650711059570e-01
2.048807740211486816e-01;7.872117757797241211e-01;4.938051700592041016e-01
-2.357856370508670807e-02;-2.751676440238952637e-01;1.649120450019836426e-01
1.682263463735580444e-01;1.243579536676406860e-01;1.840466409921646118e-01
-4.737340658903121948e-02;-2.012632936239242554e-01;2.503485977649688721e-01
1.655015945434570312e-01;-2.734687030315399170e-01;-1.306958049535751343e-01
-1.324885487556457520e-01;2.309494018554687500e-01;-3.179398477077484131e-01
-2.590243220329284668e-01;-9.009990096092224121e-02;2.946712374687194824e-01
-2.135910093784332275e-03;2.939418256282806396e-01;1.070507839322090149e-01
2.492707967758178711e-01;7.970108985900878906e-01;4.529486000537872314e-01
1.392048150300979614e-01;4.154987633228302002e-01;-1.190619170665740967e-01
-1.019029468297958374e-01;-2.507956624031066895e-01;-1.550927758216857910e-01
2.145947813987731934e-01;7.902402281761169434e-01;-4.270803630352020264e-01
1.375497877597808838e-01;-3.760352134704589844e-01;1.697108298540115356e-01
-5.161165073513984680e-02;1.648790687322616577e-01;1.535306721925735474e-01
1.929170936346054077e-01;-6.331849098205566406e-01;6.254730746150016785e-03
2.477570623159408569e-01;-8.077698349952697754e-01;4.442559480667114258e-01
-4.020062983036041260e-01;-5.703862309455871582e-01;4.315364062786102295e-01
-2.781505584716796875e-01;7.427991628646850586e-01;-4.284070134162902832e-01
-3.051949664950370789e-02;3.312161266803741455e-01;-1.127693504095077515e-01
4.275974258780479431e-02;6.856867671012878418e-02;-1.953611522912979126e-01
-5.127312615513801575e-03;-4.549945592880249023e-01;9.136591851711273193e-02
9.925626218318939209e-02;-6.366213411092758179e-02;2.196802794933319092e-01
9.589079767465591431e-02;6.127442121505737305e-01;9.675829112529754639e-02
1.450150758028030396e-01;4.324971139430999756e-01;1.765170097351074219e-01
1.834519952535629272e-01;-7.997375726699829102e-01;-4.242729842662811279e-01
1.944347470998764038e-01;-6.500127911567687988e-01;4.816802591085433960e-02
4.678815230727195740e-02;-9.792163968086242676e-02;-1.937659531831741333e-01
-2.731336466968059540e-02;7.895680516958236694e-02;-2.511237747967243195e-02
-1.606379821896553040e-02;4.821499288082122803e-01;3.199841082096099854e-02
2.907015010714530945e-02;2.437656223773956299e-01;-1.958826631307601929e-01
-4.486929178237915039e-01;-6.819836497306823730e-01;5.540698170661926270e-01
2.444130182266235352e-01;-8.130530714988708496e-01;4.289681315422058105e-01
-1.423989981412887573e-01;-3.344727754592895508e-01;1.964937895536422729e-01
5.897590517997741699e-02;4.601624906063079834e-01;-1.282248497009277344e-01
2.456088662147521973e-01;8.032672405242919922e-01;4.340198934078216553e-01
-2.091431319713592529e-01;5.962685346603393555e-01;3.289026618003845215e-01
-1.592885404825210571e-01;-5.285327434539794922e-01;3.588787615299224854e-01
1.619768738746643066e-01;-8.022272586822509766e-01;4.671808183193206787e-01
-2.572689205408096313e-02;2.582992911338806152e-01;-1.124574895948171616e-02
-2.628621459007263184e-01;-2.480861842632293701e-01;2.773494720458984375e-01
-1.798393875360488892e-01;-4.421093165874481201e-01;2.324867397546768188e-01
-2.431252449750900269e-01;4.340202808380126953e-01;4.937614202499389648e-01
1.893102377653121948e-01;-8.078163266181945801e-01;-3.997269868850708008e-01
1.303187906742095947e-01;5.646377801895141602e-01;1.548932194709777832e-01
-8.379577775485813618e-04;4.808230791240930557e-03;2.913010418415069580e-01
1.866714358329772949e-01;-1.559276878833770752e-02;2.165308892726898193e-01
-2.399085462093353271e-01;4.789420962333679199e-01;-4.506082236766815186e-01
4.232328385114669800e-02;2.658810317516326904e-01;2.404776215553283691e-01
-2.727980017662048340e-01;6.706715822219848633e-01;-3.173024058341979980e-01
-1.400745846331119537e-02;-5.927373766899108887e-01;-9.493775665760040283e-03
-4.053146019577980042e-02;-7.278119772672653198e-02;4.860224574804306030e-02
5.181446298956871033e-02;-7.948637008666992188e-01;4.937949478626251221e-01
-2.845270335674285889e-01;-8.109217882156372070e-01;4.985799193382263184e-01
1.952205747365951538e-01;6.786136031150817871e-01;-2.269439026713371277e-02
-1.206384897232055664e-01;-9.132595732808113098e-03;-3.503500521183013916e-01
4.966588318347930908e-02;-7.941737771034240723e-01;-4.506243765354156494e-01
2.174033075571060181e-01;7.500170469284057617e-01;-4.311171472072601318e-01
-4.002743214368820190e-02;-2.387569844722747803e-01;1.279327925294637680e-02
-2.317929416894912720e-01;-6.811055541038513184e-01;3.524973094463348389e-01
1.267055124044418335e-01;-6.383424401283264160e-01;-1.031762287020683289e-01
5.558112263679504395e-02;1.702498346567153931e-01;2.497137486934661865e-01
1.817405372858047485e-01;2.803190350532531738e-01;2.138430774211883545e-01
2.424111962318420410e-01;8.064529299736022949e-01;-3.722740709781646729e-01
2.421989589929580688e-01;-8.148772716522216797e-01;-3.710042834281921387e-01
2.644029855728149414e-01;-5.238279700279235840e-02;-1.748991459608078003e-01
-9.082889556884765625e-02;-4.225523173809051514e-01;1.281761825084686279e-01
2.399468272924423218e-01;-8.201030492782592773e-01;4.037407338619232178e-01
-3.077990710735321045e-01;2.276108264923095703e-01;-2.647983729839324951e-01
-1.117768436670303345e-01;-5.350888967514038086e-01;-2.510067224502563477e-01
2.296705991029739380e-01;-6.047542691230773926e-01;2.005464434623718262e-01
2.442059814929962158e-01;7.839214205741882324e-01;4.122056961059570312e-01
-3.619661331176757812e-01;8.627315610647201538e-02;-3.148575723171234131e-01
2.128473669290542603e-01;-7.352462410926818848e-01;4.938046634197235107e-01
-3.522311151027679443e-01;-4.344064295291900635e-01;-3.157130479812622070e-01
9.057038277387619019e-02;-6.964776515960693359e-01;1.154239997267723083e-01
1.231777742505073547e-01;3.593872487545013428e-01;-1.889313608407974243e-01
-4.575219936668872833e-03;4.574208557605743408e-01;-2.171876132488250732e-01
-3.989385068416595459e-02;-5.768184065818786621e-01;1.890701949596405029e-01
-3.303220868110656738e-02;-1.133789718151092529e-01;3.350697159767150879e-01
-7.997084408998489380e-02;-5.257087349891662598e-01;-7.383711636066436768e-02
-2.376003861427307129e-01;7.467309236526489258e-01;-3.519708216190338135e-01
-2.138196229934692383e-01;-7.636005282402038574e-01;-4.163312911987304688e-01
-4.077459871768951416e-01;1.087158322334289551e-01;4.019152522087097168e-01
2.475551515817642212e-02;-4.055563807487487793e-01;-2.135095298290252686e-01
2.121060900390148163e-02;6.565455794334411621e-01;1.441307812929153442e-01
-2.842911146581172943e-02;7.900362014770507812e-01;-4.506238102912902832e-01
1.857308112084865570e-02;7.888392210006713867e-01;4.938054382801055908e-01
-3.958443701267242432e-01;7.235062718391418457e-01;4.498210251331329346e-01
2.379040122032165527e-01;8.150204420089721680e-01;3.921558856964111328e-01
2.359493374824523926e-01;-8.264702558517456055e-01;3.813183009624481201e-01
-3.298409581184387207e-01;-2.978202104568481445e-01;3.166887462139129639e-01
-3.854574859142303467e-01;7.899902462959289551e-01;-4.767996072769165039e-01
9.888159483671188354e-02;7.491306662559509277e-01;-6.164576485753059387e-02
-6.783226877450942993e-02;6.896156668663024902e-01;-1.944306679069995880e-02
-1.254367362707853317e-02;-4.857107624411582947e-02;-2.907669246196746826e-01
2.618632018566131592e-01;2.830443680286407471e-01;-1.979334950447082520e-01
2.361113280057907104e-01;-8.237767815589904785e-01;-3.378210663795471191e-01
-6.429441273212432861e-02;8.310649394989013672e-01;3.386955708265304565e-02
-3.351998925209045410e-01;3.729821443557739258e-01;-2.836802601814270020e-01
-1.447594314813613892e-01;-4.605996906757354736e-01;-1.245288029313087463e-01
-2.742809653282165527e-01;-7.386581897735595703e-01;3.345370292663574219e-01
-1.042467281222343445e-01;1.209872290492057800e-01;-5.698950961232185364e-02
2.516460418701171875e-01;4.472494423389434814e-01;2.519785463809967041e-01
2.418297380208969116e-01;6.038800477981567383e-01;-2.304029911756515503e-01
-7.692545652389526367e-02;-6.227168440818786621e-01;-1.765372753143310547e-01
2.361614406108856201e-01;8.182960152626037598e-01;3.812310993671417236e-01
-2.297104001045227051e-01;-8.183691501617431641e-01;-3.877352178096771240e-01
1.123523339629173279e-01;7.707682251930236816e-01;1.741941645741462708e-02
-7.452691346406936646e-02;8.014140129089355469e-01;4.570766091346740723e-01
-1.895326226949691772e-01;-7.492315769195556641e-01;3.528539836406707764e-01
2.363892346620559692e-01;8.164963722229003906e-01;-3.367669880390167236e-01
-3.753563016653060913e-02;-8.470723032951354980e-01;-5.991047248244285583e-03
2.334603071212768555e-01;-8.277432322502136230e-01;-3.267773091793060303e-01
-4.108902812004089355e-02;6.077147126197814941e-01;2.502028942108154297e-01
-3.217775225639343262e-01;4.963624179363250732e-01;-2.651407122611999512e-01
-1.109634488821029663e-01;6.009516716003417969e-01;-9.213890880346298218e-02
-1.024823114275932312e-01;-2.243936955928802490e-01;-6.326620280742645264e-02
2.637252807617187500e-01;-2.801764607429504395e-01;-2.102756351232528687e-01
-1.556833684444427490e-01;5.314705967903137207e-01;1.643867641687393188e-01
3.200504928827285767e-02;1.223824396729469299e-01;-2.712486982345581055e-01
2.361437976360321045e-01;-7.135992050170898438e-01;-2.524641454219818115e-01
1.994215101003646851e-01;-2.574393451213836670e-01;-2.128679454326629639e-01
2.526327371597290039e-01;-5.077254176139831543e-01;-2.390569895505905151e-01
-1.118597611784934998e-01;1.677541732788085938e-01;8.131802827119827271e-02
2.021589577198028564e-01;-1.542495787143707275e-01;2.617938518524169922e-01
-4.439906179904937744e-01;6.317149400711059570e-01;4.785041511058807373e-01
-1.493634134531021118e-01;8.097342252731323242e-01;4.256010651588439941e-01
-3.322815001010894775e-01;-1.041502207517623901e-01;-2.600906193256378174e-01
-1.489555388689041138e-01;-6.830164790153503418e-01;-1.750009804964065552e-01
1.890336126089096069e-01;7.488330602645874023e-01;-3.316604197025299072e-01
1.904809623956680298e-01;-7.236341238021850586e-01;4.492585957050323486e-01
-7.481847703456878662e-02;6.875194907188415527e-01;-1.515201330184936523e-01
-1.399715393781661987e-01;-8.155955076217651367e-01;1.136820390820503235e-01
-3.213910385966300964e-02;5.172224044799804688e-01;-2.824257314205169678e-01
2.318438738584518433e-01;8.226960897445678711e-01;-3.156850039958953857e-01
-4.522505700588226318e-01;-2.846362292766571045e-01;-5.109510421752929688e-01
-3.338779807090759277e-01;-3.829890787601470947e-01;-4.604437351226806641e-01
-3.737873733043670654e-01;-1.373486313968896866e-02;4.495233595371246338e-01
-2.674463689327239990e-01;-1.618222445249557495e-01;3.994009196758270264e-01
-3.738269209861755371e-01;-2.025783658027648926e-01;4.489580988883972168e-01
-2.612689733505249023e-01;1.058146208524703979e-01;3.978078067302703857e-01
1.824173629283905029e-01;-6.911124289035797119e-02;7.599788904190063477e-02
1.276093125343322754e-01;-3.888439759612083435e-02;1.232111640274524689e-02
1.242879107594490051e-01;2.674767002463340759e-02;8.981260471045970917e-03
1.371458768844604492e-01;1.617034673690795898e-01;2.750054746866226196e-02
1.787827461957931519e-01;-6.401128321886062622e-02;-5.594722181558609009e-02
-4.106245338916778564e-01;-6.626476645469665527e-01;-4.866477549076080322e-01
1.300450116395950317e-01;-2.579148709774017334e-01;2.155034989118576050e-02
1.224098503589630127e-01;2.592172324657440186e-01;-8.603739552199840546e-03
-3.293404281139373779e-01;-4.104188382625579834e-01;4.232001602649688721e-01
1.731259375810623169e-01;3.475963473320007324e-01;7.456424832344055176e-02
1.248502656817436218e-01;-3.345077633857727051e-01;1.329871546477079391e-02
1.774231940507888794e-01;-2.740757465362548828e-01;-6.359668076038360596e-02
2.059692740440368652e-01;-3.020424246788024902e-01;1.092576906085014343e-01
2.094906270503997803e-01;1.899402886629104614e-01;-8.728047460317611694e-02
2.291536480188369751e-01;1.275080293416976929e-01;1.336280256509780884e-01
2.041755467653274536e-01;-2.061706781387329102e-01;-8.393329381942749023e-02
1.394178867340087891e-01;-3.983936309814453125e-01;-3.848200663924217224e-02
1.332355141639709473e-01;-4.609117507934570312e-01;3.505765646696090698e-02
-3.510504961013793945e-01;4.419864118099212646e-01;4.330381155014038086e-01
1.868230551481246948e-01;3.375319242477416992e-01;-8.133815973997116089e-02
-2.585973441600799561e-01;-4.868255555629730225e-01;3.958873748779296875e-01
1.348701864480972290e-01;4.470528364181518555e-01;-3.711936250329017639e-02
2.339042574167251587e-01;-6.099217757582664490e-02;-1.099136322736740112e-01
2.578428089618682861e-01;-7.950010895729064941e-01;-4.401713907718658447e-01
2.335268259048461914e-01;2.374553084373474121e-01;1.506056189537048340e-01
-3.103913664817810059e-01;-5.337333679199218750e-01;4.137976467609405518e-01
1.698529273271560669e-01;-4.717552065849304199e-01;-7.553286105394363403e-02
-1.832728087902069092e-01;-3.163516521453857422e-01;3.730958700180053711e-01
2.326591312885284424e-01;-7.915179133415222168e-01;-4.506202340126037598e-01
1.308512389659881592e-01;5.403836369514465332e-01;3.794191405177116394e-02
2.534528672695159912e-01;7.924345135688781738e-01;-4.300130605697631836e-01
-1.690162867307662964e-01;3.091052174568176270e-01;3.699675202369689941e-01
2.579350769519805908e-01;7.833505272865295410e-01;-4.506181776523590088e-01
1.712941080331802368e-01;-5.675080418586730957e-01;9.207521378993988037e-02
2.534396052360534668e-01;7.833976149559020996e-01;-4.164378643035888672e-01
-2.513800263404846191e-01;-1.314751245081424713e-02;-4.508067965507507324e-01
1.985864788293838501e-01;7.898663878440856934e-01;-4.298366308212280273e-01
1.909553706645965576e-01;5.544196367263793945e-01;1.196234673261642456e-01
2.455054074525833130e-01;8.023552298545837402e-01;-3.950481116771697998e-01
-2.408719658851623535e-01;1.501483023166656494e-01;-4.506185054779052734e-01
1.277502030134201050e-01;6.334602236747741699e-01;4.423556104302406311e-02
1.301055401563644409e-01;6.138285398483276367e-01;-5.210610851645469666e-02
2.517072856426239014e-01;-7.863101959228515625e-01;-4.040039181709289551e-01
1.503628641366958618e-01;-6.483336687088012695e-01;7.373287528753280640e-02
1.809810996055603027e-01;5.526422262191772461e-01;-1.078527271747589111e-01
2.180077880620956421e-01;-7.735464572906494141e-01;-4.506199657917022705e-01
1.539928764104843140e-01;6.033279895782470703e-01;-8.276837319135665894e-02
1.093351319432258606e-01;-6.647843718528747559e-01;-6.300835404545068741e-03
2.451886981725692749e-01;2.501479983329772949e-01;-1.506237536668777466e-01
2.609522938728332520e-01;-8.876658976078033447e-02;2.020549476146697998e-01
-1.931743025779724121e-01;5.549833178520202637e-01;3.792348504066467285e-01
1.459542214870452881e-01;6.551896929740905762e-01;7.169730216264724731e-02
2.404519617557525635e-01;3.378178179264068604e-01;-1.613648235797882080e-01
2.070440202951431274e-01;5.864035487174987793e-01;1.569496691226959229e-01
2.208777666091918945e-01;-5.622503757476806641e-01;1.816100329160690308e-01
1.710753440856933594e-01;7.415274381637573242e-01;-4.506201148033142090e-01
2.473136037588119507e-01;8.059856891632080078e-01;-3.778886497020721436e-01
9.725111722946166992e-02;-7.981051802635192871e-01;-4.320113062858581543e-01
2.037387043237686157e-01;-8.112014532089233398e-01;-3.865167200565338135e-01
2.509095966815948486e-01;-2.738372683525085449e-01;-1.677544564008712769e-01
-5.780564621090888977e-02;2.504533529281616211e-02;3.485972285270690918e-01
2.461594045162200928e-01;3.887537717819213867e-01;2.114928066730499268e-01
1.101395636796951294e-01;-7.217454910278320312e-01;2.689911425113677979e-02
2.360799312591552734e-01;-4.640981853008270264e-01;-1.862787008285522461e-01
-3.145449459552764893e-01;8.086475133895874023e-01;-3.844713568687438965e-01
2.497498393058776855e-01;-7.460796833038330078e-01;-3.814655542373657227e-01
-1.405365169048309326e-01;-8.095887899398803711e-01;-4.249864220619201660e-01
1.498457044363021851e-01;-7.397593855857849121e-01;9.128028899431228638e-02
1.768073290586471558e-01;-8.223677277565002441e-01;3.872964084148406982e-01
1.769630908966064453e-01;-6.969811916351318359e-01;-1.379183679819107056e-01
2.301419079303741455e-01;-6.477108001708984375e-01;2.429546117782592773e-01
2.295632064342498779e-01;5.642505884170532227e-01;-2.094006687402725220e-01
-2.196656912565231323e-01;-8.168801665306091309e-01;-4.023937582969665527e-01
-8.869414776563644409e-02;-4.672431051731109619e-01;3.602263033390045166e-01
-6.340844184160232544e-02;8.312938213348388672e-01;1.429796963930130005e-02
2.378830015659332275e-01;8.146440386772155762e-01;-3.456353843212127686e-01
2.429108172655105591e-01;-5.344012975692749023e-01;2.563624382019042969e-01
2.450080364942550659e-01;8.176043033599853516e-01;3.850143253803253174e-01
-5.662164092063903809e-02;8.335130214691162109e-01;5.317690968513488770e-02
-1.389493793249130249e-01;-6.694681048393249512e-01;3.721780180931091309e-01
-6.249979138374328613e-02;-2.926031351089477539e-01;3.530764579772949219e-01
-2.098525874316692352e-02;8.448585867881774902e-01;-4.532074555754661560e-03
2.499421387910842896e-01;4.324536621570587158e-01;2.484490126371383667e-01
2.323046475648880005e-01;-8.049498796463012695e-01;-3.283872902393341064e-01
-1.693302094936370850e-01;7.842262387275695801e-01;-4.506251513957977295e-01
-1.258934140205383301e-01;8.040370345115661621e-01;-4.122464060783386230e-01
-1.367656793445348740e-02;8.464945554733276367e-01;-3.630272671580314636e-02
1.165247038006782532e-01;-8.143146038055419922e-01;-3.651243150234222412e-01
9.512615948915481567e-02;-7.866966128349304199e-01;1.257102657109498978e-02
8.696805685758590698e-03;8.540958762168884277e-01;4.766278341412544250e-02
-9.405018389225006104e-02;-8.292806744575500488e-01;7.175679504871368408e-02
-2.848044224083423615e-02;8.006168603897094727e-01;-4.037330448627471924e-01
-7.741238921880722046e-02;-8.338553905487060547e-01;-2.039817906916141510e-02
-5.467745289206504822e-02;-8.415658473968505859e-01;-5.168826319277286530e-03
