-3.428964316844940186e-01;-3.866703212261199951e-01;5.521580576896667480e-01
-2.945827245712280273e-01;1.808862835168838501e-01;-5.070602893829345703e-01
-3.172255456447601318e-01;4.026378393173217773e-01;5.465613603591918945e-01
2.347905933856964111e-01;1.227896735072135925e-01;4.571376740932464600e-02
-2.819721102714538574e-01;2.758858501911163330e-01;-5.383451581001281738e-01
-3.059254586696624756e-01;2.714696526527404785e-01;4.786757826805114746e-01
2.474864274263381958e-01;-1.602385006844997406e-02;-7.985650748014450073e-02
2.414367347955703735e-01;-2.326190620660781860e-01;-5.815866962075233459e-02
-2.611633241176605225e-01;-8.565834909677505493e-02;-4.997905194759368896e-01
2.342429310083389282e-01;3.609082996845245361e-01;-2.267899177968502045e-02
-3.295019567012786865e-01;1.631740778684616089e-01;4.584216475486755371e-01
2.506088316440582275e-01;-1.908695846796035767e-01;-8.448280394077301025e-02
-3.691372573375701904e-01;4.027646407485008240e-02;5.606878399848937988e-01
2.395814657211303711e-01;-3.323555290699005127e-01;4.763197526335716248e-02
-4.622751176357269287e-01;1.549842506647109985e-01;-5.869856476783752441e-01
-4.218982756137847900e-01;9.640359878540039062e-02;-5.819323658943176270e-01
-1.695343852043151855e-01;1.333852410316467285e-01;-3.169354498386383057e-01
-2.344447076320648193e-01;1.931496858596801758e-01;5.389171838760375977e-01
1.539007425308227539e-01;1.253549754619598389e-01;7.734661549329757690e-02
1.583728939294815063e-01;1.146918237209320068e-01;-1.023585945367813110e-01
1.403589993715286255e-01;-8.910351991653442383e-02;2.175173349678516388e-02
-4.493456184864044189e-01;-1.172255575656890869e-01;-6.011075377464294434e-01
-2.227310985326766968e-01;6.042145192623138428e-02;-4.875792860984802246e-01
-1.946642845869064331e-01;-1.463003903627395630e-01;4.076529741287231445e-01
-1.012083142995834351e-01;-6.298363208770751953e-03;-3.350739479064941406e-01
1.285337060689926147e-01;1.165490970015525818e-01;-1.867500692605972290e-02
1.287565529346466064e-01;3.209833428263664246e-02;-2.775352075695991516e-02
-7.179299741983413696e-02;1.288832724094390869e-01;-3.111585676670074463e-01
-2.527472376823425293e-01;-7.496280968189239502e-02;5.023333430290222168e-01
2.452170997858047485e-01;4.694700539112091064e-01;-6.271652877330780029e-02
-2.172656953334808350e-01;-3.465224206447601318e-01;-4.512672722339630127e-01
1.685974746942520142e-01;-2.310532182455062866e-01;-1.034844666719436646e-01
1.674066036939620972e-01;-9.118998795747756958e-02;1.154218390583992004e-01
-3.121733367443084717e-01;-3.819506168365478516e-01;-4.445880651473999023e-01
-3.634919226169586182e-01;7.201892137527465820e-01;-5.549393892288208008e-01
2.396388798952102661e-01;-4.521927237510681152e-01;-3.261021152138710022e-02
2.618233263492584229e-01;1.960064470767974854e-01;1.261566430330276489e-01
-9.384220093488693237e-02;1.262697577476501465e-01;3.412880599498748779e-01
-4.312821030616760254e-01;-3.237595856189727783e-01;5.416159033775329590e-01
-2.057672590017318726e-01;-3.324735164642333984e-01;4.484333395957946777e-01
1.478232145309448242e-01;-3.331657052040100098e-01;-6.921695917844772339e-02
1.343682855367660522e-01;3.802109658718109131e-01;3.662207722663879395e-02
1.592846959829330444e-01;2.297646701335906982e-01;1.271587312221527100e-01
-1.920099407434463501e-01;4.086202681064605713e-01;4.117736220359802246e-01
-3.552418351173400879e-01;5.584414601325988770e-01;-5.530624389648437500e-01
-3.494755029678344727e-01;4.587839543819427490e-01;-4.630804955959320068e-01
-1.774215102195739746e-01;3.690420389175415039e-01;3.793094456195831299e-01
-8.458103239536285400e-02;-7.096026092767715454e-02;3.316785693168640137e-01
-3.075676560401916504e-01;-5.566908046603202820e-02;4.057182371616363525e-01
-2.265725880861282349e-01;3.831364214420318604e-01;-4.896018803119659424e-01
2.379131764173507690e-01;5.867969393730163574e-01;2.220989391207695007e-02
2.500705122947692871e-01;4.949097931385040283e-01;9.610371291637420654e-02
1.226065605878829956e-01;3.058732151985168457e-01;-1.533001959323883057e-01
3.365301713347434998e-02;-6.102308630943298340e-02;1.725360453128814697e-01
-2.625501453876495361e-01;-1.043723002076148987e-01;3.548833727836608887e-01
6.159971933811903000e-03;-1.481308490037918091e-01;1.798095554113388062e-01
-2.523097991943359375e-01;2.215183228254318237e-01;3.741613328456878662e-01
-3.140819668769836426e-01;5.242208838462829590e-01;-4.386321604251861572e-01
1.314311921596527100e-01;-4.045281112194061279e-01;2.383873797953128815e-02
-3.092848956584930420e-01;-7.297707796096801758e-01;5.465965867042541504e-01
1.926933825016021729e-01;-4.822249338030815125e-02;-1.716266423463821411e-01
2.596106827259063721e-01;4.414665997028350830e-01;1.314367055892944336e-01
-1.185354962944984436e-01;1.358011960983276367e-01;2.359992265701293945e-01
7.047548145055770874e-02;2.460837662220001221e-01;6.680500507354736328e-02
-3.153661787509918213e-01;5.947564244270324707e-01;4.470186531543731689e-01
-2.871190197765827179e-02;-1.983915418386459351e-01;-1.971480548381805420e-01
2.735953629016876221e-01;-1.120892632752656937e-02;-1.601975709199905396e-01
2.734380662441253662e-01;1.548296362161636353e-01;-1.648665070533752441e-01
2.528242170810699463e-01;-5.025762319564819336e-01;9.968577325344085693e-02
6.646964233368635178e-03;9.196372330188751221e-02;-1.330354362726211548e-01
2.447344958782196045e-01;6.552885174751281738e-01;-4.716969653964042664e-02
-4.279393553733825684e-01;-7.395589351654052734e-02;5.882639288902282715e-01
6.318423897027969360e-02;-2.944435775279998779e-01;-5.234529078006744385e-02
-2.068320214748382568e-01;-5.049939751625061035e-01;-4.916201233863830566e-01
7.154919207096099854e-02;4.059456586837768555e-01;1.008982211351394653e-01
2.736620903015136719e-01;-2.396946400403976440e-01;-1.736391037702560425e-01
1.890234202146530151e-01;4.206125438213348389e-01;-1.674380451440811157e-01
-1.829290688037872314e-01;-5.346603989601135254e-01;4.467099905014038086e-01
-2.497989833354949951e-01;8.040264844894409180e-01;5.395756959915161133e-01
-6.110863760113716125e-02;3.055208623409271240e-01;-3.498774170875549316e-01
2.405652850866317749e-01;-6.114220619201660156e-01;2.259672153741121292e-03
-8.793288469314575195e-02;-1.139726787805557251e-01;3.851803243160247803e-01
-3.461420536041259766e-01;4.685090109705924988e-02;-4.123337864875793457e-01
-8.887800574302673340e-02;-4.111376702785491943e-01;-3.090789318084716797e-01
-7.561195641756057739e-02;-1.876854598522186279e-01;-3.818514049053192139e-01
-7.128562778234481812e-02;1.516015827655792236e-01;-1.809533983469009399e-01
-1.401900127530097961e-02;-8.282601833343505859e-02;-1.327866911888122559e-01
-5.818570405244827271e-02;3.827445209026336670e-01;2.109809666872024536e-01
-1.513526886701583862e-01;5.412738323211669922e-01;3.135004937648773193e-01
3.934034705162048340e-02;-1.853985637426376343e-01;-9.862316772341728210e-03
-4.406345188617706299e-01;5.039338469505310059e-01;5.424743890762329102e-01
6.397098768502473831e-03;-1.915852427482604980e-01;-2.992974817752838135e-01
-5.635464936494827271e-02;2.265565246343612671e-01;-1.612669229507446289e-01
1.398289352655410767e-01;1.871911883354187012e-01;-2.275596559047698975e-01
-2.370879948139190674e-01;7.447028756141662598e-01;4.659616351127624512e-01
-1.177466213703155518e-01;-5.399463772773742676e-01;-3.688279092311859131e-01
-1.861168742179870605e-01;4.219389557838439941e-01;4.917015731334686279e-01
6.524868309497833252e-03;-3.698920011520385742e-01;-1.316339522600173950e-01
7.040070742368698120e-02;5.549356341361999512e-01;-5.689335986971855164e-02
2.184713631868362427e-01;-1.088483929634094238e-01;1.989992856979370117e-01
2.691045105457305908e-01;-4.894626736640930176e-01;-1.705539226531982422e-01
8.144295960664749146e-02;-1.500718593597412109e-01;-2.666950821876525879e-01
-1.700301095843315125e-02;-1.455749720335006714e-01;1.041818931698799133e-01
-4.937829375267028809e-01;-3.983206152915954590e-01;-6.417803764343261719e-01
5.461576511152088642e-04;-2.556696832180023193e-01;-3.132561743259429932e-01
9.908615052700042725e-02;-4.637801647186279297e-01;1.656954437494277954e-01
-4.828251898288726807e-01;-5.349785685539245605e-01;6.343303322792053223e-01
-4.346445202827453613e-01;6.542654037475585938e-01;-5.308620929718017578e-01
-4.838603436946868896e-01;5.178813338279724121e-01;6.337853074073791504e-01
5.939863994717597961e-02;-5.139583349227905273e-01;-3.661228343844413757e-02
1.596102304756641388e-02;5.074031352996826172e-01;1.549115478992462158e-01
-2.012143135070800781e-01;4.599314630031585693e-01;5.386009216308593750e-01
3.434552252292633057e-02;-4.567213356494903564e-01;-2.165180742740631104e-01
2.581667304039001465e-01;7.091997265815734863e-01;-1.295485794544219971e-01
-1.759393960237503052e-01;-2.793896198272705078e-01;4.869746565818786621e-01
2.030603587627410889e-01;-2.502565979957580566e-01;2.090023607015609741e-01
-1.629921644926071167e-01;-2.551680207252502441e-01;2.296065092086791992e-01
-1.560788005590438843e-01;-5.273616909980773926e-01;-2.838737368583679199e-01
1.874153874814510345e-02;-3.487617969512939453e-01;2.853454947471618652e-01
5.558590218424797058e-02;-5.234137177467346191e-01;1.323479115962982178e-01
2.701047658920288086e-01;5.390320420265197754e-01;1.883163154125213623e-01
-6.976862903684377670e-03;-2.451958805322647095e-01;-7.825300097465515137e-02
-1.948459595441818237e-01;6.705780625343322754e-01;-5.357209444046020508e-01
-3.231659531593322754e-01;-6.561717987060546875e-01;-4.199981093406677246e-01
-3.247554227709770203e-02;5.526011586189270020e-01;2.854479253292083740e-01
1.400902271270751953e-01;5.206803679466247559e-01;-2.083310037851333618e-01
9.887834638357162476e-02;3.793329596519470215e-01;2.489801943302154541e-01
-2.708499729633331299e-01;-3.638396561145782471e-01;3.191600441932678223e-01
-9.727099910378456116e-03;1.245392337441444397e-01;4.924668744206428528e-02
1.393036693334579468e-01;-1.689923107624053955e-01;2.411453276872634888e-01
-1.605833619832992554e-01;7.479451298713684082e-01;-4.162085056304931641e-01
-2.060164660215377808e-01;-7.313949465751647949e-01;4.768592417240142822e-01
-1.589575409889221191e-01;-6.657465100288391113e-01;-4.212502241134643555e-01
1.853719502687454224e-01;6.509521603584289551e-01;1.623666882514953613e-01
-1.094692051410675049e-01;-3.297580182552337646e-01;-4.352994561195373535e-01
-2.393112704157829285e-02;-1.680307090282440186e-01;3.653943538665771484e-01
-4.848358035087585449e-01;-3.452183008193969727e-01;-6.026977300643920898e-01
2.392259538173675537e-01;7.792190313339233398e-01;2.127216197550296783e-02
2.777884304523468018e-01;4.268715381622314453e-01;-2.161857634782791138e-01
8.545435965061187744e-02;7.215192317962646484e-01;6.434009969234466553e-02
2.815830111503601074e-01;1.201783865690231323e-01;-2.164210677146911621e-01
-2.131785266101360321e-02;6.215320229530334473e-01;-2.750841081142425537e-01
-1.752710789442062378e-01;8.068097233772277832e-01;-4.733249545097351074e-01
-2.129857540130615234e-01;-7.320249676704406738e-01;4.257485568523406982e-01
-2.784671783447265625e-01;6.678130030632019043e-01;3.592176139354705811e-01
-4.839286506175994873e-01;-4.299093484878540039e-01;-5.994886159896850586e-01
-8.511234819889068604e-02;7.932687401771545410e-01;5.386571288108825684e-01
-2.753889933228492737e-02;-5.427779555320739746e-01;2.813488841056823730e-01
-2.825282812118530273e-01;-7.241048216819763184e-01;-3.948172926902770996e-01
-1.806827932596206665e-01;6.732915639877319336e-01;-2.949951589107513428e-01
-9.991049021482467651e-02;-2.108699176460504532e-03;1.427115350961685181e-01
2.103724777698516846e-01;-7.676101326942443848e-01;-3.687003254890441895e-02
-1.744300574064254761e-01;-6.440868973731994629e-01;5.386546254158020020e-01
2.204730957746505737e-01;8.465732336044311523e-01;-4.504878818988800049e-02
2.176397293806076050e-01;-7.715932130813598633e-01;-6.145296618342399597e-02
1.711312234401702881e-01;8.070773482322692871e-01;-7.443360984325408936e-02
2.347614914178848267e-01;8.612050414085388184e-01;6.444671307690441608e-04
2.410069257020950317e-01;-7.834147810935974121e-01;-7.415997982025146484e-02
2.350883781909942627e-01;-7.884213328361511230e-01;1.042696880176663399e-03
-2.405548989772796631e-01;-7.248198390007019043e-01;3.473904430866241455e-01
1.215728595852851868e-01;-7.707843780517578125e-01;5.388777330517768860e-02
-8.162508904933929443e-02;-5.960189104080200195e-01;3.916053473949432373e-01
-1.546697318553924561e-01;-7.319902181625366211e-01;-4.592460989952087402e-01
1.299539655447006226e-01;-4.526281654834747314e-01;-2.417223900556564331e-01
2.218288481235504150e-01;8.490547537803649902e-01;1.941475644707679749e-02
-1.313936412334442139e-01;-7.219228744506835938e-01;-5.357978343963623047e-01
2.474470585584640503e-01;-7.392364740371704102e-01;-8.900332450866699219e-02
1.834705919027328491e-01;-7.755810022354125977e-01;-8.871207386255264282e-02
2.225999981164932251e-01;-7.755488157272338867e-01;3.267486020922660828e-02
-1.603683531284332275e-01;-6.693654060363769531e-01;-3.002045750617980957e-01
2.415390014648437500e-01;8.566232323646545410e-01;-7.402378320693969727e-02
2.000725828111171722e-02;-7.136061191558837891e-01;-5.357957482337951660e-01
1.482645422220230103e-01;-5.383181571960449219e-01;-2.198607623577117920e-01
-1.102496758103370667e-01;-6.676471233367919922e-01;3.228904306888580322e-01
-9.214693307876586914e-02;1.251155585050582886e-01;1.298162341117858887e-01
2.372270226478576660e-01;8.588104844093322754e-01;5.975483730435371399e-02
2.406628131866455078e-01;-7.845119237899780273e-01;6.544714421033859253e-02
2.553422152996063232e-01;-7.377049326896667480e-01;-1.357836276292800903e-01
-7.214952260255813599e-02;-6.106064915657043457e-01;-2.203980684280395508e-01
-2.260064631700515747e-01;-1.082108542323112488e-01;-2.470045387744903564e-01
2.516344785690307617e-01;-7.748349308967590332e-01;-1.290783733129501343e-01
2.123212367296218872e-01;2.568024210631847382e-02;2.435698360204696655e-01
2.437329143285751343e-01;-7.824620604515075684e-01;8.717805147171020508e-02
-8.562549948692321777e-02;-3.935993313789367676e-01;4.326623082160949707e-01
-1.743555217981338501e-01;-1.859015971422195435e-01;1.993447840213775635e-01
2.505449056625366211e-01;8.481003046035766602e-01;-1.277435570955276489e-01
2.431383542716503143e-02;7.679907679557800293e-01;-2.357307821512222290e-02
2.555785477161407471e-01;-7.715501189231872559e-01;-1.517786979675292969e-01
-3.439900577068328857e-01;-7.076118588447570801e-01;3.764416873455047607e-01
3.952351585030555725e-02;7.697851061820983887e-01;-7.905650138854980469e-02
-4.153923392295837402e-01;-5.281617119908332825e-02;4.516753554344177246e-01
2.290346622467041016e-01;8.439520001411437988e-01;9.747342765331268311e-02
2.540747523307800293e-01;8.461335301399230957e-01;-1.400982737541198730e-01
2.426126003265380859e-01;-7.524942159652709961e-01;-1.666885316371917725e-01
3.382227569818496704e-02;6.070374250411987305e-01;-3.200735747814178467e-01
2.479743510484695435e-01;-7.798477411270141602e-01;1.091474220156669617e-01
-1.092272475361824036e-01;7.446990609169006348e-01;4.185344278812408447e-01
1.374195367097854614e-01;-3.540877401828765869e-01;2.636147141456604004e-01
-1.467254906892776489e-01;-6.696626543998718262e-01;2.266443818807601929e-01
2.680573463439941406e-01;7.337990403175354004e-01;2.115029990673065186e-01
-3.371854722499847412e-01;-7.166846841573715210e-02;-5.499615073204040527e-01
2.305725812911987305e-01;1.617729514837265015e-01;7.085193693637847900e-02
1.831082403659820557e-01;1.244192644953727722e-01;-1.542056631296873093e-02
2.056290209293365479e-01;1.386853754520416260e-01;-6.935463100671768188e-02
-2.661384940147399902e-01;-4.404320940375328064e-02;4.381685554981231689e-01
-2.892321050167083740e-01;-1.580467671155929565e-01;4.470605552196502686e-01
1.857247501611709595e-01;-9.338811039924621582e-02;-9.273550473153591156e-03
-3.286128938198089600e-01;6.616889834403991699e-01;-5.452550649642944336e-01
-2.027507126331329346e-01;1.431871503591537476e-01;4.172041714191436768e-01
2.289723008871078491e-01;-1.955538541078567505e-01;7.122380286455154419e-02
2.253256440162658691e-01;-1.146690249443054199e-01;-9.743306040763854980e-02
1.992492377758026123e-01;-1.719642132520675659e-01;-6.970978528261184692e-02
2.471762448549270630e-01;2.381864376366138458e-02;1.004828736186027527e-01
1.930723488330841064e-01;3.456178307533264160e-01;1.807153970003128052e-02
-3.372070193290710449e-01;-2.232115119695663452e-01;4.664174914360046387e-01
1.800698935985565186e-01;-3.101806640625000000e-01;-2.986297383904457092e-02
-2.526876628398895264e-01;-3.587297499179840088e-01;4.311556518077850342e-01
1.791072785854339600e-01;3.717534244060516357e-01;-3.863076493144035339e-02
2.480408996343612671e-01;1.261774003505706787e-01;-1.297596096992492676e-01
1.870146393775939941e-01;-3.787918388843536377e-01;1.700071804225444794e-02
2.419089972972869873e-01;3.673947453498840332e-01;1.017764583230018616e-01
-3.206569254398345947e-01;3.683687746524810791e-01;4.578007459640502930e-01
2.347623854875564575e-01;3.461149930953979492e-01;-1.233226805925369263e-01
-1.682561337947845459e-01;2.800952196121215820e-01;4.070629775524139404e-01
1.991757005453109741e-01;-3.969544768333435059e-01;-8.546246588230133057e-02
1.834615319967269897e-01;-4.161289334297180176e-01;-6.291950494050979614e-02
-2.333553880453109741e-01;-4.761112332344055176e-01;4.245900213718414307e-01
-1.871307939291000366e-01;4.194969832897186279e-01;4.136425256729125977e-01
-3.206406831741333008e-01;5.472602844238281250e-01;4.572166204452514648e-01
1.708671748638153076e-01;5.321213603019714355e-01;-2.899147383868694305e-02
-2.242974489927291870e-01;2.843604236841201782e-02;-5.362734794616699219e-01
1.994790583848953247e-01;5.588555932044982910e-01;5.180870741605758667e-02
2.213361114263534546e-01;-4.741308689117431641e-01;8.261740952730178833e-02
-4.783983230590820312e-01;1.733523607254028320e-01;-6.297063231468200684e-01
2.417373657226562500e-01;-3.278680145740509033e-01;-1.438769400119781494e-01
2.620859444141387939e-01;-2.685023248195648193e-01;1.480487287044525146e-01
2.213351726531982422e-01;5.786678194999694824e-01;8.789934217929840088e-02
2.544666528701782227e-01;3.124615848064422607e-01;-1.602776944637298584e-01
2.655726671218872070e-01;7.888641208410263062e-02;-1.681853532791137695e-01
2.617045342922210693e-01;-1.795465648174285889e-01;-1.687153130769729614e-01
-4.255283772945404053e-01;1.389124989509582520e-01;5.057573914527893066e-01
2.544995546340942383e-01;4.867763817310333252e-01;1.494330763816833496e-01
-2.205570489168167114e-01;-2.677379250526428223e-01;-5.358813405036926270e-01
-9.567854553461074829e-02;2.558652460575103760e-01;3.935817778110504150e-01
2.254364192485809326e-01;-5.635339021682739258e-01;1.045032143592834473e-01
-1.957585066556930542e-01;5.036552548408508301e-01;-5.357764363288879395e-01
-2.204515337944030762e-01;-5.980815291404724121e-01;-5.357166528701782227e-01
1.641060858964920044e-01;-6.203224062919616699e-01;6.631251890212297440e-03
-1.372449547052383423e-01;-5.070405006408691406e-01;4.051996171474456787e-01
1.571118682622909546e-01;7.087808251380920410e-01;-3.772036731243133545e-02
-7.477229088544845581e-02;-1.936131119728088379e-01;3.899960815906524658e-01
-2.677401304244995117e-01;-7.321704030036926270e-01;4.402002990245819092e-01
2.426808476448059082e-01;-5.183514356613159180e-01;-1.885513663291931152e-01
1.959437578916549683e-01;7.020693421363830566e-01;-1.274545192718505859e-01
2.669095695018768311e-01;-4.007288217544555664e-01;1.889135092496871948e-01
2.724188268184661865e-01;2.691654860973358154e-01;-2.097302377223968506e-01
1.639593541622161865e-01;7.395693659782409668e-01;2.354129962623119354e-02
2.728745043277740479e-01;-1.529668122529983521e-01;-2.099251747131347656e-01
2.777040302753448486e-01;-1.318217068910598755e-01;2.062866836786270142e-01
2.599805295467376709e-01;5.891247987747192383e-01;1.853736937046051025e-01
-3.489127159118652344e-01;8.020767569541931152e-01;-4.816107749938964844e-01
1.900505870580673218e-01;-6.553342342376708984e-01;-1.259326785802841187e-01
1.964239329099655151e-01;-6.942533254623413086e-01;8.609852939844131470e-02
-3.923841118812561035e-01;-7.223818302154541016e-01;-5.058827400207519531e-01
1.335427165031433105e-01;-7.669491767883300781e-01;1.281629223376512527e-02
2.246859222650527954e-01;7.039227485656738281e-01;-1.813840568065643311e-01
1.312347948551177979e-01;8.328011631965637207e-01;-1.050552935339510441e-03
1.461879014968872070e-01;-7.230800390243530273e-01;-6.367799639701843262e-02
7.689335942268371582e-02;-7.638285756111145020e-01;-1.114036701619625092e-02
1.325344741344451904e-01;-7.501320838928222656e-01;-3.988044708967208862e-02
1.277721673250198364e-01;8.466923236846923828e-01;-1.433097873814404011e-03
9.886978566646575928e-02;-7.669327259063720703e-01;-4.023208841681480408e-02
1.251930445432662964e-01;8.459563851356506348e-01;-2.730722911655902863e-02
7.179373502731323242e-02;-7.624083757400512695e-01;-3.366564586758613586e-02
1.018070951104164124e-01;8.422331213951110840e-01;1.045288238674402237e-02
1.625881493091583252e-01;7.753499746322631836e-01;-9.376543760299682617e-02
1.302033066749572754e-01;-7.702769637107849121e-01;8.367851376533508301e-02
6.046201661229133606e-02;-7.603575587272644043e-01;3.257592394948005676e-02
1.027898862957954407e-01;8.417875766754150391e-01;3.874009475111961365e-02
1.191148534417152405e-01;-7.675491571426391602e-01;-8.468136191368103027e-02
7.938006520271301270e-02;8.375301957130432129e-01;4.015303403139114380e-02
-1.869330257177352905e-01;-5.094203352928161621e-01;-5.357002019882202148e-01
2.407758310437202454e-02;-7.133686542510986328e-01;-5.357957482337951660e-01
1.217324659228324890e-01;-7.672445178031921387e-01;-9.145309031009674072e-02
2.097675502300262451e-01;7.809913754463195801e-01;1.106121912598609924e-01
1.836328655481338501e-01;8.000470399856567383e-01;7.943585515022277832e-02
1.594024151563644409e-01;8.475062251091003418e-01;9.759569168090820312e-02
-4.348933100700378418e-01;3.389431834220886230e-01;-5.896195173263549805e-01
1.300779730081558228e-01;-7.676421999931335449e-01;-1.014366298913955688e-01
6.483078747987747192e-02;8.349369168281555176e-01;-2.498080767691135406e-02
-2.099860608577728271e-01;8.040429949760437012e-01;-3.517646193504333496e-01
7.552682608366012573e-02;8.329693675041198730e-01;-1.125965863466262817e-01
1.001134663820266724e-01;8.404971361160278320e-01;-6.326358765363693237e-02
1.724082380533218384e-01;-7.760711312294006348e-01;9.218858927488327026e-02
2.464686036109924316e-01;-6.667843461036682129e-01;1.706148982048034668e-01
1.866270005702972412e-01;8.523971438407897949e-01;7.851703464984893799e-02
-1.187870576977729797e-01;-6.769599318504333496e-01;4.079563915729522705e-01
2.816722393035888672e-01;-4.099817201495170593e-02;2.260528951883316040e-01
-1.697492748498916626e-01;-6.644712686538696289e-01;-5.357351899147033691e-01
2.295186817646026611e-01;7.797343730926513672e-01;1.466287076473236084e-01
