-3.984646797180175781e-01;-1.815222650766372681e-01;5.427455902099609375e-01
-4.078464210033416748e-01;-1.517207771539688110e-01;4.896968007087707520e-01
-3.607716262340545654e-01;-2.404976040124893188e-01;5.519064664840698242e-01
-4.041154086589813232e-01;-3.683684766292572021e-02;4.893137514591217041e-01
-3.069117367267608643e-01;-3.081278204917907715e-01;4.420772790908813477e-01
-2.252239584922790527e-01;-1.009869948029518127e-01;4.392521679401397705e-01
-4.143405556678771973e-01;4.165953397750854492e-02;5.223683118820190430e-01
-3.765916228294372559e-01;3.754521906375885010e-02;4.677060246467590332e-01
-4.470260739326477051e-01;4.838497936725616455e-02;5.112184882164001465e-01
-2.978998124599456787e-01;1.093015074729919434e-02;4.416684210300445557e-01
-4.035295546054840088e-02;3.331413567066192627e-01;3.788846135139465332e-01
1.683245599269866943e-02;3.105526864528656006e-01;2.654729485511779785e-01
-1.889819204807281494e-01;3.889305293560028076e-01;3.981068134307861328e-01
3.520576655864715576e-02;2.010190039873123169e-01;3.054979145526885986e-01
-1.837832629680633545e-01;4.092798829078674316e-01;3.291074037551879883e-01
8.138876408338546753e-02;2.699728310108184814e-01;2.557415664196014404e-01
-1.964123547077178955e-01;2.207741141319274902e-01;4.351639151573181152e-01
-1.917627155780792236e-01;4.661197960376739502e-01;4.040874838829040527e-01
-2.147271484136581421e-01;3.404836058616638184e-01;4.830523133277893066e-01
-2.371545732021331787e-01;2.659129500389099121e-01;4.149904549121856689e-01
2.738448083400726318e-01;-2.254186272621154785e-01;2.138281464576721191e-01
2.664754986763000488e-01;-1.932174712419509888e-01;1.609792709350585938e-01
2.759137749671936035e-01;-1.522345840930938721e-01;2.257292419672012329e-01
2.596720755100250244e-01;-1.904115825891494751e-01;1.458735913038253784e-01
2.651786506175994873e-01;-3.226019442081451416e-01;1.838609129190444946e-01
2.418869584798812866e-01;-1.256482899188995361e-01;7.939910888671875000e-02
1.379821896553039551e-01;-1.122047156095504761e-01;2.277876585721969604e-01
2.445722222328186035e-01;-7.536692917346954346e-02;9.908245503902435303e-02
1.875627338886260986e-01;-3.956126272678375244e-01;1.837743520736694336e-01
2.443957626819610596e-01;-3.650414347648620605e-01;7.939723134040832520e-02
-4.198765754699707031e-01;-4.031174778938293457e-01;-4.937353134155273438e-01
-4.119759500026702881e-01;-3.994230329990386963e-01;-5.813615322113037109e-01
-3.505719900131225586e-01;-4.021528959274291992e-01;-5.598992109298706055e-01
-2.784135937690734863e-01;-3.448062837123870850e-01;-5.384564399719238281e-01
-2.506973743438720703e-01;-4.528810083866119385e-01;-4.986563920974731445e-01
-3.563408553600311279e-01;-2.464375048875808716e-01;-5.562145113945007324e-01
-2.302450388669967651e-01;-4.208521246910095215e-01;-5.366044044494628906e-01
-2.662734687328338623e-01;-3.971518278121948242e-01;-3.505468368530273438e-01
-3.295416533946990967e-01;-6.137442588806152344e-01;-4.870190918445587158e-01
-4.177238345146179199e-01;-1.664303839206695557e-01;-4.898643791675567627e-01
1.351530253887176514e-01;4.994266033172607422e-01;-2.124166935682296753e-01
1.065777167677879333e-01;3.699049055576324463e-01;-2.060542255640029907e-01
1.482351571321487427e-01;5.130749344825744629e-01;-7.725934684276580811e-02
2.564359307289123535e-01;4.977244734764099121e-01;-1.356759071350097656e-01
2.383973747491836548e-01;4.041865170001983643e-01;-1.572406738996505737e-01
-7.746219635009765625e-03;4.634285569190979004e-01;-2.546213567256927490e-01
6.560036540031433105e-02;5.325926542282104492e-01;-6.208711862564086914e-02
-2.451670169830322266e-02;5.996540188789367676e-01;-2.779631316661834717e-01
1.598081588745117188e-01;5.938141942024230957e-01;-3.813259303569793701e-02
2.190707027912139893e-01;6.811507940292358398e-01;-1.860777288675308228e-01
-4.939741268754005432e-02;-8.730147033929824829e-02;3.780758082866668701e-01
-5.791120231151580811e-03;-8.348477631807327271e-02;3.607227206230163574e-01
-6.513102352619171143e-02;-1.342126280069351196e-01;3.009757995605468750e-01
-7.105846703052520752e-02;-1.815564632415771484e-01;4.206188619136810303e-01
-1.408948749303817749e-01;-1.784963011741638184e-01;3.895301520824432373e-01
-1.587722897529602051e-01;-2.462217956781387329e-02;3.218280971050262451e-01
-1.600978821516036987e-01;-1.627787202596664429e-01;3.046315908432006836e-01
-2.908086962997913361e-02;-2.531149685382843018e-01;3.776046931743621826e-01
-1.266654208302497864e-02;2.381158620119094849e-02;2.508280575275421143e-01
-1.100574210286140442e-01;8.292379230260848999e-02;3.850989341735839844e-01
1.100189909338951111e-01;-6.459633111953735352e-01;-1.946149021387100220e-01
2.023446112871170044e-01;-6.138018369674682617e-01;-1.469765305519104004e-01
1.554121077060699463e-01;-6.798648834228515625e-01;-8.343128859996795654e-02
1.547811031341552734e-01;-6.959922313690185547e-01;-8.864358067512512207e-02
1.397106945514678955e-01;-7.320224642753601074e-01;-6.907017529010772705e-02
2.587736248970031738e-01;-7.269779443740844727e-01;-1.940002143383026123e-01
1.505104303359985352e-01;-6.456785798072814941e-01;-2.544572949409484863e-02
9.223493933677673340e-02;-7.748520970344543457e-01;-6.607587635517120361e-02
2.458373606204986572e-01;-7.822145819664001465e-01;-1.444254815578460693e-01
2.286851555109024048e-01;-7.776008248329162598e-01;-1.003270894289016724e-01
-4.768007099628448486e-01;-4.924772381782531738e-01;5.927901268005371094e-01
-3.073823750019073486e-01;-4.738923311233520508e-01;4.740201830863952637e-01
-3.266157507896423340e-01;-6.068454384803771973e-01;4.812201857566833496e-01
-3.183420300483703613e-01;-4.431154727935791016e-01;4.445486068725585938e-01
-3.663976192474365234e-01;-6.640421748161315918e-01;4.660265445709228516e-01
-2.895976603031158447e-01;-6.735544800758361816e-01;5.090243816375732422e-01
-3.607716262340545654e-01;-2.404975891113281250e-01;5.519064664840698242e-01
-3.069117367267608643e-01;-3.081278204917907715e-01;4.420772790908813477e-01
-2.783167660236358643e-01;-4.656232297420501709e-01;3.762918412685394287e-01
-3.199804425239562988e-01;-6.947563886642456055e-01;4.432305395603179932e-01
1.121927611529827118e-02;-2.278851531445980072e-02;-3.693316876888275146e-01
5.314752459526062012e-03;-1.249056383967399597e-01;-2.703142166137695312e-01
-1.047515682876110077e-02;7.497569173574447632e-02;-2.670923471450805664e-01
4.908215254545211792e-02;-2.841820940375328064e-02;-2.204971164464950562e-01
1.483134478330612183e-01;-1.188070476055145264e-01;-2.642749845981597900e-01
-1.738044470548629761e-01;3.740921616554260254e-02;-3.241703808307647705e-01
-1.323151737451553345e-01;8.176373690366744995e-02;-4.760844111442565918e-01
-1.867387443780899048e-02;-9.857179969549179077e-02;-1.383249908685684204e-01
2.119676470756530762e-01;5.220890790224075317e-02;-2.182767838239669800e-01
-2.468308359384536743e-01;-4.809550940990447998e-02;-4.237686395645141602e-01
2.355171740055084229e-01;-3.866887390613555908e-01;-5.624753609299659729e-02
1.749820560216903687e-01;-3.242641091346740723e-01;-3.629258275032043457e-02
2.439426630735397339e-01;-3.016811311244964600e-01;-9.025479108095169067e-02
2.311859726905822754e-01;-4.679613411426544189e-01;-3.890998661518096924e-03
2.264412492513656616e-01;-4.470551311969757080e-01;-1.509996652603149414e-01
1.693902015686035156e-01;-4.873833358287811279e-01;-5.357002839446067810e-02
1.822568178176879883e-01;-3.730250000953674316e-01;-1.641194373369216919e-01
1.933037638664245605e-01;-4.591153562068939209e-01;3.472169861197471619e-02
2.443957626819610596e-01;-3.650414347648620605e-01;7.939723134040832520e-02
2.536116242408752441e-01;-5.043228268623352051e-01;-1.307991743087768555e-01
-4.028060734272003174e-01;5.198267102241516113e-01;4.794572889804840088e-01
-3.452424407005310059e-01;4.681729972362518311e-01;5.172689557075500488e-01
-2.748090028762817383e-01;5.897141695022583008e-01;5.307310223579406738e-01
-3.171210885047912598e-01;3.820362389087677002e-01;5.443692207336425781e-01
-2.748802602291107178e-01;6.404963135719299316e-01;4.626356065273284912e-01
-3.190113306045532227e-01;3.497055768966674805e-01;4.469170570373535156e-01
-2.356697320938110352e-01;6.555957794189453125e-01;4.119009077548980713e-01
-1.917627155780792236e-01;4.661197960376739502e-01;4.040874838829040527e-01
-2.147271484136581421e-01;3.404836058616638184e-01;4.830523133277893066e-01
-2.370050102472305298e-01;7.212100028991699219e-01;4.566356241703033447e-01
-5.621775612235069275e-02;5.971803069114685059e-01;2.341708689928054810e-01
-7.202531397342681885e-02;5.695953369140625000e-01;3.876325786113739014e-01
7.875453680753707886e-03;6.634035706520080566e-01;9.648339450359344482e-02
9.886340796947479248e-02;4.802202582359313965e-01;1.678865551948547363e-01
-1.102286651730537415e-01;7.216673493385314941e-01;4.082578420639038086e-01
1.643386781215667725e-01;5.007669329643249512e-01;2.284705638885498047e-01
-1.837832629680633545e-01;4.092798829078674316e-01;3.291074037551879883e-01
-1.917627155780792236e-01;4.661197960376739502e-01;4.040874838829040527e-01
1.785960495471954346e-01;5.346501469612121582e-01;1.498966813087463379e-01
-2.356697320938110352e-01;6.555957794189453125e-01;4.119009077548980713e-01
2.795694768428802490e-02;-1.068020984530448914e-01;6.916312873363494873e-02
8.949637413024902344e-02;-1.586974859237670898e-01;1.373003870248794556e-01
2.979542315006256104e-02;-1.873167604207992554e-02;-2.259192615747451782e-02
1.208838745951652527e-01;-1.726628094911575317e-01;-6.704293191432952881e-03
1.787127554416656494e-01;-1.091247275471687317e-01;-1.590368896722793579e-02
1.907453685998916626e-01;-1.472640186548233032e-01;1.073293387889862061e-02
-1.732676848769187927e-02;7.877213507890701294e-02;8.100924640893936157e-02
1.379821896553039551e-01;-1.122047156095504761e-01;2.277876585721969604e-01
9.443750977516174316e-02;6.038949638605117798e-02;1.421427130699157715e-01
2.243840843439102173e-01;-1.605716943740844727e-01;1.732812076807022095e-02
-4.126819670200347900e-01;5.197898149490356445e-01;-5.491636395454406738e-01
-3.602225482463836670e-01;5.316815972328186035e-01;-5.402526855468750000e-01
-2.921272814273834229e-01;5.556511878967285156e-01;-5.368704199790954590e-01
-2.631248831748962402e-01;6.115191578865051270e-01;-5.248026847839355469e-01
-2.916379868984222412e-01;7.428585290908813477e-01;-5.235520601272583008e-01
-2.951890230178833008e-01;8.026799559593200684e-01;-4.757369160652160645e-01
-2.525340020656585693e-01;7.971271276473999023e-01;-4.006732106208801270e-01
-2.047535032033920288e-01;7.865778207778930664e-01;-3.675955235958099365e-01
-1.623461395502090454e-01;7.613891959190368652e-01;-3.702656030654907227e-01
-7.067686319351196289e-02;7.199823260307312012e-01;-3.825534582138061523e-01
-2.797083854675292969e-01;-6.987395882606506348e-01;-5.244711041450500488e-01
-2.644830942153930664e-01;-6.926658153533935547e-01;-4.991558492183685303e-01
-2.451303154230117798e-01;-7.063902616500854492e-01;-4.906595945358276367e-01
-2.411449402570724487e-01;-7.052464485168457031e-01;-4.771974682807922363e-01
-2.363935261964797974e-01;-6.933078765869140625e-01;-4.541299343109130859e-01
-2.056415528059005737e-01;-6.891772150993347168e-01;-4.453533291816711426e-01
-1.576885282993316650e-01;-6.886242628097534180e-01;-4.542487859725952148e-01
-1.026240661740303040e-01;-6.930875182151794434e-01;-4.543239474296569824e-01
-6.144810467958450317e-02;-6.725005507469177246e-01;-4.157357215881347656e-01
-3.387814760208129883e-02;-6.183072328567504883e-01;-3.276064991950988770e-01
-3.048940300941467285e-01;5.222887396812438965e-01;4.434235095977783203e-01
-2.709630429744720459e-01;5.407454371452331543e-01;4.495632946491241455e-01
-2.550192773342132568e-01;5.591682791709899902e-01;4.589327573776245117e-01
-2.493317276239395142e-01;5.811464786529541016e-01;4.615546464920043945e-01
-2.365099787712097168e-01;6.012878417968750000e-01;4.574259519577026367e-01
-2.236651629209518433e-01;6.331169009208679199e-01;4.522763788700103760e-01
-2.058572769165039062e-01;6.768416166305541992e-01;4.480607807636260986e-01
-2.007401287555694580e-01;7.158111929893493652e-01;4.567359685897827148e-01
-1.988463401794433594e-01;7.305848598480224609e-01;4.671676158905029297e-01
-1.646744906902313232e-01;7.228400707244873047e-01;4.622491002082824707e-01
1.872515827417373657e-01;2.616538107395172119e-02;-1.105660423636436462e-01
2.013348788022994995e-01;5.634911358356475830e-02;-1.057911515235900879e-01
2.053545415401458740e-01;7.155878841876983643e-02;-7.667174190282821655e-02
2.050017863512039185e-01;8.993756771087646484e-02;-5.796168372035026550e-02
2.001266926527023315e-01;1.072341352701187134e-01;-4.295736551284790039e-02
2.031521946191787720e-01;1.212131381034851074e-01;-2.999407798051834106e-02
2.079237997531890869e-01;1.331964880228042603e-01;-1.867956295609474182e-02
2.177250832319259644e-01;1.545233130455017090e-01;-7.297627627849578857e-03
2.277545928955078125e-01;1.899742037057876587e-01;4.867807030677795410e-03
2.351677268743515015e-01;2.139715403318405151e-01;9.340021759271621704e-03
-4.121420383453369141e-01;-1.624548584222793579e-01;-5.360001921653747559e-01
-3.920747935771942139e-01;-1.710310876369476318e-01;-5.029420852661132812e-01
-3.714539408683776855e-01;-1.160007342696189880e-01;-4.871982336044311523e-01
-3.488570153713226318e-01;-2.839967980980873108e-02;-4.969192743301391602e-01
-3.157588541507720947e-01;2.842293120920658112e-03;-4.890326857566833496e-01
-2.771230041980743408e-01;-5.515136756002902985e-03;-4.600359499454498291e-01
-2.546292245388031006e-01;-9.492089040577411652e-03;-4.294352531433105469e-01
-2.504684925079345703e-01;2.724405750632286072e-02;-4.257127940654754639e-01
-2.530990839004516602e-01;8.634728938341140747e-02;-4.484400451183319092e-01
-2.392229735851287842e-01;1.208907887339591980e-01;-4.787263870239257812e-01
1.945507973432540894e-01;-7.500082254409790039e-01;5.850778520107269287e-02
2.126126885414123535e-01;-7.552468776702880859e-01;6.704830378293991089e-02
2.123632580041885376e-01;-7.485697865486145020e-01;7.462138682603836060e-02
2.109658271074295044e-01;-7.348585724830627441e-01;7.671819627285003662e-02
2.083595395088195801e-01;-7.134177088737487793e-01;8.732900023460388184e-02
2.114249914884567261e-01;-6.976279020309448242e-01;1.028540730476379395e-01
2.195394039154052734e-01;-6.861075162887573242e-01;1.182235777378082275e-01
2.210786938667297363e-01;-6.647535562515258789e-01;1.254750639200210571e-01
2.172733545303344727e-01;-6.336059570312500000e-01;1.311451792716979980e-01
2.194400280714035034e-01;-5.976731777191162109e-01;1.580535769462585449e-01
1.715213954448699951e-01;8.050091862678527832e-01;-4.694046452641487122e-02
1.706038266420364380e-01;8.145973086357116699e-01;-4.334865510463714600e-02
1.779728233814239502e-01;8.191344738006591797e-01;-3.872246667742729187e-02
1.951374560594558716e-01;8.184796571731567383e-01;-3.520093113183975220e-02
2.123224884271621704e-01;8.203939795494079590e-01;-3.437954932451248169e-02
2.206299453973770142e-01;8.236995339393615723e-01;-2.607145905494689941e-02
2.217905074357986450e-01;8.285018205642700195e-01;-1.084600575268268585e-02
2.218797355890274048e-01;8.293247818946838379e-01;9.530146606266498566e-03
2.251072227954864502e-01;8.291139006614685059e-01;3.414030000567436218e-02
2.323733270168304443e-01;8.252121806144714355e-01;5.984355509281158447e-02
-2.588464915752410889e-01;-6.875384449958801270e-01;3.836168050765991211e-01
-2.666605710983276367e-01;-6.934263706207275391e-01;3.981834948062896729e-01
-2.822513580322265625e-01;-6.768739819526672363e-01;4.216378629207611084e-01
-2.893030345439910889e-01;-6.570124626159667969e-01;4.352032244205474854e-01
-2.961735725402832031e-01;-6.356730461120605469e-01;4.553708434104919434e-01
-2.925087213516235352e-01;-6.102901697158813477e-01;4.563909769058227539e-01
-2.616603672504425049e-01;-6.067162752151489258e-01;4.357523918151855469e-01
-1.931174099445343018e-01;-6.429204940795898438e-01;4.211383461952209473e-01
-1.336371302604675293e-01;-6.624376177787780762e-01;4.269495606422424316e-01
-1.172040551900863647e-01;-6.304943561553955078e-01;4.322851002216339111e-01
-1.850945055484771729e-01;-3.730893135070800781e-01;-3.163249790668487549e-01
-9.300459176301956177e-02;-3.970703482627868652e-01;-2.807410657405853271e-01
-4.233322292566299438e-02;-3.602783679962158203e-01;-2.313561141490936279e-01
-1.742161810398101807e-02;-2.990470826625823975e-01;-1.934550702571868896e-01
-4.179062321782112122e-03;-2.676222026348114014e-01;-1.608154922723770142e-01
1.045793667435646057e-02;-2.356316298246383667e-01;-1.520061045885086060e-01
3.003682196140289307e-02;-2.098238319158554077e-01;-1.608848571777343750e-01
6.331428140401840210e-02;-2.165260612964630127e-01;-1.648015677928924561e-01
1.163428202271461487e-01;-2.475065737962722778e-01;-1.597390919923782349e-01
1.576341986656188965e-01;-2.507750391960144043e-01;-1.574735194444656372e-01
-2.007876187562942505e-01;1.182556748390197754e-01;-4.135898351669311523e-01
-1.203821897506713867e-01;1.191808134317398071e-01;-3.315013349056243896e-01
-1.166908666491508484e-01;1.601169109344482422e-01;-2.807151079177856445e-01
-1.258625239133834839e-01;2.093575000762939453e-01;-3.088337182998657227e-01
-1.473062336444854736e-01;2.570547461509704590e-01;-3.440839946269989014e-01
-1.558088958263397217e-01;2.604821920394897461e-01;-2.955519556999206543e-01
-1.417119950056076050e-01;2.681483030319213867e-01;-2.487547248601913452e-01
-1.132195442914962769e-01;3.410546779632568359e-01;-2.374854683876037598e-01
-8.067968487739562988e-02;4.166231453418731689e-01;-2.520959973335266113e-01
-1.375889778137207031e-02;4.619225263595581055e-01;-2.577112019062042236e-01
-3.785898089408874512e-01;2.729899585247039795e-01;-4.968279302120208740e-01
-3.470430970191955566e-01;2.947992086410522461e-01;-5.234494805335998535e-01
-3.478925526142120361e-01;3.005181550979614258e-01;-5.356557965278625488e-01
-3.800669610500335693e-01;3.645272850990295410e-01;-5.521340370178222656e-01
-3.857482373714447021e-01;4.178850650787353516e-01;-5.517449975013732910e-01
-3.765390813350677490e-01;4.488862752914428711e-01;-5.372230410575866699e-01
-3.559278249740600586e-01;4.859597682952880859e-01;-5.222324728965759277e-01
-3.146193623542785645e-01;4.982144236564636230e-01;-5.198402404785156250e-01
-2.514523863792419434e-01;4.595641791820526123e-01;-5.265982151031494141e-01
-2.133037298917770386e-01;4.636807143688201904e-01;-5.268467068672180176e-01
-3.881924748420715332e-01;2.340972423553466797e-02;4.738592207431793213e-01
-3.961974978446960449e-01;3.174257278442382812e-02;4.910701513290405273e-01
-3.753086924552917480e-01;4.533921182155609131e-02;4.836943745613098145e-01
-3.299491703510284424e-01;1.407828480005264282e-01;4.544075727462768555e-01
-3.052597343921661377e-01;2.013991028070449829e-01;4.524553418159484863e-01
-2.984153628349304199e-01;2.411253154277801514e-01;4.565654098987579346e-01
-3.016819655895233154e-01;2.606705427169799805e-01;4.686957597732543945e-01
-3.031083047389984131e-01;2.829007804393768311e-01;4.890595972537994385e-01
-3.004433512687683105e-01;3.090033829212188721e-01;5.068945884704589844e-01
-2.634621858596801758e-01;3.256072402000427246e-01;5.069352388381958008e-01
2.008147686719894409e-01;4.148567914962768555e-01;1.255281865596771240e-01
2.111782133579254150e-01;4.242419600486755371e-01;1.079124286770820618e-01
1.968452930450439453e-01;4.679005742073059082e-01;8.673065900802612305e-02
1.940238922834396362e-01;4.935591816902160645e-01;9.325003623962402344e-02
1.994656175374984741e-01;5.031914114952087402e-01;1.176341027021408081e-01
2.071079760789871216e-01;5.042104125022888184e-01;1.305249333381652832e-01
2.159126996994018555e-01;5.043849349021911621e-01;1.360754817724227905e-01
2.182408869266510010e-01;5.081161856651306152e-01;1.394100785255432129e-01
2.251253128051757812e-01;5.062757134437561035e-01;1.606837511062622070e-01
2.380125671625137329e-01;5.426000952720642090e-01;1.707546263933181763e-01
5.744747817516326904e-03;-4.928619265556335449e-01;1.309500187635421753e-01
4.900760203599929810e-02;-4.714544415473937988e-01;1.329330950975418091e-01
2.392533421516418457e-02;-4.284004569053649902e-01;1.479846984148025513e-01
-1.447664573788642883e-02;-3.813766539096832275e-01;1.757863163948059082e-01
-3.964062780141830444e-02;-3.439721763134002686e-01;2.201985716819763184e-01
-3.390811011195182800e-02;-3.206450939178466797e-01;2.531630992889404297e-01
-8.622393012046813965e-03;-3.060709834098815918e-01;2.576077282428741455e-01
2.272347360849380493e-02;-3.090167045593261719e-01;2.408092021942138672e-01
8.149714022874832153e-02;-3.378477096557617188e-01;2.110928148031234741e-01
1.429072916507720947e-01;-3.219332993030548096e-01;1.756370514631271362e-01
-3.554362356662750244e-01;-7.356444001197814941e-01;-5.157405138015747070e-01
-3.232714831829071045e-01;-7.160152196884155273e-01;-4.980684220790863037e-01
-3.005401194095611572e-01;-7.024260163307189941e-01;-4.936057925224304199e-01
-2.915678620338439941e-01;-6.938275098800659180e-01;-4.932691156864166260e-01
-2.817308008670806885e-01;-6.899896860122680664e-01;-4.838584959506988525e-01
-2.723599076271057129e-01;-6.900244355201721191e-01;-4.790109992027282715e-01
-2.627153396606445312e-01;-6.866093873977661133e-01;-4.773918092250823975e-01
-2.564523816108703613e-01;-6.847756505012512207e-01;-4.756303429603576660e-01
-2.439286708831787109e-01;-6.878509521484375000e-01;-4.667876362800598145e-01
-2.118608951568603516e-01;-6.768487691879272461e-01;-4.519276022911071777e-01
-2.907902598381042480e-01;-4.531423151493072510e-01;4.304953813552856445e-01
-2.829678952693939209e-01;-4.624851346015930176e-01;4.313687086105346680e-01
-2.842962741851806641e-01;-4.244985282421112061e-01;4.289307296276092529e-01
-2.481761276721954346e-01;-3.996192812919616699e-01;4.074985682964324951e-01
-1.849622875452041626e-01;-4.306414127349853516e-01;3.944054841995239258e-01
-1.576698720455169678e-01;-4.030546844005584717e-01;4.052477180957794189e-01
-1.409458965063095093e-01;-3.517802357673645020e-01;4.282286763191223145e-01
-1.197269111871719360e-01;-3.044551312923431396e-01;4.296985566616058350e-01
-9.475464373826980591e-02;-2.572619318962097168e-01;4.071319699287414551e-01
-7.191029191017150879e-02;-2.069819569587707520e-01;3.996758460998535156e-01
-2.276114523410797119e-01;7.635674476623535156e-01;-3.728481233119964600e-01
-1.730136871337890625e-01;6.940443515777587891e-01;-3.235375285148620605e-01
-1.107440888881683350e-01;6.281187534332275391e-01;-3.067017793655395508e-01
-6.190971657633781433e-02;5.976831912994384766e-01;-3.079245686531066895e-01
-5.481384694576263428e-02;6.406598687171936035e-01;-3.305545151233673096e-01
-6.627926230430603027e-02;6.829019188880920410e-01;-3.579415678977966309e-01
-5.025757849216461182e-02;6.959584355354309082e-01;-3.405287861824035645e-01
2.282446995377540588e-02;6.902348995208740234e-01;-2.753777801990509033e-01
1.166887134313583374e-01;7.028273940086364746e-01;-1.957201063632965088e-01
1.647055447101593018e-01;7.304420471191406250e-01;-1.499138027429580688e-01
-1.371065527200698853e-01;2.321672886610031128e-01;1.336489468812942505e-01
-1.243327744305133820e-02;1.993468254804611206e-01;9.245721250772476196e-02
-3.223625943064689636e-03;2.881719768047332764e-01;1.218084245920181274e-01
1.083216257393360138e-02;3.347983062267303467e-01;1.414257884025573730e-01
4.305019229650497437e-02;3.292839527130126953e-01;1.600594520568847656e-01
7.422152906656265259e-02;3.125668764114379883e-01;1.604500859975814819e-01
9.495214372873306274e-02;3.070577979087829590e-01;1.625249981880187988e-01
1.094173789024353027e-01;3.150975406169891357e-01;1.693670451641082764e-01
1.237721741199493408e-01;3.399813473224639893e-01;1.654707938432693481e-01
1.266700327396392822e-01;3.908295929431915283e-01;1.603218019008636475e-01
-3.847353458404541016e-01;2.891275286674499512e-01;-5.227030515670776367e-01
-3.252165913581848145e-01;2.680645287036895752e-01;-5.119228363037109375e-01
-2.602255046367645264e-01;2.278675884008407593e-01;-5.103926062583923340e-01
-2.357048988342285156e-01;1.954493522644042969e-01;-5.060670971870422363e-01
-2.339385747909545898e-01;2.086168527603149414e-01;-5.034353137016296387e-01
-2.328785061836242676e-01;2.384189516305923462e-01;-5.148332715034484863e-01
-2.154675275087356567e-01;2.651451826095581055e-01;-5.176112055778503418e-01
-1.811461150646209717e-01;2.822017371654510498e-01;-4.844415783882141113e-01
-1.596199572086334229e-01;2.990188002586364746e-01;-4.231545329093933105e-01
-1.699416190385818481e-01;3.625566363334655762e-01;-4.334521889686584473e-01
