-2.542030215263366699e-01;6.287010759115219116e-02;4.833503067493438721e-01
-2.451456636190414429e-01;-2.137010693550109863e-01;4.836499989032745361e-01
1.504344344139099121e-01;1.668988354504108429e-02;4.085386544466018677e-02
-2.446632832288742065e-01;-1.152219995856285095e-01;-3.445971906185150146e-01
-2.518703341484069824e-01;-4.130529612302780151e-02;4.187152683734893799e-01
1.616320312023162842e-01;-1.227562576532363892e-01;7.109229266643524170e-02
1.631550490856170654e-01;1.962504386901855469e-01;-1.289000175893306732e-02
-2.841947376728057861e-01;-3.355084359645843506e-01;-3.939681649208068848e-01
-2.576127648353576660e-01;-8.166681230068206787e-02;-4.212695062160491943e-01
-2.813843190670013428e-01;-3.791386783123016357e-01;-3.613117635250091553e-01
1.697685271501541138e-01;-2.236528098583221436e-01;8.375421911478042603e-02
-3.901041746139526367e-01;5.087583661079406738e-01;4.921403527259826660e-01
2.350804358720779419e-01;7.623722553253173828e-01;-4.205121695995330811e-01
-2.972584962844848633e-01;5.013051629066467285e-01;-3.967748880386352539e-01
1.971266269683837891e-01;8.938392996788024902e-02;-6.518098711967468262e-02
-2.647025287151336670e-01;-1.807482391595840454e-01;3.928480744361877441e-01
-1.980537027120590210e-01;-1.233288273215293884e-01;-3.028690814971923828e-01
-4.411162137985229492e-01;5.734077468514442444e-02;-4.691617190837860107e-01
-2.482365369796752930e-01;1.598162800073623657e-01;4.470666348934173584e-01
1.974211484193801880e-01;-1.903001517057418823e-01;-6.815854460000991821e-02
1.775675863027572632e-01;-3.214667439460754395e-01;9.962429106235504150e-02
-2.371193915605545044e-01;-2.648037075996398926e-01;-2.884589731693267822e-01
1.609075069427490234e-01;-4.254987239837646484e-01;3.594040498137474060e-02
-2.801865041255950928e-01;4.285692572593688965e-01;-3.334907889366149902e-01
1.651092469692230225e-01;4.231348633766174316e-01;5.979593098163604736e-02
1.605162173509597778e-01;4.275397956371307373e-01;2.829520031809806824e-02
1.833604276180267334e-01;3.866622149944305420e-01;-4.793740808963775635e-02
9.822535514831542969e-02;3.192045167088508606e-02;1.235275492072105408e-01
7.358291745185852051e-02;1.753881573677062988e-01;9.668676555156707764e-02
5.685510113835334778e-02;-1.062379106879234314e-01;1.713235303759574890e-02
1.951464712619781494e-01;3.386661410331726074e-01;1.306171417236328125e-01
-2.059652805328369141e-01;-3.375071883201599121e-01;3.358764648437500000e-01
5.961241200566291809e-02;-2.985364496707916260e-01;2.150068245828151703e-02
-1.360189616680145264e-01;1.460941731929779053e-01;-2.908244132995605469e-01
2.201586365699768066e-01;4.147700220346450806e-02;-1.027596145868301392e-01
-3.291822075843811035e-01;1.815798580646514893e-01;3.721027076244354248e-01
-2.506000995635986328e-01;9.678570181131362915e-02;-2.596742510795593262e-01
1.861155778169631958e-01;7.611311078071594238e-01;4.824252426624298096e-01
-1.666836589574813843e-01;4.998352006077766418e-02;2.622822523117065430e-01
2.197333425283432007e-02;4.322728887200355530e-02;1.506322324275970459e-01
-2.443027496337890625e-01;1.416487246751785278e-01;-4.215086102485656738e-01
-8.684548735618591309e-02;-9.264935553073883057e-02;-2.327066361904144287e-01
-6.888518482446670532e-02;-5.021876096725463867e-02;-1.914103925228118896e-01
2.037896811962127686e-01;3.854225873947143555e-01;-9.234733879566192627e-02
1.647841781377792358e-01;-5.218946933746337891e-01;3.195166960358619690e-02
2.288170307874679565e-01;7.671907544136047363e-01;-3.917703330516815186e-01
-3.837716877460479736e-01;-5.954533219337463379e-01;4.924634993076324463e-01
-4.550239071249961853e-02;-1.045947819948196411e-01;2.316895574331283569e-01
-1.294301003217697144e-01;2.706397771835327148e-01;-2.241555601358413696e-01
1.949522346258163452e-01;4.322712123394012451e-01;1.366029381752014160e-01
-1.673112213611602783e-01;-1.409537047147750854e-01;3.971550762653350830e-01
3.144652023911476135e-02;-2.611228227615356445e-01;-8.735904097557067871e-02
1.587536372244358063e-02;-1.853854507207870483e-01;1.475495398044586182e-01
2.115027904510498047e-01;-3.128324747085571289e-01;1.658980250358581543e-01
2.297815829515457153e-01;-7.630970478057861328e-01;4.663203358650207520e-01
-1.205134689807891846e-01;-8.852186799049377441e-02;-1.635915935039520264e-01
1.511635184288024902e-01;-1.682440638542175293e-01;-1.192559525370597839e-01
1.938955038785934448e-01;-4.771704971790313721e-01;-7.786906510591506958e-02
1.746399253606796265e-01;-7.535570263862609863e-01;-4.205130636692047119e-01
-2.045914381742477417e-01;4.884309768676757812e-01;-2.951790094375610352e-01
8.019465953111648560e-02;-1.041766442358493805e-02;-1.457352191209793091e-01
6.751932948827743530e-02;-5.409052371978759766e-01;5.950317531824111938e-02
2.333489209413528442e-01;-7.562243938446044922e-01;4.760161042213439941e-01
2.112597972154617310e-02;-3.643187880516052246e-01;-8.483602106571197510e-02
2.721286937594413757e-02;3.903990387916564941e-01;-9.197427332401275635e-02
2.294261306524276733e-01;7.688543796539306641e-01;4.446318149566650391e-01
-2.811043895781040192e-02;-2.859236598014831543e-01;-1.178452447056770325e-01
1.675556153059005737e-01;5.974557399749755859e-01;1.867855712771415710e-02
-3.479436933994293213e-01;-6.569109559059143066e-01;-4.151135385036468506e-01
2.314602136611938477e-01;1.581866443157196045e-01;-1.374569386243820190e-01
1.836878955364227295e-01;-5.727471709251403809e-01;1.149247735738754272e-01
1.235063374042510986e-02;4.141096770763397217e-01;1.461361050605773926e-01
1.026675105094909668e-01;-5.176317691802978516e-01;-7.336959987878799438e-02
2.138429582118988037e-01;-7.498342990875244141e-01;-3.849010169506072998e-01
-3.991206884384155273e-01;-2.785565555095672607e-01;-3.935926258563995361e-01
-1.595750153064727783e-01;-4.510398209095001221e-01;-2.333590388298034668e-01
2.209256775677204132e-02;4.732166826725006104e-01;-7.109704613685607910e-02
-2.232650220394134521e-01;3.206240236759185791e-01;2.727593779563903809e-01
-2.815354242920875549e-02;-9.615916013717651367e-02;-3.859466686844825745e-02
-2.271343395113945007e-02;-3.375739157199859619e-01;-1.407657284289598465e-02
-4.403948187828063965e-01;-1.329030841588973999e-01;5.257108807563781738e-01
-1.887570321559906006e-01;-2.285615056753158569e-01;-3.754893541336059570e-01
-4.820063412189483643e-01;1.670168936252593994e-01;5.810705423355102539e-01
2.132586436346173286e-03;4.653295576572418213e-01;1.191384345293045044e-01
2.230318933725357056e-01;7.791392803192138672e-01;4.153241217136383057e-01
-3.567714989185333252e-01;7.886343635618686676e-03;3.685498535633087158e-01
-7.440452277660369873e-02;1.380541622638702393e-01;-8.820004761219024658e-02
7.929259538650512695e-02;5.911864638328552246e-01;1.030601710081100464e-01
-8.398535847663879395e-02;5.451471358537673950e-02;1.512768268585205078e-01
-1.666404455900192261e-01;-1.242373720742762089e-03;-3.717986345291137695e-01
2.106326222419738770e-01;-7.585659027099609375e-01;-3.677941560745239258e-01
-1.606959551572799683e-01;-7.776165753602981567e-02;-3.731746077537536621e-01
-2.302045822143554688e-01;-6.930065155029296875e-01;-4.205535352230072021e-01
-2.607014477252960205e-01;7.242045998573303223e-01;4.597380161285400391e-01
1.103282645344734192e-01;7.584691643714904785e-01;-4.205117523670196533e-01
-2.135575115680694580e-01;6.462088227272033691e-01;-3.535174727439880371e-01
2.303504645824432373e-01;-2.458520233631134033e-01;-1.473611295223236084e-01
-2.549039386212825775e-02;5.408431887626647949e-01;2.211853489279747009e-02
-3.797196447849273682e-01;4.649977982044219971e-01;4.066477417945861816e-01
-2.959355711936950684e-01;-4.524963200092315674e-01;3.327911794185638428e-01
2.345463782548904419e-01;-1.819377839565277100e-01;2.157743573188781738e-01
2.238249033689498901e-01;7.582882046699523926e-01;4.040065109729766846e-01
-1.066675111651420593e-01;-5.115207433700561523e-01;3.128205239772796631e-01
-1.468634903430938721e-01;-5.273839235305786133e-01;-2.912354469299316406e-01
2.071061879396438599e-01;7.581794857978820801e-01;-3.573953807353973389e-01
1.720753461122512817e-01;6.548893451690673828e-01;-1.196257583796977997e-02
1.377666145563125610e-01;7.582160830497741699e-01;4.824251532554626465e-01
-1.202831491827964783e-01;-7.682275176048278809e-01;-4.204438030719757080e-01
-2.477433681488037109e-01;-1.658834069967269897e-01;2.775292992591857910e-01
1.602728068828582764e-01;2.749287486076354980e-01;2.173554897308349609e-01
-2.543065883219242096e-02;-5.633201599121093750e-01;9.118766174651682377e-04
-1.860094964504241943e-01;-5.691812634468078613e-01;-2.386424988508224487e-01
2.006722688674926758e-01;-7.259203195571899414e-01;-4.205130338668823242e-01
-1.480522304773330688e-01;-3.160028755664825439e-01;2.001338601112365723e-01
1.656973659992218018e-01;-1.831654012203216553e-01;2.229691147804260254e-01
-1.180653367191553116e-02;-5.891502499580383301e-01;1.072228997945785522e-01
1.446055918931961060e-01;-7.644893527030944824e-01;4.561628699302673340e-01
-2.538561522960662842e-01;-3.306619822978973389e-01;2.876078486442565918e-01
2.194165289402008057e-01;7.847956418991088867e-01;3.961672186851501465e-01
2.216077446937561035e-01;-7.795736193656921387e-01;4.093018472194671631e-01
-1.951291710138320923e-01;5.221716761589050293e-01;-2.102952152490615845e-01
-2.339892238378524780e-01;6.073570251464843750e-01;-2.595404684543609619e-01
-2.171888947486877441e-01;-1.993867754936218262e-01;-1.756982207298278809e-01
-1.191461309790611267e-01;5.032607913017272949e-01;3.336870372295379639e-01
2.066554129123687744e-01;7.650726437568664551e-01;-3.435565531253814697e-01
1.832872480154037476e-01;6.618335843086242676e-01;-6.072576344013214111e-02
3.578795865178108215e-02;-4.814711213111877441e-01;2.118132859468460083e-01
-1.591082960367202759e-01;1.152400821447372437e-01;-1.329181790351867676e-01
-2.210611701011657715e-01;-4.960495531558990479e-01;4.827438294887542725e-01
-6.888772547245025635e-02;3.751929700374603271e-01;-1.512307301163673401e-02
-4.552624523639678955e-01;6.745703816413879395e-01;-4.920345842838287354e-01
-4.071712493896484375e-02;-5.054088234901428223e-01;-1.489896774291992188e-01
5.900860298424959183e-03;4.327115416526794434e-01;2.421325892210006714e-01
2.443175911903381348e-01;2.973385713994503021e-02;2.369765341281890869e-01
-8.833736926317214966e-02;1.928815543651580811e-01;3.771640956401824951e-01
-3.211667835712432861e-01;7.141303420066833496e-01;4.423473477363586426e-01
2.981059625744819641e-02;3.671027719974517822e-01;-1.954970210790634155e-01
-4.281139671802520752e-01;6.691187024116516113e-01;5.375534296035766602e-01
-3.334931433200836182e-01;-7.104055881500244141e-01;4.208995103836059570e-01
2.438013814389705658e-02;-3.464529514312744141e-01;2.634293735027313232e-01
2.430974543094635010e-01;1.140690743923187256e-01;2.394983470439910889e-01
3.934997320175170898e-02;-7.570125460624694824e-01;4.824249744415283203e-01
2.181320935487747192e-01;-7.822857499122619629e-01;-3.342515528202056885e-01
-1.922774016857147217e-01;-7.708904147148132324e-01;4.824211299419403076e-01
2.934209629893302917e-02;-2.086115926504135132e-01;2.828952372074127197e-01
5.024782940745353699e-02;-5.553258657455444336e-01;2.019476294517517090e-01
-3.864067196846008301e-01;-7.676975131034851074e-01;5.112047195434570312e-01
4.811926186084747314e-02;1.137654259800910950e-01;2.813035249710083008e-01
1.134300827980041504e-01;6.448470354080200195e-01;1.655748784542083740e-01
1.406225711107254028e-01;-4.696364998817443848e-01;2.303371578454971313e-01
-1.074695959687232971e-01;-8.940520137548446655e-02;1.310503929853439331e-01
1.543168127536773682e-01;4.456687569618225098e-01;2.336874753236770630e-01
1.650366336107254028e-01;-2.516104578971862793e-01;2.393151521682739258e-01
-6.342175602912902832e-02;-5.836476087570190430e-01;8.190193027257919312e-02
-4.016175866127014160e-02;-3.508709669113159180e-01;-2.558429241180419922e-01
-1.522755175828933716e-01;-4.981319904327392578e-01;2.050637453794479370e-01
-3.121420443058013916e-01;-2.657160535454750061e-02;-2.543658018112182617e-01
7.960621267557144165e-03;7.124675512313842773e-01;-2.625154331326484680e-02
2.824379317462444305e-02;3.439410030841827393e-01;2.739353179931640625e-01
2.333019077777862549e-01;3.613030910491943359e-01;-1.895607262849807739e-01
2.168987840414047241e-01;-7.863777279853820801e-01;3.856494724750518799e-01
5.667769163846969604e-02;1.795426458120346069e-01;-2.281651198863983154e-01
2.155600190162658691e-01;7.895965576171875000e-01;-3.114978969097137451e-01
-1.403286159038543701e-01;6.505135893821716309e-01;3.177084028720855713e-01
-3.794697225093841553e-01;-7.027907967567443848e-01;-3.998524248600006104e-01
-8.803681284189224243e-02;-4.998849630355834961e-01;-6.217592209577560425e-02
-2.098428905010223389e-01;4.310355782508850098e-01;-1.667230427265167236e-01
-1.769957691431045532e-01;5.269771218299865723e-01;2.079625576734542847e-01
5.846947431564331055e-02;7.286403328180313110e-02;-2.312107831239700317e-01
-8.546264842152595520e-03;7.726413607597351074e-01;-3.796612918376922607e-01
1.024809554219245911e-01;-7.325993776321411133e-01;8.725205063819885254e-02
-3.031845986843109131e-01;4.816004633903503418e-01;2.985067665576934814e-01
1.514157503843307495e-01;4.677370190620422363e-01;-2.007565200328826904e-01
2.161912322044372559e-01;7.904425859451293945e-01;3.745070695877075195e-01
2.209039181470870972e-01;-5.907013416290283203e-01;-2.230152040719985962e-01
-4.586133360862731934e-02;7.492450475692749023e-01;-3.553193062543869019e-02
-1.119795292615890503e-01;-5.130195021629333496e-01;3.866351544857025146e-01
-1.297486424446105957e-01;-6.445493102073669434e-01;-3.353857696056365967e-01
2.153939604759216309e-01;-7.870247960090637207e-01;-3.130331039428710938e-01
-6.606821436434984207e-03;2.150509804487228394e-01;3.328580856323242188e-01
1.679946184158325195e-01;-4.041036069393157959e-01;-1.974186152219772339e-01
1.979131549596786499e-01;6.838406324386596680e-01;-4.205125570297241211e-01
2.483635246753692627e-01;7.357822358608245850e-02;-2.094475924968719482e-01
1.864000409841537476e-01;-1.581563353538513184e-01;-2.016125470399856567e-01
-5.237531289458274841e-02;-8.045660853385925293e-01;9.147813916206359863e-02
1.978344470262527466e-01;-7.068696022033691406e-01;-1.433991491794586182e-01
2.256918996572494507e-01;6.602299809455871582e-01;-2.998771071434020996e-01
-2.650184631347656250e-01;7.037577033042907715e-01;-2.736567258834838867e-01
-1.193062216043472290e-01;2.449915856122970581e-01;8.490783721208572388e-02
-2.131042182445526123e-01;-7.827059626579284668e-01;4.101603031158447266e-01
1.846498101949691772e-01;1.104345172643661499e-01;2.685627937316894531e-01
1.665799170732498169e-01;-5.039747953414916992e-01;2.703895866870880127e-01
-1.684850901365280151e-01;6.389565467834472656e-01;-4.205147027969360352e-01
-7.729125022888183594e-02;-3.397762775421142578e-01;-3.152946233749389648e-01
-9.335655719041824341e-02;-6.507275104522705078e-01;-1.860988587141036987e-01
2.124298214912414551e-01;7.963122725486755371e-01;3.528985083103179932e-01
-1.639423705637454987e-02;6.576773524284362793e-01;-1.762630492448806763e-01
1.980488151311874390e-01;-7.704547047615051270e-01;-2.929305136203765869e-01
2.123869955539703369e-01;7.946919798851013184e-01;-2.928140759468078613e-01
-3.236933350563049316e-01;6.950489282608032227e-01;3.560952246189117432e-01
-3.361200988292694092e-01;-3.598107099533081055e-01;-4.331007897853851318e-01
-3.944336473941802979e-01;-2.056873738765716553e-01;-4.578179121017456055e-01
-2.646285295486450195e-01;1.052904278039932251e-01;3.946804702281951904e-01
1.330522745847702026e-01;-1.663104258477687836e-02;5.937140807509422302e-02
1.573461741209030151e-01;2.149001508951187134e-01;8.869623392820358276e-02
1.318964064121246338e-01;-5.180089268833398819e-03;-2.980869263410568237e-02
1.816026717424392700e-01;-1.021224856376647949e-01;1.148098781704902649e-01
1.150999590754508972e-01;1.794867515563964844e-01;-1.518619339913129807e-02
-3.098841905593872070e-01;2.455353587865829468e-01;4.137743115425109863e-01
1.056685820221900940e-01;-9.993048012256622314e-02;-4.284899914637207985e-04
1.020876318216323853e-01;1.807556748390197754e-01;1.481339335441589355e-02
1.089554280042648315e-01;-2.425029575824737549e-01;3.067371062934398651e-02
-1.881296336650848389e-01;-4.890257492661476135e-02;3.687763810157775879e-01
1.828304976224899292e-01;-1.939047873020172119e-01;1.189217269420623779e-01
-1.964391767978668213e-01;-1.990063339471817017e-01;3.720016479492187500e-01
2.209898531436920166e-01;7.617078423500061035e-01;-4.205120801925659180e-01
1.611851453781127930e-01;2.470874637365341187e-01;-6.032403185963630676e-02
2.291740477085113525e-01;7.632994651794433594e-01;-4.138128757476806641e-01
1.034197732806205750e-01;-3.145190477371215820e-01;2.254800312221050262e-02
1.541919708251953125e-01;-2.592051029205322266e-01;-5.309174582362174988e-02
2.382856458425521851e-01;7.485287189483642578e-01;-4.205122292041778564e-01
2.033954709768295288e-01;3.081677667796611786e-02;1.400221437215805054e-01
-4.043877720832824707e-01;1.541741639375686646e-01;4.563851356506347656e-01
-2.578711211681365967e-01;4.497089684009552002e-01;3.880060911178588867e-01
1.637174189090728760e-01;3.282268941402435303e-01;-7.147101312875747681e-02
1.520330011844635010e-01;4.102999567985534668e-01;8.901344984769821167e-02
1.168690547347068787e-01;-3.766933977603912354e-01;-2.808981388807296753e-02
2.344982028007507324e-01;7.660412192344665527e-01;-3.998172581195831299e-01
1.112101823091506958e-01;-4.363772869110107422e-01;4.383682087063789368e-02
1.751024723052978516e-01;-3.814904987812042236e-01;1.187815815210342407e-01
-2.722985148429870605e-01;6.492069363594055176e-01;-4.233950376510620117e-01
1.022445186972618103e-01;4.391025006771087646e-01;-9.122944436967372894e-03
2.067104279994964600e-01;-5.450933054089546204e-02;-1.009437441825866699e-01
2.088391780853271484e-01;2.331558316946029663e-01;1.580191403627395630e-01
-1.817929893732070923e-01;-3.970170319080352783e-01;3.665991127490997314e-01
-3.836426436901092529e-01;1.802125871181488037e-01;-4.536134898662567139e-01
-3.133594989776611328e-01;-5.078608989715576172e-01;4.107944667339324951e-01
2.388463765382766724e-01;-7.540189623832702637e-01;-4.205121695995330811e-01
1.073738411068916321e-01;-4.760096371173858643e-01;-2.082885988056659698e-02
2.029441297054290771e-01;-2.291022837162017822e-01;-1.047358438372612000e-01
2.068919390439987183e-01;2.184669524431228638e-01;-1.121319755911827087e-01
2.246651500463485718e-01;-1.587895490229129791e-02;1.784680336713790894e-01
9.342107921838760376e-02;-5.235071778297424316e-01;1.398727297782897949e-02
-3.886308372020721436e-01;-3.235042095184326172e-01;4.513216316699981689e-01
2.340524494647979736e-01;-7.561872601509094238e-01;-4.005148410797119141e-01
-2.370691895484924316e-01;-5.449811220169067383e-01;-4.211037158966064453e-01
9.936530143022537231e-02;5.736215114593505859e-01;2.689343132078647614e-02
2.313811779022216797e-01;-7.739813327789306641e-01;-3.708453476428985596e-01
1.892656534910202026e-01;4.789529144763946533e-01;1.528369933366775513e-01
1.359621435403823853e-01;-5.314826369285583496e-01;-6.162692978978157043e-02
1.989545524120330811e-01;3.850371539592742920e-01;-1.237600669264793396e-01
2.277562320232391357e-01;-1.780982911586761475e-01;1.934167593717575073e-01
1.363731473684310913e-01;7.636307477951049805e-01;-4.055735766887664795e-01
1.956561803817749023e-01;-4.149352610111236572e-01;-1.227932944893836975e-01
1.813603639602661133e-01;7.687264680862426758e-01;-3.834028840065002441e-01
1.599863022565841675e-01;5.350133776664733887e-01;-9.475263953208923340e-02
-3.577865362167358398e-01;-7.185888886451721191e-01;-4.399652481079101562e-01
1.114435195922851562e-01;5.923491716384887695e-01;-4.076847806572914124e-02
1.347895860671997070e-01;5.838470458984375000e-01;-7.051371037960052490e-02
-2.930429875850677490e-01;7.704689502716064453e-01;-4.351417720317840576e-01
1.285833567380905151e-01;-6.160179972648620605e-01;8.147502690553665161e-02
-3.392189368605613708e-02;-7.645076513290405273e-01;-4.205129742622375488e-01
2.050171196460723877e-01;-4.631018936634063721e-01;1.857770830392837524e-01
-2.352334409952163696e-01;-6.756801605224609375e-01;3.849743604660034180e-01
1.262713968753814697e-01;6.327019333839416504e-01;7.865800708532333374e-02
-2.749316990375518799e-01;-7.783203721046447754e-01;-4.000132977962493896e-01
2.382814735174179077e-01;6.989712715148925781e-01;-4.205123782157897949e-01
2.190916985273361206e-01;7.793929576873779297e-01;-3.479307293891906738e-01
-4.471552073955535889e-01;-3.513457477092742920e-01;4.818963110446929932e-01
2.209427803754806519e-01;-4.175020456314086914e-01;2.248836755752563477e-01
-1.825697273015975952e-01;-4.299853369593620300e-02;-4.204428493976593018e-01
2.158664762973785400e-01;-7.803802490234375000e-01;-3.417013287544250488e-01
-7.232304662466049194e-02;-2.772141396999359131e-01;3.491998612880706787e-01
-8.957630395889282227e-02;-3.709791004657745361e-01;3.524025082588195801e-01
2.406869232654571533e-01;1.175262257456779480e-01;-1.788078546524047852e-01
-1.904341280460357666e-01;3.071691095829010010e-01;-4.204991161823272705e-01
1.554914414882659912e-01;-7.252698540687561035e-01;-4.205130636692047119e-01
1.287917494773864746e-01;-7.041866779327392578e-01;9.786468744277954102e-02
2.176392972469329834e-01;7.885259985923767090e-01;-3.172903656959533691e-01
1.750567704439163208e-01;-6.713914871215820312e-01;1.622920781373977661e-01
-1.726235002279281616e-01;7.565594315528869629e-01;-4.205107390880584717e-01
1.631403341889381409e-02;7.713260054588317871e-01;-3.814384043216705322e-01
2.440062761306762695e-01;-1.476406157016754150e-01;2.491887658834457397e-01
1.558341979980468750e-01;-6.649127006530761719e-01;-1.224625930190086365e-01
2.275560796260833740e-01;4.215627014636993408e-01;2.495324313640594482e-01
-3.392371907830238342e-02;-1.655563712120056152e-01;3.440037369728088379e-01
2.476242631673812866e-01;3.866535052657127380e-02;2.556710541248321533e-01
1.830697208642959595e-01;6.654905080795288086e-01;1.786798238754272461e-01
2.157306969165802002e-01;5.867199301719665527e-01;2.638651132583618164e-01
-3.808943927288055420e-02;-7.726444005966186523e-01;-3.758510947227478027e-01
2.281687408685684204e-01;-3.714132308959960938e-01;-1.924361884593963623e-01
-1.730112135410308838e-01;1.667658984661102295e-01;-4.204694926738739014e-01
-1.141908913850784302e-01;6.187251210212707520e-01;3.630923330783843994e-01
-6.938740145415067673e-03;-8.600314706563949585e-02;3.424665927886962891e-01
-6.873133778572082520e-02;8.020747303962707520e-01;7.175023108720779419e-02
2.143544703722000122e-01;7.278218865394592285e-01;-2.958341836929321289e-01
2.346139401197433472e-01;-2.904577553272247314e-01;-1.940258592367172241e-01
-3.043789863586425781e-01;7.787432074546813965e-01;-3.609102964401245117e-01
-7.575895637273788452e-02;-7.975547313690185547e-01;-1.039016805589199066e-02
1.152706295251846313e-01;-7.241577506065368652e-01;-7.791195809841156006e-02
