-2.790103852748870850e-01;3.769380971789360046e-02;-4.940829873085021973e-01
-2.790101468563079834e-01;-3.384262695908546448e-02;-4.940765798091888428e-01
-2.790500223636627197e-01;1.092363595962524414e-01;-4.940915703773498535e-01
-2.603362798690795898e-01;9.182740002870559692e-03;-4.131069183349609375e-01
-2.792588472366333008e-01;2.821264043450355530e-02;-3.992082476615905762e-01
-2.790158689022064209e-01;-5.768864974379539490e-02;-4.940747618675231934e-01
-2.790300548076629639e-01;-8.153624832630157471e-02;-4.940731227397918701e-01
-2.793295383453369141e-01;4.391303285956382751e-02;-3.749534189701080322e-01
-2.792311012744903564e-01;1.690605431795120239e-01;-4.461361765861511230e-01
-2.791219949722290039e-01;1.807837635278701782e-01;-4.941007792949676514e-01
-2.793938219547271729e-01;-2.851918041706085205e-01;4.946178197860717773e-01
-2.795585393905639648e-01;-3.289802670478820801e-01;4.500669836997985840e-01
-2.794329226016998291e-01;-2.253710925579071045e-01;4.365542829036712646e-01
-2.794966101646423340e-01;-2.377483695745468140e-01;4.164855480194091797e-01
-2.796714305877685547e-01;-3.597199916839599609e-01;4.191366434097290039e-01
-2.791976630687713623e-01;-1.400453299283981323e-01;4.945947527885437012e-01
-1.555828750133514404e-01;-3.146559596061706543e-01;4.193570911884307861e-01
-2.792844772338867188e-01;-1.400481462478637695e-01;4.568946659564971924e-01
-2.796922326087951660e-01;-2.454387098550796509e-01;3.370831906795501709e-01
-2.793134152889251709e-01;-1.260861903429031372e-01;4.395738840103149414e-01
-2.803339362144470215e-01;4.523522257804870605e-01;1.986516118049621582e-01
-2.803209722042083740e-01;4.174639284610748291e-01;1.695225983858108521e-01
-2.804022133350372314e-01;4.450685083866119385e-01;1.452573835849761963e-01
-2.802946567535400391e-01;3.993426263332366943e-01;1.675053089857101440e-01
-2.805108129978179932e-01;4.981573820114135742e-01;1.423708200454711914e-01
-2.801361083984375000e-01;4.837489426136016846e-01;3.012239634990692139e-01
-2.800861597061157227e-01;4.732238352298736572e-01;3.140105307102203369e-01
-2.800338566303253174e-01;4.265639781951904297e-01;3.157112598419189453e-01
-2.800426781177520752e-01;3.322931826114654541e-01;2.428764402866363525e-01
-2.806035578250885010e-01;4.980796575546264648e-01;7.891134172677993774e-02
6.849192380905151367e-01;-4.688977897167205811e-01;4.190408587455749512e-01
6.388312578201293945e-01;-4.568280875682830811e-01;3.548710644245147705e-01
7.298799157142639160e-01;-4.942041933536529541e-01;3.385047912597656250e-01
7.498355507850646973e-01;-3.487249016761779785e-01;3.091214895248413086e-01
6.828669309616088867e-01;-2.547072768211364746e-01;4.700809121131896973e-01
5.374152660369873047e-01;-2.365415096282958984e-01;3.548897504806518555e-01
7.481152415275573730e-01;-2.476308047771453857e-01;2.433393299579620361e-01
7.320628166198730469e-01;-3.607879877090454102e-01;1.119906306266784668e-01
6.101697087287902832e-01;-4.976249337196350098e-01;8.274880051612854004e-02
6.547800898551940918e-01;-4.062535166740417480e-01;6.918597221374511719e-02
4.692319631576538086e-01;-9.488795697689056396e-02;-4.275399148464202881e-01
3.426086604595184326e-01;-1.224274411797523499e-01;-3.583824634552001953e-01
3.749590218067169189e-01;-2.429024577140808105e-01;-4.697535336017608643e-01
5.759702324867248535e-01;5.949313938617706299e-02;-3.826360106468200684e-01
6.247083544731140137e-01;2.627044916152954102e-02;-3.872293829917907715e-01
3.661389946937561035e-01;-1.932760477066040039e-01;-2.765732407569885254e-01
3.089568614959716797e-01;8.628021180629730225e-02;-4.407160580158233643e-01
5.526965260505676270e-01;-3.083063960075378418e-01;-3.458538353443145752e-01
5.694354176521301270e-01;-5.172395333647727966e-02;-2.042351216077804565e-01
2.135400772094726562e-01;-1.712271422147750854e-01;-2.836663126945495605e-01
-2.796119749546051025e-01;4.979850053787231445e-01;-4.941748380661010742e-01
-2.796119749546051025e-01;4.979850053787231445e-01;-4.941748380661010742e-01
-2.795299887657165527e-01;4.181007146835327148e-01;-4.741156101226806641e-01
-2.795291543006896973e-01;4.016522169113159180e-01;-4.638824462890625000e-01
-2.795096337795257568e-01;3.518624901771545410e-01;-4.400169253349304199e-01
-2.800351977348327637e-01;4.867478311061859131e-01;-3.131027221679687500e-01
-2.793621718883514404e-01;2.928854823112487793e-01;-4.628117382526397705e-01
-2.794916927814483643e-01;2.864434421062469482e-01;-4.067920446395874023e-01
-1.748511940240859985e-01;4.986658096313476562e-01;-2.750680744647979736e-01
-2.222514897584915161e-01;3.240772485733032227e-01;-3.239393830299377441e-01
1.269242167472839355e-01;-3.787290751934051514e-01;-4.540724456310272217e-01
1.274611651897430420e-01;-4.893057346343994141e-01;-3.133835196495056152e-01
-2.003006637096405029e-02;-2.053316086530685425e-01;-4.934307336807250977e-01
2.121463418006896973e-03;-1.701493561267852783e-01;-4.570673406124114990e-01
-1.361948251724243164e-01;-3.646190762519836426e-01;-4.103440046310424805e-01
2.135400772094726562e-01;-1.712271422147750854e-01;-2.836663126945495605e-01
3.749590218067169189e-01;-2.429024577140808105e-01;-4.697535336017608643e-01
5.993171036243438721e-02;-3.189602196216583252e-01;-1.435814797878265381e-01
3.426086604595184326e-01;-1.224274337291717529e-01;-3.583824634552001953e-01
3.661389946937561035e-01;-1.932760477066040039e-01;-2.765732407569885254e-01
-2.792824208736419678e-01;1.039069741964340210e-01;4.454767704010009766e-01
-2.792824208736419678e-01;1.039069741964340210e-01;4.454767704010009766e-01
-2.792216241359710693e-01;6.798920780420303345e-02;4.614835977554321289e-01
-2.791648805141448975e-01;1.017808243632316589e-01;4.945677816867828369e-01
-2.792978882789611816e-01;3.467921912670135498e-02;4.250617027282714844e-01
-2.794167995452880859e-01;1.804026514291763306e-01;4.201821386814117432e-01
-2.795272767543792725e-01;1.815697699785232544e-01;3.743332922458648682e-01
-2.794256806373596191e-01;-1.600134372711181641e-02;3.711118698120117188e-01
-2.792884707450866699e-01;-3.640404343605041504e-02;4.292306303977966309e-01
-2.792884707450866699e-01;-3.640404343605041504e-02;4.292306303977966309e-01
7.503038048744201660e-01;1.188683286309242249e-01;3.591854870319366455e-01
7.493666410446166992e-01;2.121281027793884277e-01;2.915014624595642090e-01
6.693857908248901367e-01;1.013122722506523132e-01;2.285924106836318970e-01
6.642144322395324707e-01;1.740911900997161865e-01;2.025852799415588379e-01
6.718750596046447754e-01;2.905310690402984619e-01;3.535438179969787598e-01
7.501423954963684082e-01;-8.670728653669357300e-02;2.747187614440917969e-01
5.863721966743469238e-01;2.393327653408050537e-01;2.617686688899993896e-01
6.360810995101928711e-01;-1.003914698958396912e-01;4.275558292865753174e-01
5.575326085090637207e-01;-6.340504437685012817e-02;3.435114026069641113e-01
4.809167981147766113e-01;1.566746085882186890e-01;2.734946310520172119e-01
1.309427320957183838e-01;3.992945328354835510e-02;-4.927992224693298340e-01
1.531501710414886475e-01;1.391390860080718994e-01;-4.927095472812652588e-01
3.089568614959716797e-01;8.628021925687789917e-02;-4.407160580158233643e-01
2.121463418006896973e-03;-1.701493561267852783e-01;-4.570673406124114990e-01
1.247996613383293152e-01;-1.620227470993995667e-02;-2.367330789566040039e-01
-2.003006637096405029e-02;-2.053316086530685425e-01;-4.934307336807250977e-01
3.426086604595184326e-01;-1.224274486303329468e-01;-3.583824634552001953e-01
2.135400772094726562e-01;-1.712271422147750854e-01;-2.836663126945495605e-01
2.451624572277069092e-01;1.704433560371398926e-01;-2.130481004714965820e-01
4.692319631576538086e-01;-9.488795697689056396e-02;-4.275399148464202881e-01
4.994384571909904480e-02;-1.139572933316230774e-01;4.340593218803405762e-01
1.857478544116020203e-02;-6.741693615913391113e-02;3.659307360649108887e-01
1.988497376441955566e-01;-1.464941352605819702e-01;4.562107920646667480e-01
1.559419631958007812e-01;-5.137100815773010254e-04;3.638240396976470947e-01
2.038562148809432983e-01;-3.960768133401870728e-02;4.328134655952453613e-01
4.867364838719367981e-02;-2.654570937156677246e-01;3.020094335079193115e-01
2.229455113410949707e-01;-2.669610083103179932e-01;3.685004711151123047e-01
2.275734990835189819e-01;-2.873358428478240967e-01;4.163557887077331543e-01
2.727715298533439636e-02;8.408766239881515503e-02;2.845226228237152100e-01
-2.204377800226211548e-01;-6.290022283792495728e-02;3.669428229331970215e-01
7.507526278495788574e-01;2.587839588522911072e-02;-4.095584452152252197e-01
7.103586792945861816e-01;1.216204315423965454e-01;-4.005104005336761475e-01
6.247083544731140137e-01;2.627044916152954102e-02;-3.872293829917907715e-01
5.759702324867248535e-01;5.949313566088676453e-02;-3.826360106468200684e-01
5.694354176521301270e-01;-5.172395333647727966e-02;-2.042351216077804565e-01
7.370323538780212402e-01;-1.068433821201324463e-01;-1.493673026561737061e-01
4.692319631576538086e-01;-9.488795697689056396e-02;-4.275399148464202881e-01
5.215057134628295898e-01;2.894148230552673340e-01;-4.695620536804199219e-01
6.146060824394226074e-01;3.744281530380249023e-01;-4.695610105991363525e-01
6.609753370285034180e-01;-1.825312077999114990e-01;-1.048550307750701904e-01
8.322358876466751099e-02;4.471291303634643555e-01;4.341799020767211914e-01
1.094998121261596680e-01;4.262312948703765869e-01;3.481001555919647217e-01
1.333064734935760498e-01;2.848536074161529541e-01;2.915351092815399170e-01
-1.406598985195159912e-01;4.217362403869628906e-01;3.291185498237609863e-01
-8.111274987459182739e-02;2.566830515861511230e-01;4.941360354423522949e-01
1.821657419204711914e-01;1.752018630504608154e-01;4.458725750446319580e-01
1.513385176658630371e-01;3.714624047279357910e-01;1.313313841819763184e-01
-1.104549244046211243e-01;2.080728411674499512e-01;3.220048546791076660e-01
4.549472779035568237e-02;2.641494572162628174e-01;1.557430028915405273e-01
-1.165515705943107605e-01;1.861892938613891602e-01;3.670776486396789551e-01
4.941718280315399170e-01;4.267128705978393555e-01;3.152921795845031738e-01
7.500997781753540039e-01;4.949350357055664062e-01;3.978433012962341309e-01
7.501304149627685547e-01;4.949388802051544189e-01;3.978339135646820068e-01
7.376406788825988770e-01;4.964732527732849121e-01;3.805161416530609131e-01
7.501395344734191895e-01;4.949610829353332520e-01;3.978423476219177246e-01
7.220886945724487305e-01;4.596403539180755615e-01;1.086980402469635010e-01
7.501167654991149902e-01;4.949463605880737305e-01;3.978492319583892822e-01
7.306660413742065430e-01;2.056315839290618896e-01;3.171525299549102783e-01
7.501079440116882324e-01;4.949564933776855469e-01;3.978255987167358398e-01
7.501067519187927246e-01;4.949596226215362549e-01;3.978350758552551270e-01
6.865671873092651367e-01;-3.984126448631286621e-01;-8.922487497329711914e-02
7.326300144195556641e-01;-4.939059913158416748e-01;-3.448112308979034424e-01
7.324520945549011230e-01;-4.939947128295898438e-01;-3.448554873466491699e-01
7.321082949638366699e-01;-4.936631619930267334e-01;-3.434873521327972412e-01
7.325521707534790039e-01;-4.939829111099243164e-01;-3.448714911937713623e-01
5.948930978775024414e-01;-4.927251338958740234e-01;-4.502950310707092285e-01
7.324562072753906250e-01;-4.939346909523010254e-01;-3.448755145072937012e-01
4.970139265060424805e-01;-3.370624184608459473e-01;-3.541335761547088623e-01
7.324677705764770508e-01;-4.939092397689819336e-01;-3.447124361991882324e-01
7.325154542922973633e-01;-4.939501881599426270e-01;-3.448382914066314697e-01
6.758599877357482910e-01;4.253188371658325195e-01;-2.274415791034698486e-01
6.147468686103820801e-01;3.744674324989318848e-01;-4.696329236030578613e-01
6.145144701004028320e-01;3.743387162685394287e-01;-4.696839153766632080e-01
6.862172484397888184e-01;7.195246219635009766e-02;-3.944579958915710449e-01
6.146373152732849121e-01;3.743313848972320557e-01;-4.697231948375701904e-01
7.508174180984497070e-01;4.893388152122497559e-01;-4.357410669326782227e-01
6.144526004791259766e-01;3.744486570358276367e-01;-4.697207510471343994e-01
4.004199206829071045e-01;2.983031272888183594e-01;-4.423359036445617676e-01
6.145051717758178711e-01;3.744534850120544434e-01;-4.694675505161285400e-01
6.146055459976196289e-01;3.744335770606994629e-01;-4.696214497089385986e-01
2.205331176519393921e-01;-2.609601020812988281e-01;1.841226816177368164e-01
1.727903485298156738e-01;-2.361846119165420532e-01;-5.189424008131027222e-02
1.727406531572341919e-01;-2.361990660429000854e-01;-5.191851034760475159e-02
4.482759535312652588e-02;-3.602269887924194336e-01;-1.388167440891265869e-01
1.727804541587829590e-01;-2.361811995506286621e-01;-5.192019045352935791e-02
2.202581763267517090e-01;-1.845381557941436768e-01;-2.660490572452545166e-01
1.727641820907592773e-01;-2.361868470907211304e-01;-5.190340429544448853e-02
-6.071573495864868164e-02;-1.857602596282958984e-01;-5.788072943687438965e-03
1.727521717548370361e-01;-2.361692339181900024e-01;-5.189561098814010620e-02
1.727436035871505737e-01;-2.361937165260314941e-01;-5.193475633859634399e-02
1.192252561450004578e-01;3.942534327507019043e-01;3.897645771503448486e-01
1.822239756584167480e-01;1.752263307571411133e-01;4.458344280719757080e-01
1.821502298116683960e-01;1.751642376184463501e-01;4.458297193050384521e-01
1.445181369781494141e-01;-2.348200976848602295e-02;3.993987441062927246e-01
1.821830868721008301e-01;1.751869916915893555e-01;4.458136558532714844e-01
3.057580590248107910e-01;7.453951239585876465e-02;3.962744176387786865e-01
1.821258515119552612e-01;1.752141416072845459e-01;4.458162188529968262e-01
1.124516129493713379e-02;7.418248057365417480e-02;3.154312074184417725e-01
1.821154505014419556e-01;1.752182692289352417e-01;4.459019899368286133e-01
1.821624487638473511e-01;1.752154976129531860e-01;4.458503127098083496e-01
-2.807090878486633301e-01;-3.919106125831604004e-01;-3.069182038307189941e-01
-2.800896167755126953e-01;-4.880881011486053467e-01;-2.919844090938568115e-01
-2.801006734371185303e-01;-4.880969524383544922e-01;-2.919925749301910400e-01
-2.787765562534332275e-01;-4.849047660827636719e-01;-2.974439561367034912e-01
-2.800848484039306641e-01;-4.880854785442352295e-01;-2.919929623603820801e-01
-2.784086465835571289e-01;-4.755676388740539551e-01;-1.773766577243804932e-01
-2.801138758659362793e-01;-4.880797266960144043e-01;-2.919845581054687500e-01
-2.795793116092681885e-01;-4.746544361114501953e-01;-3.903238177299499512e-01
-2.801210880279541016e-01;-4.880768060684204102e-01;-2.919746339321136475e-01
-2.801097333431243896e-01;-4.880777895450592041e-01;-2.919872999191284180e-01
6.447929143905639648e-01;1.728865504264831543e-01;2.553349435329437256e-01
5.647338628768920898e-01;1.186135932803153992e-01;2.713835053145885468e-02
5.644401311874389648e-01;1.184903085231781006e-01;2.705058082938194275e-02
3.522656559944152832e-01;4.612284898757934570e-02;3.791450709104537964e-02
5.646383166313171387e-01;1.184767633676528931e-01;2.700921893119812012e-02
4.963551163673400879e-01;2.823949456214904785e-01;2.938129566609859467e-02
5.644069314002990723e-01;1.185843572020530701e-01;2.700663730502128601e-02
7.380909919738769531e-01;-3.696693480014801025e-02;1.392130255699157715e-01
5.644944906234741211e-01;1.186249405145645142e-01;2.727152779698371887e-02
5.645527839660644531e-01;1.185635998845100403e-01;2.708193473517894745e-02
1.686746925115585327e-01;1.640293002128601074e-01;-1.387380063533782959e-02
8.598257601261138916e-02;2.596324384212493896e-01;-1.751407086849212646e-01
8.604138344526290894e-02;2.596560716629028320e-01;-1.751411855220794678e-01
-4.951131343841552734e-02;1.696041822433471680e-01;-2.188229411840438843e-01
8.602009713649749756e-02;2.596789598464965820e-01;-1.751347333192825317e-01
1.885576844215393066e-01;4.099654555320739746e-01;-2.401219010353088379e-01
8.604023605585098267e-02;2.596440315246582031e-01;-1.751232445240020752e-01
-5.601091682910919189e-02;2.164992690086364746e-01;-7.712775468826293945e-02
8.601962774991989136e-02;2.596508860588073730e-01;-1.751788556575775146e-01
8.600634336471557617e-02;2.596556246280670166e-01;-1.751538068056106567e-01
2.206509560346603394e-01;-2.529765963554382324e-01;4.027981460094451904e-01
1.604654788970947266e-01;-4.892078638076782227e-01;3.939632773399353027e-01
1.604338139295578003e-01;-4.892310798168182373e-01;3.939530551433563232e-01
1.580286324024200439e-01;-4.860994517803192139e-01;4.096773862838745117e-01
1.604568511247634888e-01;-4.892381727695465088e-01;3.939420878887176514e-01
2.325311452150344849e-01;-3.011118173599243164e-01;2.068423330783843994e-01
1.603845059871673584e-01;-4.891978800296783447e-01;3.939383327960968018e-01
-5.531829595565795898e-02;-4.003407657146453857e-01;2.024571746587753296e-01
1.604150235652923584e-01;-4.892072677612304688e-01;3.939994275569915771e-01
1.604452431201934814e-01;-4.891996085643768311e-01;3.939757645130157471e-01
-2.786739170551300049e-01;3.837059438228607178e-02;1.406558454036712646e-01
-2.799059152603149414e-01;-4.761149361729621887e-02;7.097268104553222656e-02
-2.799613475799560547e-01;-4.764973372220993042e-02;7.096228003501892090e-02
-2.795746922492980957e-01;-1.509969234466552734e-01;7.781837880611419678e-02
-2.799282968044281006e-01;-4.763115197420120239e-02;7.095460593700408936e-02
-2.787288427352905273e-01;-8.501148223876953125e-02;1.737502962350845337e-01
-2.799682021141052246e-01;-4.761878401041030884e-02;7.096156477928161621e-02
-2.778659760951995850e-01;2.409217506647109985e-02;-1.340833306312561035e-02
-2.799834311008453369e-01;-4.760827869176864624e-02;7.101447135210037231e-02
-2.799557745456695557e-01;-4.761418700218200684e-02;7.097467780113220215e-02
4.143670499324798584e-01;4.115467369556427002e-01;1.712877750396728516e-01
3.951361179351806641e-01;5.015720725059509277e-01;-5.794169264845550060e-04
3.949429690837860107e-01;5.014761090278625488e-01;-6.344152498058974743e-04
3.305590748786926270e-01;4.213674068450927734e-01;-2.227747887372970581e-01
3.950646817684173584e-01;5.014655590057373047e-01;-6.694180774502456188e-04
6.880479454994201660e-01;4.859961867332458496e-01;-5.369074642658233643e-02
3.949175477027893066e-01;5.015531182289123535e-01;-6.553886341862380505e-04
1.340505778789520264e-01;4.016712009906768799e-01;8.881703764200210571e-02
3.949722647666931152e-01;5.015653967857360840e-01;-4.788303631357848644e-04
3.950203657150268555e-01;5.015361905097961426e-01;-6.056839483790099621e-04
-2.784373164176940918e-01;-3.888295888900756836e-01;8.266846090555191040e-02
-2.805017530918121338e-01;-4.880182743072509766e-01;1.354106217622756958e-01
-2.805094420909881592e-01;-4.880184531211853027e-01;1.354088932275772095e-01
-2.786814570426940918e-01;-4.855289459228515625e-01;1.377514451742172241e-01
-2.805068790912628174e-01;-4.880295395851135254e-01;1.354079991579055786e-01
-2.800337076187133789e-01;-4.814549684524536133e-01;2.574327588081359863e-01
-2.805269658565521240e-01;-4.880137145519256592e-01;1.354034543037414551e-01
-2.787957787513732910e-01;-4.846323728561401367e-01;3.610141575336456299e-02
-2.805101871490478516e-01;-4.880195260047912598e-01;1.354173272848129272e-01
-2.805055081844329834e-01;-4.880161285400390625e-01;1.354158818721771240e-01
6.625596284866333008e-01;-1.430901736021041870e-01;1.760754436254501343e-01
6.545718908309936523e-01;-2.419965714216232300e-01;-3.799050673842430115e-02
6.542367935180664062e-01;-2.421539574861526489e-01;-3.808594495058059692e-02
7.365015745162963867e-01;-1.412017941474914551e-01;-1.744129061698913574e-01
6.544530987739562988e-01;-2.421498298645019531e-01;-3.812893852591514587e-02
5.817465782165527344e-01;-1.016735285520553589e-01;-1.520495712757110596e-01
6.541987657546997070e-01;-2.420240640640258789e-01;-3.812174871563911438e-02
6.650291681289672852e-01;-4.312269091606140137e-01;3.045115619897842407e-02
6.542633175849914551e-01;-2.419876903295516968e-01;-3.781297430396080017e-02
6.543568968772888184e-01;-2.420456409454345703e-01;-3.802853450179100037e-02
1.997907608747482300e-01;-6.171669065952301025e-02;4.152360856533050537e-01
3.187258541584014893e-01;-1.880422681570053101e-01;2.733623981475830078e-01
3.186268210411071777e-01;-1.881064921617507935e-01;2.733417153358459473e-01
2.235740125179290771e-01;-3.255974054336547852e-01;2.015479803085327148e-01
3.186811208724975586e-01;-1.880822777748107910e-01;2.733234167098999023e-01
2.139705866575241089e-01;-5.289483070373535156e-02;2.168859243392944336e-01
3.186106681823730469e-01;-1.880539506673812866e-01;2.733388543128967285e-01
2.146027088165283203e-01;-2.866421937942504883e-01;4.111311733722686768e-01
3.186087310314178467e-01;-1.880412995815277100e-01;2.734233438968658447e-01
3.186469376087188721e-01;-1.880540698766708374e-01;2.733588814735412598e-01
7.146523594856262207e-01;4.918045401573181152e-01;2.197194099426269531e-02
7.099516391754150391e-01;5.087570548057556152e-01;-1.550097465515136719e-01
7.096584439277648926e-01;5.086079835891723633e-01;-1.550898402929306030e-01
6.591020226478576660e-01;4.180378019809722900e-01;-2.578510642051696777e-01
7.098373174667358398e-01;5.086224079132080078e-01;-1.551226973533630371e-01
7.386921048164367676e-01;4.536645412445068359e-01;-3.798722028732299805e-01
7.096381187438964844e-01;5.087197422981262207e-01;-1.551213711500167847e-01
5.386858582496643066e-01;3.930173516273498535e-01;-8.289317786693572998e-02
7.096788287162780762e-01;5.087586045265197754e-01;-1.548421382904052734e-01
7.097675204277038574e-01;5.087043642997741699e-01;-1.550389230251312256e-01
-2.761702239513397217e-01;4.675289988517761230e-01;-1.945461928844451904e-01
-2.801767885684967041e-01;3.654552698135375977e-01;-1.739847213029861450e-01
-2.801735997200012207e-01;3.654566109180450439e-01;-1.739860624074935913e-01
-2.737971246242523193e-01;2.595372796058654785e-01;-1.696733385324478149e-01
-2.801751196384429932e-01;3.654712140560150146e-01;-1.739809215068817139e-01
-2.781562507152557373e-01;4.310093224048614502e-01;-5.291431397199630737e-02
-2.801605165004730225e-01;3.654522597789764404e-01;-1.739777177572250366e-01
-2.762042284011840820e-01;3.947768807411193848e-01;-2.854250669479370117e-01
-2.801828086376190186e-01;3.654614090919494629e-01;-1.739912629127502441e-01
-2.801839411258697510e-01;3.654583990573883057e-01;-1.739900857210159302e-01
5.829399451613426208e-02;1.498617529869079590e-01;3.135830163955688477e-01
4.538821801543235779e-02;2.641392350196838379e-01;1.557677686214447021e-01
4.557026177644729614e-02;2.642202973365783691e-01;1.558070629835128784e-01
-4.800824075937271118e-02;2.452997267246246338e-01;1.942361891269683838e-02
4.545962437987327576e-02;2.642193138599395752e-01;1.558306962251663208e-01
2.036246061325073242e-01;3.474182784557342529e-01;1.613016575574874878e-01
4.556397348642349243e-02;2.641647458076477051e-01;1.558268666267395020e-01
-1.512459516525268555e-01;2.961279153823852539e-01;1.779574155807495117e-01
4.554314166307449341e-02;2.641423642635345459e-01;1.556821018457412720e-01
4.550678282976150513e-02;2.641784548759460449e-01;1.557855606079101562e-01
2.745735049247741699e-01;-4.972544312477111816e-01;-5.420555174350738525e-02
4.191656708717346191e-01;-4.930826723575592041e-01;-2.429065853357315063e-01
4.190966784954071045e-01;-4.931313991546630859e-01;-2.429351210594177246e-01
5.342667698860168457e-01;-4.934861958026885986e-01;-4.294552505016326904e-01
4.191511869430541992e-01;-4.931313097476959229e-01;-2.429458498954772949e-01
6.648550033569335938e-01;-4.847321808338165283e-01;-6.741730868816375732e-02
4.190380275249481201e-01;-4.930742979049682617e-01;-2.429567128419876099e-01
4.112681150436401367e-01;-2.661332488059997559e-01;-3.049053251743316650e-01
4.190932512283325195e-01;-4.930765628814697266e-01;-2.428497076034545898e-01
4.191298186779022217e-01;-4.930796921253204346e-01;-2.429044395685195923e-01
3.025706410408020020e-01;4.148172736167907715e-01;-2.199790775775909424e-01
3.020448684692382812e-01;4.311554729938507080e-01;-4.458552598953247070e-01
3.021311163902282715e-01;4.311819672584533691e-01;-4.458496570587158203e-01
2.067908942699432373e-01;3.372212052345275879e-01;-3.584870696067810059e-01
3.021008968353271484e-01;4.311802089214324951e-01;-4.458458423614501953e-01
5.484576821327209473e-01;2.832775712013244629e-01;-4.865433871746063232e-01
3.020995259284973145e-01;4.311797022819519043e-01;-4.458384811878204346e-01
1.569168269634246826e-01;4.858387410640716553e-01;-3.289500474929809570e-01
3.020912706851959229e-01;4.311634302139282227e-01;-4.458678662776947021e-01
3.020997643470764160e-01;4.311921894550323486e-01;-4.458390474319458008e-01
