2.560678720474243164e-01;-7.486498951911926270e-01;4.768815040588378906e-01
2.365983277559280396e-01;-7.431185245513916016e-01;4.186061024665832520e-01
2.511230707168579102e-01;-7.682578563690185547e-01;3.942790627479553223e-01
2.485650181770324707e-01;-7.758829593658447266e-01;3.685249686241149902e-01
1.327770501375198364e-01;-7.536333203315734863e-01;4.768870472908020020e-01
2.217127084732055664e-01;-7.582510709762573242e-01;3.578557670116424561e-01
2.451930195093154907e-01;-7.843148708343505859e-01;3.366090655326843262e-01
2.438480108976364136e-01;-7.054052352905273438e-01;2.833410501480102539e-01
3.392226994037628174e-02;-7.633664608001708984e-01;4.327169656753540039e-01
2.066636830568313599e-01;-6.704506278038024902e-01;1.463064551353454590e-01
-4.307976365089416504e-01;-7.301397621631622314e-02;5.160808563232421875e-01
-4.556815922260284424e-01;1.682110130786895752e-02;4.765274226665496826e-01
-4.029541313648223877e-01;-2.233375310897827148e-01;4.695451855659484863e-01
-3.519787490367889404e-01;-1.938159167766571045e-01;4.230138361454010010e-01
-2.009849548339843750e-01;-7.964911311864852905e-02;4.323337078094482422e-01
-2.539944052696228027e-01;3.136132657527923584e-02;3.822154700756072998e-01
-2.367168366909027100e-01;-1.007518917322158813e-01;3.686883747577667236e-01
-2.511780261993408203e-01;1.053296178579330444e-01;3.798488974571228027e-01
-2.737344205379486084e-01;-2.516216337680816650e-01;3.537296950817108154e-01
-1.866547167301177979e-01;-1.111885383725166321e-01;3.578592538833618164e-01
2.164033055305480957e-01;6.810996532440185547e-01;-4.334627091884613037e-01
2.587028443813323975e-01;7.363047599792480469e-01;-4.334610700607299805e-01
2.458521574735641479e-01;7.480517625808715820e-01;-4.334595799446105957e-01
2.557335495948791504e-01;7.475913763046264648e-01;-4.334599077701568604e-01
2.540823519229888916e-01;7.081276178359985352e-01;-3.715248405933380127e-01
2.527216374874114990e-01;7.505546212196350098e-01;-4.223721027374267578e-01
2.553306221961975098e-01;7.522420883178710938e-01;-4.121277928352355957e-01
2.575995624065399170e-01;7.534323334693908691e-01;-4.101769626140594482e-01
2.363352477550506592e-01;7.452992796897888184e-01;-3.700375258922576904e-01
2.124605029821395874e-01;7.607407569885253906e-01;-3.816028535366058350e-01
2.558049857616424561e-01;-7.211720943450927734e-01;-4.113270938396453857e-01
2.338621169328689575e-01;-7.197887897491455078e-01;-4.334625601768493652e-01
2.371309995651245117e-01;-7.419936060905456543e-01;-3.915561437606811523e-01
2.543796598911285400e-01;-6.919875741004943848e-01;-3.923145830631256104e-01
2.191690057516098022e-01;-7.229350805282592773e-01;-4.334648549556732178e-01
2.518973052501678467e-01;-7.155191898345947266e-01;-3.623467385768890381e-01
2.453556954860687256e-01;-7.611235380172729492e-01;-3.812609314918518066e-01
2.513021230697631836e-01;-7.614452242851257324e-01;-3.794630169868469238e-01
1.718697249889373779e-01;-7.543364763259887695e-01;-4.198701679706573486e-01
2.488929182291030884e-01;-7.238056063652038574e-01;-3.187824785709381104e-01
-4.374329149723052979e-01;6.823738217353820801e-01;-4.836906790733337402e-01
-3.478142023086547852e-01;6.093754172325134277e-01;-4.449749886989593506e-01
-2.373424321413040161e-01;6.348258852958679199e-01;-4.333697855472564697e-01
-2.715314924716949463e-01;6.991067528724670410e-01;-3.183286190032958984e-01
-3.468123674392700195e-01;4.505657255649566650e-01;-4.446650445461273193e-01
-3.043663203716278076e-01;5.597357153892517090e-01;-2.639642059803009033e-01
-1.539653539657592773e-01;7.474746704101562500e-01;-4.334685504436492920e-01
-9.718957543373107910e-02;7.584064006805419922e-01;-4.334688484668731689e-01
-2.148156464099884033e-01;4.198275506496429443e-01;-3.887512385845184326e-01
-1.639342010021209717e-01;4.958996176719665527e-01;-3.434818685054779053e-01
-5.865390226244926453e-02;5.636764317750930786e-02;-1.947453469038009644e-01
-1.086461171507835388e-01;7.438922673463821411e-02;-1.716015338897705078e-01
-4.023532941937446594e-02;-2.035113424062728882e-02;-1.153321340680122375e-01
6.707914173603057861e-02;7.230471819639205933e-02;-2.397909313440322876e-01
-1.742828264832496643e-02;-4.491636157035827637e-02;-2.781160473823547363e-01
-1.175660118460655212e-01;6.035421416163444519e-02;-3.352878689765930176e-01
-2.317373082041740417e-02;-3.014996647834777832e-02;-6.606598198413848877e-02
8.193208277225494385e-02;-7.371779531240463257e-02;-2.328908592462539673e-01
-3.116728737950325012e-02;1.859136819839477539e-01;-3.423608839511871338e-02
-1.040229871869087219e-01;2.722678780555725098e-01;-2.688953578472137451e-01
2.467692196369171143e-01;4.174769818782806396e-01;2.360523045063018799e-01
2.291865944862365723e-01;4.113100767135620117e-01;1.603737175464630127e-01
2.455044090747833252e-01;3.148606717586517334e-01;1.941142976284027100e-01
1.470446437597274780e-01;4.179079234600067139e-01;1.661969125270843506e-01
2.339150458574295044e-01;5.276190638542175293e-01;1.707126200199127197e-01
2.456310987472534180e-01;2.752463519573211670e-01;2.023963481187820435e-01
2.208676487207412720e-01;3.359657824039459229e-01;1.164174377918243408e-01
1.154111772775650024e-01;4.394653141498565674e-01;1.021020412445068359e-01
1.370383501052856445e-01;5.452775955200195312e-01;1.444201916456222534e-01
2.454880475997924805e-01;6.109080910682678223e-01;2.622250616550445557e-01
2.502590417861938477e-01;-3.624618053436279297e-01;2.511609196662902832e-01
2.430455237627029419e-01;-4.164389669895172119e-01;2.099408805370330811e-01
2.309634685516357422e-01;-4.082339406013488770e-01;1.510903984308242798e-01
2.361961901187896729e-01;-5.327548384666442871e-01;2.045248597860336304e-01
2.264534085988998413e-01;-2.261080443859100342e-01;1.372552812099456787e-01
2.424634248018264771e-01;-1.781013906002044678e-01;1.805366873741149902e-01
1.395337134599685669e-01;-5.095401406288146973e-01;1.715302318334579468e-01
1.761253774166107178e-01;-4.444841146469116211e-01;7.794906198978424072e-02
1.104088872671127319e-01;-4.548269808292388916e-01;9.744752943515777588e-02
1.514384001493453979e-01;-2.833791077136993408e-01;4.626086354255676270e-02
-3.084496855735778809e-01;4.201751053333282471e-01;4.802204370498657227e-01
-3.310379087924957275e-01;4.325424134731292725e-01;4.079480171203613281e-01
-2.820947766304016113e-01;4.484791457653045654e-01;3.850190341472625732e-01
-2.389593720436096191e-01;3.730228841304779053e-01;3.700751662254333496e-01
-3.230317234992980957e-01;5.733819603919982910e-01;4.833328425884246826e-01
-1.360122114419937134e-01;4.546530544757843018e-01;2.898161113262176514e-01
-3.204335272312164307e-01;1.829765141010284424e-01;3.594637215137481689e-01
-2.306209355592727661e-01;1.845881491899490356e-01;3.729133903980255127e-01
-2.617555856704711914e-01;1.639418601989746094e-01;3.765695691108703613e-01
-7.409310340881347656e-02;3.199520111083984375e-01;3.405470252037048340e-01
5.318711325526237488e-02;-8.329313397407531738e-01;-3.639845550060272217e-02
-3.739928081631660461e-02;-8.090355396270751953e-01;-4.832630231976509094e-02
-1.908904686570167542e-02;-8.165220022201538086e-01;6.383361667394638062e-02
1.351905614137649536e-02;-7.126114964485168457e-01;-2.328244782984256744e-02
-7.823346555233001709e-02;-7.985019683837890625e-01;-1.132836751639842987e-02
-6.770148873329162598e-02;-8.014575242996215820e-01;4.418545216321945190e-02
-8.062018454074859619e-02;-7.331734895706176758e-01;8.040229976177215576e-02
-1.441722363233566284e-01;-7.777915596961975098e-01;-3.448015451431274414e-02
9.959197044372558594e-02;-6.680030822753906250e-01;1.084899753332138062e-01
1.558404117822647095e-01;-6.210561990737915039e-01;6.858895719051361084e-02
2.448553442955017090e-01;-3.338947296142578125e-01;-1.552955061197280884e-01
2.247141450643539429e-01;-3.045136034488677979e-01;-1.211172714829444885e-01
1.717632710933685303e-01;-3.815295994281768799e-01;-1.595970094203948975e-01
2.185881286859512329e-01;-4.138895571231842041e-01;-1.264021694660186768e-01
1.686640679836273193e-01;-3.686596453189849854e-01;-5.756889283657073975e-02
1.780346482992172241e-01;-2.064183652400970459e-01;-1.632331758737564087e-01
2.498847246170043945e-01;-4.849176704883575439e-01;-2.252522110939025879e-01
1.394577622413635254e-01;-3.804912865161895752e-01;-3.456743806600570679e-02
1.967754513025283813e-01;-4.375200867652893066e-01;-1.880890130996704102e-02
1.680430173873901367e-01;-1.690122932195663452e-01;-1.244975626468658447e-01
-5.007856711745262146e-02;7.576046586036682129e-01;4.768898189067840576e-01
1.578593850135803223e-01;7.470888495445251465e-01;4.768812060356140137e-01
-2.459929585456848145e-01;6.980960369110107422e-01;3.781554400920867920e-01
-2.318482697010040283e-01;7.102634906768798828e-01;3.487432897090911865e-01
-2.660544812679290771e-01;7.696241140365600586e-01;3.063692152500152588e-01
2.409142255783081055e-01;7.434865832328796387e-01;4.341938793659210205e-01
2.539457082748413086e-01;7.525424361228942871e-01;4.561370015144348145e-01
2.517916262149810791e-01;7.622236609458923340e-01;4.239275157451629639e-01
-2.470450699329376221e-01;6.956033110618591309e-01;2.449925392866134644e-01
2.504618167877197266e-01;7.677929401397705078e-01;3.955650329589843750e-01
-4.215549528598785400e-01;-3.725497126579284668e-01;4.991324245929718018e-01
-3.885600566864013672e-01;-4.628909230232238770e-01;4.348777234554290771e-01
-3.728986084461212158e-01;-4.793641567230224609e-01;4.223056733608245850e-01
-4.029541313648223877e-01;-2.233375310897827148e-01;4.695451855659484863e-01
-4.571041762828826904e-01;-5.546274781227111816e-01;4.940672814846038818e-01
-3.205367922782897949e-01;-3.221458196640014648e-01;3.389845788478851318e-01
-2.698349058628082275e-01;-3.237665891647338867e-01;3.835836350917816162e-01
-3.519787490367889404e-01;-1.938159167766571045e-01;4.230138361454010010e-01
-2.919420003890991211e-01;-5.130355358123779297e-01;3.903914093971252441e-01
-2.737344205379486084e-01;-2.516216337680816650e-01;3.537296950817108154e-01
-4.060156941413879395e-01;-1.679182797670364380e-01;-4.190880954265594482e-01
-3.865194022655487061e-01;-1.571493297815322876e-01;-3.798322379589080811e-01
-4.107727408409118652e-01;-6.519145518541336060e-02;-4.079303443431854248e-01
-4.027334153652191162e-01;-4.328111559152603149e-02;-4.158921539783477783e-01
-3.777502775192260742e-01;-4.042717069387435913e-02;-4.020343720912933350e-01
-3.535047769546508789e-01;-2.522753365337848663e-02;-3.877914249897003174e-01
-3.218506574630737305e-01;-8.022289723157882690e-03;-3.687675595283508301e-01
-2.739134728908538818e-01;-2.999380230903625488e-03;-3.479434251785278320e-01
-2.325219660997390747e-01;1.016696169972419739e-02;-3.467549383640289307e-01
-2.065864354372024536e-01;5.499213561415672302e-02;-3.506743311882019043e-01
2.229515016078948975e-01;6.401163339614868164e-01;3.216756582260131836e-01
2.319594174623489380e-01;7.192381620407104492e-01;3.360714316368103027e-01
2.278285622596740723e-01;7.570483088493347168e-01;3.857426047325134277e-01
2.375983744859695435e-01;7.718172669410705566e-01;3.833736479282379150e-01
2.401103675365447998e-01;7.673378586769104004e-01;3.749145269393920898e-01
2.362034022808074951e-01;7.628945112228393555e-01;3.887419700622558594e-01
2.424375265836715698e-01;7.629673480987548828e-01;3.983943462371826172e-01
2.529682219028472900e-01;7.645607590675354004e-01;4.096420109272003174e-01
2.483683675527572632e-01;7.591453194618225098e-01;4.198285639286041260e-01
2.458548545837402344e-01;7.581930160522460938e-01;4.346319139003753662e-01
1.602276414632797241e-01;-7.400077581405639648e-02;1.073268055915832520e-02
1.565334051847457886e-01;-6.464822590351104736e-02;1.454873383045196533e-02
1.509145647287368774e-01;-5.912003666162490845e-02;1.621695607900619507e-02
1.476766914129257202e-01;-4.791694134473800659e-02;2.800507098436355591e-02
1.510366648435592651e-01;-3.681946545839309692e-02;5.703807249665260315e-02
1.594410538673400879e-01;-2.658769302070140839e-02;9.602288901805877686e-02
1.694747358560562134e-01;-9.348092600703239441e-03;1.204258129000663757e-01
1.760019659996032715e-01;2.305340953171253204e-02;1.251046061515808105e-01
1.827190369367599487e-01;5.852501094341278076e-02;1.240960359573364258e-01
2.122389078140258789e-01;5.382951349020004272e-02;1.422575861215591431e-01
-3.019913434982299805e-01;4.437269866466522217e-01;4.020768702030181885e-01
-2.971718013286590576e-01;4.429591894149780273e-01;3.996023237705230713e-01
-2.886294722557067871e-01;4.429028630256652832e-01;4.192295670509338379e-01
-3.012048900127410889e-01;5.106269121170043945e-01;4.453217983245849609e-01
-2.990574240684509277e-01;6.185650825500488281e-01;4.092180430889129639e-01
-2.694382071495056152e-01;6.914532184600830078e-01;3.653028011322021484e-01
-2.708848118782043457e-01;7.293685078620910645e-01;3.730337917804718018e-01
-3.016144633293151855e-01;7.236614823341369629e-01;3.907990455627441406e-01
-2.610048055648803711e-01;6.775298118591308594e-01;3.778328895568847656e-01
-7.430896162986755371e-02;7.522103190422058105e-01;4.741441905498504639e-01
-3.631147742271423340e-01;-6.628129482269287109e-01;4.355756342411041260e-01
-4.034186601638793945e-01;-6.090674400329589844e-01;4.804553091526031494e-01
-3.943180441856384277e-01;-6.000075936317443848e-01;4.595891237258911133e-01
-3.459731042385101318e-01;-6.108024716377258301e-01;4.446261227130889893e-01
-3.077660799026489258e-01;-6.145117878913879395e-01;4.298937618732452393e-01
-2.910475432872772217e-01;-6.097269058227539062e-01;4.176408946514129639e-01
-2.973013222217559814e-01;-5.964934229850769043e-01;4.126047492027282715e-01
-3.039361238479614258e-01;-5.675679445266723633e-01;4.115590453147888184e-01
-3.020987212657928467e-01;-5.481231808662414551e-01;4.084624350070953369e-01
-2.941606044769287109e-01;-5.517255663871765137e-01;3.814285099506378174e-01
-3.671288490295410156e-01;-6.746779680252075195e-01;-4.128556251525878906e-01
-3.563786447048187256e-01;-6.829116344451904297e-01;-4.008099138736724854e-01
-3.187906146049499512e-01;-7.017844319343566895e-01;-3.868324756622314453e-01
-2.913751602172851562e-01;-7.163900732994079590e-01;-3.780336380004882812e-01
-2.637049555778503418e-01;-7.287763357162475586e-01;-3.749746680259704590e-01
-2.370676249265670776e-01;-7.262291312217712402e-01;-3.722136914730072021e-01
-2.179251462221145630e-01;-7.061945199966430664e-01;-3.671178817749023438e-01
-1.974976807832717896e-01;-6.701517105102539062e-01;-3.611884713172912598e-01
-1.657524406909942627e-01;-6.438768506050109863e-01;-3.403131365776062012e-01
-1.297101229429244995e-01;-6.499800086021423340e-01;-2.939112186431884766e-01
-1.380062997341156006e-01;2.840084135532379150e-01;1.349820047616958618e-01
-1.512384712696075439e-01;2.714151740074157715e-01;1.580242216587066650e-01
-1.256327629089355469e-01;3.106711804866790771e-01;1.468429565429687500e-01
-1.015742942690849304e-01;3.677767813205718994e-01;1.356702893972396851e-01
-1.067743152379989624e-01;4.032639265060424805e-01;1.507365554571151733e-01
-1.221388876438140869e-01;4.392710924148559570e-01;1.820147633552551270e-01
-1.189022660255432129e-01;4.857988953590393066e-01;1.820751130580902100e-01
-6.114688515663146973e-02;4.964893162250518799e-01;1.489996463060379028e-01
5.244013667106628418e-02;4.561016559600830078e-01;9.683694690465927124e-02
9.493532776832580566e-02;4.658087790012359619e-01;7.863751053810119629e-02
3.145186230540275574e-03;-4.939455091953277588e-01;-1.309826783835887909e-02
8.326215669512748718e-03;-4.921321868896484375e-01;-8.559890091419219971e-03
6.917977705597877502e-03;-4.907953739166259766e-01;2.141199074685573578e-03
4.357325285673141479e-02;-4.999363720417022705e-01;-6.555153522640466690e-03
9.855587780475616455e-02;-5.119988918304443359e-01;-1.960167102515697479e-02
1.274724453687667847e-01;-5.056648850440979004e-01;-1.382804103195667267e-02
1.314466297626495361e-01;-4.905228018760681152e-01;6.411648355424404144e-04
1.338177174329757690e-01;-4.789185523986816406e-01;1.280944608151912689e-02
1.340403407812118530e-01;-4.655052721500396729e-01;2.153021655976772308e-02
1.228915080428123474e-01;-4.581352174282073975e-01;4.311504960060119629e-02
-1.192451268434524536e-02;6.669093370437622070e-01;-7.512581348419189453e-02
3.063381835818290710e-02;6.507852077484130859e-01;-1.601792499423027039e-02
6.162387132644653320e-02;6.450338363647460938e-01;4.032596945762634277e-02
8.876649290323257446e-02;6.610607504844665527e-01;3.667049482464790344e-02
8.911521732807159424e-02;6.846143603324890137e-01;3.094363957643508911e-02
6.485056877136230469e-02;7.253316044807434082e-01;3.483998030424118042e-02
3.646566718816757202e-02;7.653241753578186035e-01;4.143109917640686035e-02
1.963212527334690094e-02;7.957706451416015625e-01;4.236138612031936646e-02
2.007252350449562073e-02;8.059653043746948242e-01;3.739530965685844421e-02
5.412725359201431274e-02;7.848930358886718750e-01;3.843272477388381958e-02
-2.352003306150436401e-01;-3.491125106811523438e-01;3.110027015209197998e-01
-2.158401906490325928e-01;-3.418153524398803711e-01;3.102967441082000732e-01
-2.152399122714996338e-01;-3.267979025840759277e-01;3.105317354202270508e-01
-2.070050537586212158e-01;-3.372821807861328125e-01;3.039726018905639648e-01
-1.961219310760498047e-01;-3.359879851341247559e-01;3.034856915473937988e-01
-1.780935227870941162e-01;-3.162140548229217529e-01;3.166490495204925537e-01
-1.619932353496551514e-01;-2.807942926883697510e-01;3.391825556755065918e-01
-1.311174929141998291e-01;-2.678790092468261719e-01;3.450149893760681152e-01
-7.357379049062728882e-02;-2.744932174682617188e-01;3.223903179168701172e-01
-2.215261757373809814e-02;-2.615022659301757812e-01;2.927072942256927490e-01
1.601205468177795410e-01;2.903089821338653564e-01;-1.418077200651168823e-01
1.911408752202987671e-01;2.672392427921295166e-01;-1.359374225139617920e-01
1.923941671848297119e-01;2.802588939666748047e-01;-1.360579133033752441e-01
1.921696960926055908e-01;3.021328449249267578e-01;-1.450490057468414307e-01
1.948764473199844360e-01;3.264752030372619629e-01;-1.493327617645263672e-01
1.987155675888061523e-01;3.593192100524902344e-01;-1.514478921890258789e-01
1.973822563886642456e-01;4.073179662227630615e-01;-1.589521020650863647e-01
2.071740925312042236e-01;4.498772621154785156e-01;-1.576762497425079346e-01
2.163460850715637207e-01;4.904950857162475586e-01;-1.499715298414230347e-01
2.205899506807327271e-01;5.145401954650878906e-01;-1.375225484371185303e-01
-2.368417382240295410e-01;1.793051511049270630e-02;3.081650733947753906e-01
-2.440004348754882812e-01;7.097360491752624512e-02;3.116928935050964355e-01
-2.909464836120605469e-01;1.344370543956756592e-01;3.290958404541015625e-01
-2.850393354892730713e-01;1.348847150802612305e-01;3.607522547245025635e-01
-2.679413259029388428e-01;1.349860578775405884e-01;3.718529045581817627e-01
-2.662191689014434814e-01;1.462096124887466431e-01;3.809146881103515625e-01
-2.541532516479492188e-01;1.460251957178115845e-01;3.840609192848205566e-01
-2.151019871234893799e-01;1.695836782455444336e-01;3.416860401630401611e-01
-1.849714815616607666e-01;2.565751075744628906e-01;2.513548135757446289e-01
-1.556693762540817261e-01;2.684281468391418457e-01;2.712811827659606934e-01
-3.934289813041687012e-01;-6.510467529296875000e-01;-4.464380741119384766e-01
-2.757857441902160645e-01;-6.537069082260131836e-01;-4.272947311401367188e-01
-2.732449769973754883e-01;-5.263158082962036133e-01;-4.095291495323181152e-01
-3.281591534614562988e-01;-4.031897187232971191e-01;-4.096902310848236084e-01
-3.651164770126342773e-01;-3.407581746578216553e-01;-4.059343636035919189e-01
-3.715886473655700684e-01;-3.200153112411499023e-01;-3.958981931209564209e-01
-3.539393246173858643e-01;-3.167716562747955322e-01;-3.841583430767059326e-01
-3.078920245170593262e-01;-3.340402245521545410e-01;-3.629173636436462402e-01
-2.542874813079833984e-01;-3.432776331901550293e-01;-3.316906392574310303e-01
-2.319346964359283447e-01;-2.721291184425354004e-01;-3.074977397918701172e-01
-3.317044079303741455e-01;4.327126741409301758e-01;-4.167597293853759766e-01
-2.785849273204803467e-01;4.726727604866027832e-01;-3.641047179698944092e-01
-2.176860123872756958e-01;4.122358560562133789e-01;-3.322826921939849854e-01
-2.019667327404022217e-01;4.200354218482971191e-01;-3.274698555469512939e-01
-2.181802093982696533e-01;4.829176664352416992e-01;-3.400222659111022949e-01
-2.134748399257659912e-01;5.253954529762268066e-01;-3.336996734142303467e-01
-2.067608535289764404e-01;5.681717991828918457e-01;-3.199259936809539795e-01
-2.067057490348815918e-01;5.938988327980041504e-01;-3.136531710624694824e-01
-1.741511076688766479e-01;5.738781690597534180e-01;-2.864659428596496582e-01
-1.089338213205337524e-01;5.367919802665710449e-01;-2.410969883203506470e-01
-3.220593333244323730e-01;-3.542904555797576904e-01;-3.359841704368591309e-01
-2.588135302066802979e-01;-3.814099431037902832e-01;-3.208537101745605469e-01
-2.061804533004760742e-01;-3.895233273506164551e-01;-2.794384062290191650e-01
-1.947780549526214600e-01;-3.292382359504699707e-01;-2.547262609004974365e-01
-1.944597363471984863e-01;-2.810744941234588623e-01;-2.512646019458770752e-01
-1.845696121454238892e-01;-2.811962366104125977e-01;-2.327183037996292114e-01
-1.744545102119445801e-01;-2.918863892555236816e-01;-2.098144292831420898e-01
-1.361196339130401611e-01;-3.030814528465270996e-01;-1.723123639822006226e-01
-6.911325454711914062e-02;-2.814861536026000977e-01;-1.251719444990158081e-01
-6.726641207933425903e-02;-2.294341176748275757e-01;-1.046726405620574951e-01
-3.009620606899261475e-01;4.696032702922821045e-01;4.140372872352600098e-01
-2.155431360006332397e-01;4.938554167747497559e-01;3.578762710094451904e-01
-1.630254089832305908e-01;5.672943592071533203e-01;2.748532891273498535e-01
-1.753406822681427002e-01;6.526610255241394043e-01;2.516263127326965332e-01
-2.108699530363082886e-01;6.845485568046569824e-01;2.905806005001068115e-01
-2.310986518859863281e-01;6.970494985580444336e-01;3.343303501605987549e-01
-2.333454340696334839e-01;7.013067603111267090e-01;3.498862087726593018e-01
-2.127032876014709473e-01;6.773683428764343262e-01;3.324356973171234131e-01
-1.580943912267684937e-01;6.586868166923522949e-01;3.116228878498077393e-01
-9.421388804912567139e-02;7.203723192214965820e-01;3.044507503509521484e-01
-2.923164069652557373e-01;-6.845262646675109863e-01;4.226682186126708984e-01
-2.751760482788085938e-01;-6.648226380348205566e-01;4.299472570419311523e-01
-2.728353738784790039e-01;-6.440731287002563477e-01;4.305298030376434326e-01
-2.440329194068908691e-01;-6.437317728996276855e-01;3.973405361175537109e-01
-1.756433993577957153e-01;-6.746097803115844727e-01;3.925618827342987061e-01
-1.248347461223602295e-01;-7.049803137779235840e-01;4.199854731559753418e-01
-8.347225189208984375e-02;-7.152137756347656250e-01;4.369320273399353027e-01
-3.170273452997207642e-02;-6.951321363449096680e-01;4.268581271171569824e-01
4.697468876838684082e-02;-6.887588500976562500e-01;4.119459986686706543e-01
1.568442583084106445e-01;-7.206394076347351074e-01;4.474028944969177246e-01
-3.707808256149291992e-01;3.083992004394531250e-02;-4.473560452461242676e-01
-2.867693305015563965e-01;4.903887212276458740e-02;-4.039565324783325195e-01
-3.101034462451934814e-01;1.623215973377227783e-01;-4.224445223808288574e-01
-3.486423194408416748e-01;2.575119137763977051e-01;-4.381349682807922363e-01
-3.390955328941345215e-01;2.961498498916625977e-01;-4.295117855072021484e-01
-3.090248703956604004e-01;3.051280379295349121e-01;-4.205732047557830811e-01
-2.721115052700042725e-01;2.977390885353088379e-01;-4.151979684829711914e-01
-2.284889221191406250e-01;2.964692115783691406e-01;-3.827736973762512207e-01
-2.229557037353515625e-01;3.681274652481079102e-01;-3.609327077865600586e-01
-1.970077008008956909e-01;4.212317466735839844e-01;-3.432540893554687500e-01
-2.565898299217224121e-01;-7.657569646835327148e-01;-3.845354318618774414e-01
-2.389652132987976074e-01;-7.231305241584777832e-01;-3.869338333606719971e-01
-2.107427567243576050e-01;-6.959821581840515137e-01;-3.983207643032073975e-01
-1.650257706642150879e-01;-6.966832280158996582e-01;-3.980408608913421631e-01
-1.291676163673400879e-01;-7.031421661376953125e-01;-3.956820666790008545e-01
-1.162214130163192749e-01;-6.995220184326171875e-01;-3.881983160972595215e-01
-9.991982579231262207e-02;-6.999430060386657715e-01;-3.771381378173828125e-01
-4.336354881525039673e-02;-7.160533666610717773e-01;-3.757077455520629883e-01
5.090482532978057861e-02;-7.459584474563598633e-01;-3.770330548286437988e-01
1.287655532360076904e-01;-7.615718841552734375e-01;-3.835358023643493652e-01
