-3.562804162502288818e-01;-5.740674734115600586e-01;4.212115406990051270e-01
-2.386958748102188110e-01;-5.799252986907958984e-01;3.868023753166198730e-01
-3.158419430255889893e-01;-3.999876081943511963e-01;4.015923142433166504e-01
-3.318905830383300781e-01;-3.457738459110260010e-01;5.104377269744873047e-01
-2.171870619058609009e-01;-4.756911098957061768e-01;4.122812449932098389e-01
-2.832943499088287354e-01;-3.482989072799682617e-01;4.615895450115203857e-01
-2.869623601436614990e-01;-3.017466962337493896e-01;4.384233057498931885e-01
-2.352817952632904053e-01;-3.634985089302062988e-01;4.179885387420654297e-01
-3.594107627868652344e-01;-4.734344780445098877e-01;5.469483733177185059e-01
-1.640569716691970825e-01;-3.546945750713348389e-01;5.214530229568481445e-01
-3.858371973037719727e-01;5.701285600662231445e-01;-5.222457051277160645e-01
-3.749407231807708740e-01;5.242348313331604004e-01;-5.381978750228881836e-01
-2.607448995113372803e-01;5.460084676742553711e-01;-4.417292475700378418e-01
-3.896954357624053955e-01;7.408762574195861816e-01;-5.470282435417175293e-01
-3.156929016113281250e-01;7.500445842742919922e-01;-4.592387378215789795e-01
-2.302434742450714111e-01;6.119294762611389160e-01;-3.269906044006347656e-01
-1.468936204910278320e-01;6.982647180557250977e-01;-5.063092112541198730e-01
-1.902348101139068604e-01;6.912905573844909668e-01;-4.775076508522033691e-01
-2.109349668025970459e-01;7.528177499771118164e-01;-4.220216274261474609e-01
-1.901777088642120361e-01;7.536770701408386230e-01;-3.872150480747222900e-01
-1.799713224172592163e-01;5.155415534973144531e-01;4.767271280288696289e-01
-1.447734087705612183e-01;6.285841464996337891e-01;2.996896803379058838e-01
-1.930356174707412720e-01;6.443446874618530273e-01;4.795340299606323242e-01
-1.365374177694320679e-01;6.956923007965087891e-01;4.444651305675506592e-01
-2.589482367038726807e-01;5.643439888954162598e-01;5.234790444374084473e-01
-3.120307922363281250e-01;6.651157736778259277e-01;5.313101410865783691e-01
-2.746557295322418213e-01;7.410183548927307129e-01;3.836204409599304199e-01
-2.433340102434158325e-01;7.393797039985656738e-01;3.336525261402130127e-01
-2.125413119792938232e-01;7.498491406440734863e-01;3.701735734939575195e-01
-7.543824613094329834e-02;7.387169003486633301e-01;5.214529037475585938e-01
1.405070275068283081e-01;-3.688810020685195923e-02;-5.073013901710510254e-02
2.209483981132507324e-01;-3.686477243900299072e-02;-8.564072102308273315e-02
8.758416771888732910e-02;5.982342176139354706e-03;-2.386544644832611084e-01
1.859090328216552734e-01;3.000606410205364227e-02;-2.707400918006896973e-02
2.229273021221160889e-01;1.500345021486282349e-01;-9.118910878896713257e-02
2.677447795867919922e-01;-1.874770969152450562e-01;-1.525596082210540771e-01
2.594390809535980225e-01;-3.453569859266281128e-02;-1.513916403055191040e-01
2.744305431842803955e-01;1.036097295582294464e-02;-1.927382349967956543e-01
2.428186535835266113e-01;5.404107272624969482e-02;-6.980697065591812134e-02
2.744806706905364990e-01;1.577953100204467773e-01;-1.957835853099822998e-01
1.438452005386352539e-01;-7.613623738288879395e-01;4.742037877440452576e-02
1.742161065340042114e-01;-7.642264366149902344e-01;7.709570974111557007e-02
1.942440569400787354e-01;-6.843326091766357422e-01;8.868476003408432007e-02
2.291822135448455811e-01;-7.585457563400268555e-01;-7.515838742256164551e-02
2.088118791580200195e-01;-7.556934952735900879e-01;-6.769530475139617920e-03
2.389612644910812378e-01;-7.352108955383300781e-01;-5.608914420008659363e-02
2.329171448945999146e-01;-7.738302946090698242e-01;2.747877314686775208e-02
2.326215058565139771e-01;-7.738988995552062988e-01;1.725203171372413635e-02
2.373058348894119263e-01;-7.698910236358642578e-01;7.920611649751663208e-02
2.261986285448074341e-01;-7.543253302574157715e-01;1.088020950555801392e-01
-3.357723951339721680e-01;8.037640154361724854e-02;-5.037134885787963867e-01
-2.183541208505630493e-01;-6.494300067424774170e-02;-5.063548088073730469e-01
-2.697042822837829590e-01;4.503733664751052856e-02;-5.090781450271606445e-01
-1.900499165058135986e-01;-3.046259284019470215e-02;-4.615721106529235840e-01
-1.236162185668945312e-01;1.288985460996627808e-02;-4.547850191593170166e-01
-1.639699190855026245e-01;4.333965480327606201e-02;-4.091640114784240723e-01
-2.757284343242645264e-01;1.113402694463729858e-01;-5.097954273223876953e-01
-2.756156325340270996e-01;2.544379830360412598e-01;-5.095372200012207031e-01
-2.667069733142852783e-01;2.300278395414352417e-01;-3.711993992328643799e-01
-2.157874703407287598e-01;2.316466569900512695e-01;-3.200536072254180908e-01
-3.871632218360900879e-01;-1.507467180490493774e-01;4.850898981094360352e-01
-3.909149169921875000e-01;-7.081291824579238892e-02;4.378414750099182129e-01
-3.021310269832611084e-01;-9.139725565910339355e-02;4.361433386802673340e-01
-2.923866510391235352e-01;-1.472154259681701660e-01;5.278648734092712402e-01
-3.807259202003479004e-01;-4.015984013676643372e-02;4.812645018100738525e-01
-2.896639108657836914e-01;7.050639390945434570e-02;3.289497196674346924e-01
-2.963852286338806152e-01;9.544966369867324829e-02;4.195759892463684082e-01
-4.309684634208679199e-01;-2.002373337745666504e-02;5.408819317817687988e-01
-3.626346290111541748e-01;1.605022102594375610e-01;4.969924986362457275e-01
-2.262445539236068726e-01;-3.126284480094909668e-02;4.823329150676727295e-01
-2.667069733142852783e-01;2.300278395414352417e-01;-3.711993992328643799e-01
-2.157874703407287598e-01;2.316466569900512695e-01;-3.200536072254180908e-01
-2.232671529054641724e-01;4.411706030368804932e-01;-3.288657665252685547e-01
-7.960546016693115234e-02;2.313660383224487305e-01;-3.648726940155029297e-01
-1.062303781509399414e-02;1.999497115612030029e-01;-9.458857774734497070e-02
-1.389499604701995850e-01;3.316311240196228027e-01;-4.102697372436523438e-01
-1.658954918384552002e-01;4.167484641075134277e-01;-4.592743813991546631e-01
-1.597144156694412231e-01;4.068466722965240479e-01;-3.478973805904388428e-01
-1.423367559909820557e-01;3.510535955429077148e-01;-2.271873950958251953e-01
7.175591588020324707e-02;4.469992220401763916e-01;-2.187462151050567627e-01
2.190134972333908081e-01;-5.160855650901794434e-01;-1.349539160728454590e-01
1.688834875822067261e-01;-4.635635316371917725e-01;-1.254074275493621826e-02
2.148264348506927490e-01;-3.905525207519531250e-01;-1.030990406870841980e-01
1.993466168642044067e-01;-2.648000121116638184e-01;-6.845593452453613281e-02
2.675633728504180908e-01;-5.523350834846496582e-01;-2.009237706661224365e-01
2.333694100379943848e-01;-4.558066427707672119e-01;8.975066244602203369e-03
2.517926096916198730e-01;-3.601741492748260498e-01;-1.727836877107620239e-01
2.567071318626403809e-01;-4.143571853637695312e-01;-1.177534982562065125e-01
2.301102131605148315e-01;-3.692581951618194580e-01;1.325220614671707153e-02
2.280734926462173462e-01;-2.745295763015747070e-01;-1.105864271521568298e-01
-3.610692322254180908e-01;-6.965481638908386230e-01;4.190361499786376953e-01
-3.562804162502288818e-01;-5.740674734115600586e-01;4.212115406990051270e-01
-2.221928834915161133e-01;-6.565268635749816895e-01;5.216557383537292480e-01
-2.386958748102188110e-01;-5.799252986907958984e-01;3.868023753166198730e-01
-1.618698537349700928e-01;-7.208018302917480469e-01;3.632306456565856934e-01
-1.533725708723068237e-01;-7.214775085449218750e-01;4.174785912036895752e-01
-1.151897981762886047e-01;-7.099901437759399414e-01;5.214530229568481445e-01
-1.186347156763076782e-01;-5.948593020439147949e-01;4.311017990112304688e-01
-6.701834499835968018e-02;-5.868929624557495117e-01;3.886617422103881836e-01
-2.171870619058609009e-01;-4.756911098957061768e-01;4.122812449932098389e-01
1.778220981359481812e-01;4.143784940242767334e-01;-3.921736031770706177e-02
1.080402061343193054e-01;5.118029117584228516e-01;-1.445435732603073120e-01
1.788885742425918579e-01;4.989897012710571289e-01;-5.373715609312057495e-02
1.711209565401077271e-01;5.374526381492614746e-01;4.010029137134552002e-03
1.865798681974411011e-01;3.821766078472137451e-01;-1.543400734663009644e-01
2.497204393148422241e-01;2.957124710083007812e-01;-8.823370188474655151e-02
2.303457707166671753e-01;3.250831365585327148e-01;-1.574075967073440552e-02
2.010048627853393555e-01;5.026996135711669922e-01;-2.123401761054992676e-01
2.217908203601837158e-01;6.022264361381530762e-01;-1.527533233165740967e-01
2.183897346258163452e-01;4.505452811717987061e-01;-1.145486012101173401e-01
-3.469372391700744629e-01;-7.159230709075927734e-01;-4.756003022193908691e-01
-2.254176884889602661e-01;-7.239755392074584961e-01;-4.374339878559112549e-01
-1.551542580127716064e-01;-7.193454504013061523e-01;-4.517134428024291992e-01
-2.390437424182891846e-01;-7.134830355644226074e-01;-3.510472476482391357e-01
-1.265361160039901733e-01;-7.234955430030822754e-01;-3.738494515419006348e-01
-2.583098709583282471e-01;-6.712610721588134766e-01;-5.079135894775390625e-01
-2.710203528404235840e-01;-6.579488515853881836e-01;-4.541847407817840576e-01
-1.704379618167877197e-01;-5.395666956901550293e-01;-3.851568996906280518e-01
-2.775768935680389404e-01;-6.503462791442871094e-01;-3.516378700733184814e-01
-1.759638488292694092e-01;-5.264413952827453613e-01;-3.260869383811950684e-01
-1.225872933864593506e-01;7.884414494037628174e-02;-2.142896950244903564e-01
-6.190304458141326904e-02;1.248560100793838501e-01;-1.666917502880096436e-01
-1.062303408980369568e-02;1.999497115612030029e-01;-9.458857774734497070e-02
9.758457541465759277e-02;1.738028973340988159e-01;-1.297506392002105713e-01
7.706408202648162842e-02;2.209375798702239990e-01;-1.006812751293182373e-01
-2.882070466876029968e-02;9.852510690689086914e-02;-2.707337774336338043e-02
4.381689801812171936e-02;2.469874024391174316e-01;3.922646492719650269e-02
-4.297246783971786499e-02;1.134782135486602783e-01;1.612115651369094849e-01
1.436066478490829468e-01;2.232392132282257080e-02;7.462703436613082886e-02
1.534626185894012451e-01;9.973610937595367432e-02;8.023262768983840942e-02
1.934045553207397461e-01;-7.112693041563034058e-03;1.737070083618164062e-02
1.980029642581939697e-01;-4.309060052037239075e-02;1.975282728672027588e-01
1.436066478490829468e-01;2.232392504811286926e-02;7.462703436613082886e-02
1.534626185894012451e-01;9.973610937595367432e-02;8.023262768983840942e-02
1.507031321525573730e-01;1.197872310876846313e-01;2.629893124103546143e-01
2.444809973239898682e-01;-7.713595032691955566e-02;1.077248230576515198e-01
2.458584457635879517e-01;2.159549742937088013e-01;9.666442871093750000e-02
2.259263098239898682e-01;2.079433798789978027e-01;7.601960748434066772e-02
2.584480941295623779e-01;4.180521145462989807e-02;1.399544477462768555e-01
2.698560059070587158e-01;1.491597592830657959e-01;1.933791935443878174e-01
-4.515716433525085449e-01;-3.244851529598236084e-01;-5.929311513900756836e-01
-2.951089143753051758e-01;-2.583970725536346436e-01;-4.227225780487060547e-01
-4.452029168605804443e-01;-1.919669657945632935e-01;-5.572334527969360352e-01
-3.357723951339721680e-01;8.037640154361724854e-02;-5.037134885787963867e-01
-2.095345854759216309e-01;-2.771993279457092285e-01;-5.064568519592285156e-01
-2.040536850690841675e-01;-2.707512080669403076e-01;-5.064638257026672363e-01
-2.322804927825927734e-01;-1.533307880163192749e-01;-5.065913200378417969e-01
-2.064103484153747559e-01;-2.082836180925369263e-01;-5.063333511352539062e-01
-2.183541208505630493e-01;-6.494300067424774170e-02;-5.063548088073730469e-01
-2.205851227045059204e-01;-1.178761497139930725e-01;-3.751159906387329102e-01
-6.943309307098388672e-02;2.177730947732925415e-01;3.290696144104003906e-01
-1.964348703622817993e-01;3.094315826892852783e-01;4.080331623554229736e-01
-1.718603074550628662e-01;3.813309371471405029e-01;4.006434679031372070e-01
-1.719747483730316162e-01;3.834648430347442627e-01;4.766300022602081299e-01
-7.644280046224594116e-02;2.890217602252960205e-01;3.343591392040252686e-01
-1.799713224172592163e-01;5.155415534973144531e-01;4.767271280288696289e-01
-1.014886498451232910e-01;4.624225199222564697e-01;3.886556625366210938e-01
-5.083769559860229492e-02;3.773284852504730225e-01;2.429596632719039917e-01
7.121350616216659546e-02;4.829872548580169678e-01;2.232041209936141968e-01
-2.544179558753967285e-02;4.265854060649871826e-01;3.662840127944946289e-01
-2.241800725460052490e-02;5.655530691146850586e-01;-1.176097542047500610e-01
7.175590842962265015e-02;4.469992220401763916e-01;-2.187462151050567627e-01
3.786843642592430115e-02;5.803322792053222656e-01;-2.034047842025756836e-01
2.010048627853393555e-01;5.026996135711669922e-01;-2.123401761054992676e-01
1.080402061343193054e-01;5.118029117584228516e-01;-1.445435732603073120e-01
1.873571276664733887e-01;5.976245403289794922e-01;-1.878931969404220581e-01
3.965771943330764771e-02;6.332476139068603516e-01;-2.738107740879058838e-01
1.879129707813262939e-01;6.745610833168029785e-01;-1.645239442586898804e-01
1.858685612678527832e-01;7.163708806037902832e-01;-1.257731467485427856e-01
2.217908203601837158e-01;6.022264361381530762e-01;-1.527533233165740967e-01
-1.233449131250381470e-01;-4.526817798614501953e-01;2.357445657253265381e-01
-9.078332036733627319e-02;-3.870925903320312500e-01;2.291605770587921143e-01
-1.708731055259704590e-02;-5.153620839118957520e-01;-8.724259585142135620e-02
-2.598237805068492889e-02;-3.836842179298400879e-01;-1.673594862222671509e-02
6.139010190963745117e-02;-5.613288283348083496e-01;-7.174309343099594116e-02
6.491671502590179443e-02;-4.566546380519866943e-01;6.538178026676177979e-02
-1.848129369318485260e-02;-5.419016480445861816e-01;1.177523508667945862e-01
-2.354848198592662811e-02;-3.638355433940887451e-01;2.538655698299407959e-02
1.555373519659042358e-01;-6.198223233222961426e-01;3.877778351306915283e-02
1.774549037218093872e-01;-5.900592803955078125e-01;1.483341753482818604e-01
-1.265361160039901733e-01;-7.234955430030822754e-01;-3.738494515419006348e-01
-5.429174751043319702e-02;-6.055331826210021973e-01;-3.470307290554046631e-01
-1.704379618167877197e-01;-5.395666956901550293e-01;-3.851568996906280518e-01
-1.759638488292694092e-01;-5.264413952827453613e-01;-3.260869383811950684e-01
-3.807109547778964043e-03;-5.313705205917358398e-01;-2.719721794128417969e-01
3.228329122066497803e-02;-5.112569332122802734e-01;-1.677747368812561035e-01
7.843023166060447693e-03;-4.516088962554931641e-01;-2.675666213035583496e-01
1.300085783004760742e-01;-4.532285034656524658e-01;-2.252243161201477051e-01
6.139009818434715271e-02;-5.613288283348083496e-01;-7.174310088157653809e-02
-1.708731055259704590e-02;-5.153620839118957520e-01;-8.724258840084075928e-02
