-3.016857504844665527e-01;3.013549931347370148e-02;-5.259184837341308594e-01
-3.137071132659912109e-01;-4.441218078136444092e-02;-5.323097109794616699e-01
-2.280440628528594971e-01;2.374714799225330353e-02;-4.728747904300689697e-01
-4.089819490909576416e-01;2.317667379975318909e-02;-5.206805467605590820e-01
-3.783487379550933838e-01;-2.296750433743000031e-02;-4.644685089588165283e-01
-1.977775841951370239e-01;1.713001728057861328e-01;-4.679819643497467041e-01
-2.878707945346832275e-01;-5.662358552217483521e-02;-3.395401537418365479e-01
-1.340569108724594116e-01;-7.594811916351318359e-02;-4.672341644763946533e-01
-2.981906533241271973e-01;2.440285980701446533e-01;-5.263652801513671875e-01
-1.861844360828399658e-01;2.235470563173294067e-01;-5.181556344032287598e-01
2.618839144706726074e-01;-7.286019325256347656e-01;5.230818390846252441e-01
2.415608018636703491e-01;-7.224248051643371582e-01;4.605768024921417236e-01
2.536743879318237305e-01;-7.442262768745422363e-01;4.318886399269104004e-01
1.458321958780288696e-01;-7.313594222068786621e-01;5.230808854103088379e-01
5.140948295593261719e-02;-7.426690459251403809e-01;4.760502278804779053e-01
-4.264444112777709961e-02;-7.471102476119995117e-01;4.684019982814788818e-01
-6.949838995933532715e-02;-7.414917945861816406e-01;5.230844020843505859e-01
1.604233831167221069e-01;-6.733103394508361816e-01;1.781603693962097168e-01
2.110497653484344482e-01;-6.225295662879943848e-01;1.595747470855712891e-01
1.573954373598098755e-01;-4.754793941974639893e-01;1.952966451644897461e-01
2.621535658836364746e-01;-7.405723929405212402e-01;-4.539791643619537354e-01
2.563081085681915283e-01;-7.393356561660766602e-01;-4.597432315349578857e-01
2.439560294151306152e-01;-7.209886312484741211e-01;-4.739700853824615479e-01
2.626683115959167480e-01;-7.005030512809753418e-01;-4.931077659130096436e-01
1.794076263904571533e-01;-7.330422997474670410e-01;-5.047015547752380371e-01
-3.000795841217041016e-04;-7.385515570640563965e-01;-5.182445049285888672e-01
-1.149284839630126953e-02;-7.414646148681640625e-01;-4.957417249679565430e-01
2.388564199209213257e-01;-5.839961767196655273e-01;-2.213115543127059937e-01
1.912334263324737549e-01;-5.429576635360717773e-01;-1.516073644161224365e-01
2.149455994367599487e-01;-6.728343963623046875e-01;-9.305429458618164062e-02
-3.720555007457733154e-01;7.442358732223510742e-01;5.546960234642028809e-01
-2.830762863159179688e-01;5.605440735816955566e-01;5.274429917335510254e-01
-2.032414376735687256e-01;6.775755882263183594e-01;4.112900495529174805e-01
-1.652707308530807495e-01;6.242237091064453125e-01;5.230597257614135742e-01
-1.863734722137451172e-01;6.867350339889526367e-01;3.782306611537933350e-01
-2.080013900995254517e-01;7.463061809539794922e-01;3.253155946731567383e-01
-4.716074764728546143e-01;4.628694951534271240e-01;6.251122951507568359e-01
-2.835584878921508789e-01;4.120191335678100586e-01;5.272256135940551758e-01
-2.848321199417114258e-02;7.412165999412536621e-01;5.230860710144042969e-01
-2.781244814395904541e-01;4.217810034751892090e-01;4.289765655994415283e-01
-4.231883212924003601e-02;3.984506428241729736e-01;9.570448845624923706e-02
-1.766266860067844391e-02;3.816944062709808350e-01;1.388555467128753662e-01
-9.715233743190765381e-02;2.700301408767700195e-01;1.376324146986007690e-01
1.411808133125305176e-01;4.072605967521667480e-01;1.098227649927139282e-01
-1.202235668897628784e-01;2.697497308254241943e-01;2.089706659317016602e-01
1.280209571123123169e-01;4.743089973926544189e-01;5.856878310441970825e-02
-7.234019786119461060e-02;5.666099786758422852e-01;1.909014135599136353e-01
1.611117422580718994e-01;3.901813328266143799e-01;1.283881813287734985e-02
1.648246943950653076e-01;3.922591805458068848e-01;1.906796246767044067e-01
-9.863053262233734131e-02;4.372608065605163574e-01;3.208901286125183105e-01
1.970935463905334473e-01;8.027346134185791016e-01;-7.656427565962076187e-03
1.850595623254776001e-01;7.904999256134033203e-01;-4.517226666212081909e-02
1.610032171010971069e-01;7.980958819389343262e-01;2.574060671031475067e-02
1.898577362298965454e-01;7.979909181594848633e-01;-6.252657622098922729e-02
2.035870701074600220e-01;7.417177557945251465e-01;-1.690892688930034637e-02
2.000342607498168945e-01;8.024917244911193848e-01;6.203247979283332825e-02
2.060352414846420288e-01;7.766475081443786621e-01;-8.406956493854522705e-02
1.377635300159454346e-01;7.933753132820129395e-01;5.589177086949348450e-02
1.293571740388870239e-01;7.922205328941345215e-01;5.089954659342765808e-02
1.223649755120277405e-01;7.912599444389343262e-01;4.674713686108589172e-02
-1.081541404128074646e-01;-3.203893303871154785e-01;-2.837820351123809814e-01
-1.232889145612716675e-01;-2.593224942684173584e-01;-2.451808601617813110e-01
-8.265564590692520142e-02;-3.439157307147979736e-01;-1.763872057199478149e-01
-1.035235151648521423e-01;-4.347141087055206299e-01;-3.035513460636138916e-01
1.602075248956680298e-02;-2.711091935634613037e-01;-2.246554940938949585e-01
-1.913151443004608154e-01;-2.436746209859848022e-01;-3.984819948673248291e-01
-2.280517816543579102e-01;-3.708440959453582764e-01;-4.399907886981964111e-01
-3.025982528924942017e-02;-2.037712335586547852e-01;-9.137290716171264648e-02
-3.049132525920867920e-01;-3.416768014430999756e-01;-4.180330336093902588e-01
8.190596848726272583e-02;-4.219719469547271729e-01;-1.465984135866165161e-01
2.469039559364318848e-01;2.293660640716552734e-01;-2.093265652656555176e-01
2.261123210191726685e-01;2.722006738185882568e-01;-1.622595787048339844e-01
2.208881229162216187e-01;2.194092124700546265e-01;-1.463675349950790405e-01
1.872453540563583374e-01;2.678494751453399658e-01;-2.281832844018936157e-01
2.568583190441131592e-01;1.476579308509826660e-01;-2.091362178325653076e-01
2.188095450401306152e-01;1.300431787967681885e-01;-8.521277457475662231e-02
2.024749964475631714e-01;2.340618818998336792e-01;-2.585098147392272949e-02
2.393673360347747803e-01;4.229736328125000000e-02;-1.681423038244247437e-01
8.714205026626586914e-02;3.452978432178497314e-01;-2.020478248596191406e-01
1.542335301637649536e-01;3.263991475105285645e-01;-3.974184393882751465e-02
-2.354161441326141357e-01;4.353598356246948242e-01;4.116136431694030762e-01
-2.781244814395904541e-01;4.217810034751892090e-01;4.289765655994415283e-01
-2.004865109920501709e-01;3.612940013408660889e-01;4.023125767707824707e-01
-2.835584878921508789e-01;4.120191335678100586e-01;5.272256135940551758e-01
-9.863053262233734131e-02;4.372608065605163574e-01;3.208901286125183105e-01
-2.830762863159179688e-01;5.605440735816955566e-01;5.274429917335510254e-01
-4.963502287864685059e-02;3.082167208194732666e-01;3.800425529479980469e-01
-1.652707308530807495e-01;6.242237091064453125e-01;5.230597257614135742e-01
-6.828942894935607910e-02;5.960259437561035156e-01;3.909603357315063477e-01
-2.032414376735687256e-01;6.775755882263183594e-01;4.112900495529174805e-01
2.531284093856811523e-01;2.972781360149383545e-01;2.237881571054458618e-01
2.550864219665527344e-01;2.605139315128326416e-01;2.328531146049499512e-01
2.299651205539703369e-01;3.122848570346832275e-01;1.303154230117797852e-01
2.367537170648574829e-01;3.853353559970855713e-01;1.845023185014724731e-01
1.648246943950653076e-01;3.922591805458068848e-01;1.906796246767044067e-01
2.001326531171798706e-01;2.601262331008911133e-01;7.882837951183319092e-02
2.087171971797943115e-01;3.051303923130035400e-01;5.335986614227294922e-02
1.411808133125305176e-01;4.072605967521667480e-01;1.098227649927139282e-01
6.546145677566528320e-02;2.470302432775497437e-01;2.632333934307098389e-01
2.379451990127563477e-01;4.948002994060516357e-01;1.943365931510925293e-01
2.489608675241470337e-01;-3.906989395618438721e-01;2.412220090627670288e-01
2.391212582588195801e-01;-3.790053129196166992e-01;1.727269291877746582e-01
1.573954373598098755e-01;-4.754793941974639893e-01;1.952966600656509399e-01
1.933716386556625366e-01;-4.057046771049499512e-01;7.961721718311309814e-02
1.375088244676589966e-01;-4.171361029148101807e-01;1.045799404382705688e-01
2.371320724487304688e-01;-2.089533954858779907e-01;1.575430631637573242e-01
1.717326045036315918e-01;-4.695120155811309814e-01;4.447476565837860107e-02
4.095476865768432617e-02;-3.022269606590270996e-01;2.371094524860382080e-01
2.539437711238861084e-01;-1.655541062355041504e-01;2.071023285388946533e-01
2.110497653484344482e-01;-6.225295662879943848e-01;1.595747619867324829e-01
-4.716074764728546143e-01;4.628694951534271240e-01;6.251122951507568359e-01
-2.835584878921508789e-01;4.120191335678100586e-01;5.272256135940551758e-01
-2.830762863159179688e-01;5.605440735816955566e-01;5.274429917335510254e-01
-2.781244814395904541e-01;4.217810034751892090e-01;4.289765655994415283e-01
-3.720555007457733154e-01;7.442358732223510742e-01;5.546960234642028809e-01
-2.354161441326141357e-01;4.353598356246948242e-01;4.116136431694030762e-01
-1.652707159519195557e-01;6.242237091064453125e-01;5.230597257614135742e-01
-2.004865109920501709e-01;3.612940013408660889e-01;4.023125767707824707e-01
-4.277212023735046387e-01;9.875297546386718750e-02;4.972109198570251465e-01
-2.032414376735687256e-01;6.775755882263183594e-01;4.112900495529174805e-01
1.940865963697433472e-01;-1.919950842857360840e-01;-2.315349429845809937e-01
1.857865899801254272e-01;-1.566620618104934692e-01;-1.876620501279830933e-01
2.356090694665908813e-01;-1.374789625406265259e-01;-1.665718406438827515e-01
2.344306260347366333e-01;-2.821689248085021973e-01;-1.837794780731201172e-01
2.550117075443267822e-01;-1.033947989344596863e-01;-2.005518078804016113e-01
2.530795633792877197e-01;-3.115974962711334229e-01;-2.231013327836990356e-01
1.424635350704193115e-01;-1.732358187437057495e-01;-1.074848100543022156e-01
1.849474161863327026e-01;-3.566451370716094971e-01;-2.284729331731796265e-01
1.602075994014739990e-02;-2.711091935634613037e-01;-2.246554940938949585e-01
1.874739229679107666e-01;-3.390456736087799072e-01;-1.027748733758926392e-01
2.542690634727478027e-01;7.474682927131652832e-01;4.361669719219207764e-01
2.596559524536132812e-01;7.367185354232788086e-01;4.995313882827758789e-01
2.595661878585815430e-01;7.366658449172973633e-01;4.995031356811523438e-01
2.531793117523193359e-01;7.383885979652404785e-01;4.627282619476318359e-01
2.596239149570465088e-01;7.366518378257751465e-01;4.994928240776062012e-01
2.279683798551559448e-01;6.011519432067871094e-01;1.854581236839294434e-01
2.595172226428985596e-01;7.367166280746459961e-01;4.994734823703765869e-01
-3.299608826637268066e-02;7.399001121520996094e-01;5.204352140426635742e-01
2.595695555210113525e-01;7.367110848426818848e-01;4.996039569377899170e-01
2.596151828765869141e-01;7.367070317268371582e-01;4.995374083518981934e-01
-4.273285269737243652e-01;9.670902788639068604e-02;4.895620942115783691e-01
-3.791885972023010254e-01;1.820907555520534515e-02;4.664932191371917725e-01
-3.792430460453033447e-01;1.817883737385272980e-02;4.664818346500396729e-01
-3.704285919666290283e-01;-7.687803357839584351e-02;5.319399237632751465e-01
-3.792089819908142090e-01;1.819729618728160858e-02;4.664763510227203369e-01
-2.131159305572509766e-01;2.593155577778816223e-02;4.159336090087890625e-01
-3.792310953140258789e-01;1.819528266787528992e-02;4.664859175682067871e-01
-2.133256047964096069e-01;1.102906093001365662e-01;4.151133000850677490e-01
-3.792484104633331299e-01;1.821468956768512726e-02;4.665203690528869629e-01
-3.792352080345153809e-01;1.820081286132335663e-02;4.664844572544097900e-01
2.393063604831695557e-01;7.260183691978454590e-01;-4.413984119892120361e-01
2.626956701278686523e-01;7.363862395286560059e-01;-4.924779832363128662e-01
2.626206576824188232e-01;7.363362908363342285e-01;-4.924939572811126709e-01
2.562246918678283691e-01;7.342898845672607422e-01;-4.895815849304199219e-01
2.626587450504302979e-01;7.363503575325012207e-01;-4.924983382225036621e-01
2.539659440517425537e-01;7.337201237678527832e-01;-5.183970928192138672e-01
2.626191675662994385e-01;7.363711595535278320e-01;-4.925036728382110596e-01
1.741672754287719727e-01;7.397045493125915527e-01;-4.683889448642730713e-01
2.626135051250457764e-01;7.363814711570739746e-01;-4.924221932888031006e-01
2.626463472843170166e-01;7.363687157630920410e-01;-4.924794435501098633e-01
1.666115671396255493e-01;-3.075475990772247314e-02;-5.205914005637168884e-02
2.068839967250823975e-01;-1.128218472003936768e-01;5.452494323253631592e-02
2.068385183811187744e-01;-1.128370612859725952e-01;5.450759083032608032e-02
2.249506115913391113e-01;-1.360309123992919922e-02;1.148163080215454102e-01
2.068713903427124023e-01;-1.128367781639099121e-01;5.450584739446640015e-02
2.067732512950897217e-01;-9.884744882583618164e-02;-3.992382064461708069e-02
2.068465352058410645e-01;-1.128254979848861694e-01;5.450944975018501282e-02
2.189107239246368408e-01;-2.094845771789550781e-01;1.376180946826934814e-01
2.068442404270172119e-01;-1.128168255090713501e-01;5.454539507627487183e-02
2.068551480770111084e-01;-1.128253340721130371e-01;5.451667308807373047e-02
-3.099172115325927734e-01;-4.657687544822692871e-01;4.405694901943206787e-01
-3.811635375022888184e-01;-6.329447627067565918e-01;5.323786139488220215e-01
-3.811049759387969971e-01;-6.329285502433776855e-01;5.323954224586486816e-01
-3.866821229457855225e-01;-5.488150119781494141e-01;5.034823417663574219e-01
-3.811422586441040039e-01;-6.329144239425659180e-01;5.324012041091918945e-01
-2.556545138359069824e-01;-6.821808815002441406e-01;5.261306762695312500e-01
-3.811035156250000000e-01;-6.329355835914611816e-01;5.324051380157470703e-01
-2.152950167655944824e-01;-6.027033925056457520e-01;4.157511293888092041e-01
-3.811316192150115967e-01;-6.329421997070312500e-01;5.323594808578491211e-01
-3.811335563659667969e-01;-6.329262256622314453e-01;5.323961377143859863e-01
-1.389759331941604614e-01;7.302840352058410645e-01;-5.179830193519592285e-01
-3.869048357009887695e-01;7.398233413696289062e-01;-4.891130030155181885e-01
-3.868876099586486816e-01;7.398178577423095703e-01;-4.891087114810943604e-01
-3.104605078697204590e-01;5.863942503929138184e-01;-5.230516791343688965e-01
-3.869018554687500000e-01;7.398457527160644531e-01;-4.891032278537750244e-01
-2.092635780572891235e-01;6.167923212051391602e-01;-5.220509767532348633e-01
-3.868520557880401611e-01;7.398164868354797363e-01;-4.890921115875244141e-01
-2.178983688354492188e-01;6.755880713462829590e-01;-3.781844079494476318e-01
-3.868963122367858887e-01;7.398256063461303711e-01;-4.891300499439239502e-01
-3.869029581546783447e-01;7.398252487182617188e-01;-4.891138374805450439e-01
-3.121592104434967041e-01;-3.979946076869964600e-01;-4.978391826152801514e-01
-3.407234251499176025e-01;-6.197984218597412109e-01;-5.385445952415466309e-01
-3.407133817672729492e-01;-6.197974681854248047e-01;-5.385473370552062988e-01
-3.009492754936218262e-01;-6.877483725547790527e-01;-4.699929058551788330e-01
-3.407103419303894043e-01;-6.197838187217712402e-01;-5.385433435440063477e-01
-1.995175629854202271e-01;-7.533296346664428711e-01;-4.567207694053649902e-01
-3.407115936279296875e-01;-6.197968125343322754e-01;-5.385398268699645996e-01
-2.037332952022552490e-01;-6.190447807312011719e-01;-4.960626661777496338e-01
-3.407337069511413574e-01;-6.197885274887084961e-01;-5.385420918464660645e-01
-3.407275676727294922e-01;-6.197873950004577637e-01;-5.385410785675048828e-01
1.004371941089630127e-01;-7.311909794807434082e-01;-3.111332282423973083e-02
3.249446302652359009e-02;-7.711325883865356445e-01;5.662152543663978577e-02
3.251738473773002625e-02;-7.711168527603149414e-01;5.663374438881874084e-02
4.469113424420356750e-03;-7.146667242050170898e-01;7.544129341840744019e-02
3.249432891607284546e-02;-7.711313962936401367e-01;5.663683265447616577e-02
8.970158547163009644e-02;-7.794242501258850098e-01;-5.150487646460533142e-02
3.251331672072410583e-02;-7.711344957351684570e-01;5.662601441144943237e-02
1.315371841192245483e-01;-7.800767421722412109e-01;2.047497779130935669e-02
3.251565247774124146e-02;-7.711379528045654297e-01;5.661815777420997620e-02
3.251537308096885681e-02;-7.711324691772460938e-01;5.663320422172546387e-02
-1.553529500961303711e-01;-2.262426167726516724e-01;4.252955913543701172e-01
-5.341534316539764404e-02;-3.574486970901489258e-01;3.823086917400360107e-01
-5.339550971984863281e-02;-3.574558198451995850e-01;3.823168277740478516e-01
-5.744922161102294922e-02;-4.408973157405853271e-01;3.056740462779998779e-01
-5.341290682554244995e-02;-3.574390709400177002e-01;3.823203444480895996e-01
1.359661668539047241e-02;-2.788491845130920410e-01;3.131941258907318115e-01
-5.339626222848892212e-02;-3.574494123458862305e-01;3.823226988315582275e-01
-2.255378067493438721e-01;-3.179164230823516846e-01;4.117695093154907227e-01
-5.341797322034835815e-02;-3.574526607990264893e-01;3.823135495185852051e-01
-5.341031774878501892e-02;-3.574447929859161377e-01;3.823167383670806885e-01
7.831939309835433960e-02;5.747224688529968262e-01;-1.824653744697570801e-01
-2.697237394750118256e-02;4.914659261703491211e-01;-2.862015664577484131e-01
-2.698358707129955292e-02;4.914506971836090088e-01;-2.862012386322021484e-01
-9.855269640684127808e-02;3.857541978359222412e-01;-2.424800992012023926e-01
-2.698600105941295624e-02;4.914593696594238281e-01;-2.862050235271453857e-01
8.449553698301315308e-02;4.422060847282409668e-01;-1.237336546182632446e-01
-2.700636349618434906e-02;4.914643764495849609e-01;-2.862104177474975586e-01
-1.426622271537780762e-01;4.845088720321655273e-01;-4.208854436874389648e-01
-2.701037377119064331e-02;4.914638698101043701e-01;-2.861759066581726074e-01
-2.698809653520584106e-02;4.914685487747192383e-01;-2.861908376216888428e-01
1.733195781707763672e-01;-3.879703581333160400e-01;-7.163538783788681030e-02
2.168674916028976440e-01;-4.662911295890808105e-01;-8.393710851669311523e-02
2.168262451887130737e-01;-4.663085639476776123e-01;-8.394895493984222412e-02
2.153744101524353027e-01;-4.651801586151123047e-01;-7.744880020618438721e-02
2.168499231338500977e-01;-4.663147628307342529e-01;-8.394782245159149170e-02
1.594986170530319214e-01;-5.146930813789367676e-01;-7.813920825719833374e-02
2.168154567480087280e-01;-4.662974476814270020e-01;-8.395779132843017578e-02
1.557219624519348145e-01;-4.748508334159851074e-01;1.358417421579360962e-02
2.168334275484085083e-01;-4.662937819957733154e-01;-8.391164243221282959e-02
2.168457359075546265e-01;-4.663008451461791992e-01;-8.393985033035278320e-02
-9.400910884141921997e-02;2.504734992980957031e-01;2.912575304508209229e-01
-7.761663291603326797e-04;7.895714789628982544e-02;2.700726389884948730e-01
-8.044263813644647598e-04;7.893697172403335571e-02;2.700643241405487061e-01
6.917707622051239014e-03;-9.862387180328369141e-02;2.422420233488082886e-01
-7.848052773624658585e-04;7.895099371671676636e-02;2.700660526752471924e-01
8.498620241880416870e-02;4.156487062573432922e-02;1.494784802198410034e-01
-8.076152298599481583e-04;7.895350456237792969e-02;2.700646221637725830e-01
-1.284656375646591187e-01;-1.897829771041870117e-02;2.445322722196578979e-01
-8.157009724527597427e-04;7.896018028259277344e-02;2.700878381729125977e-01
-8.051258046180009842e-04;7.895328104496002197e-02;2.700672447681427002e-01
-8.464220911264419556e-02;2.647786736488342285e-01;-3.476718068122863770e-01
-5.911875516176223755e-02;7.234706729650497437e-02;-2.238926738500595093e-01
-5.918630957603454590e-02;7.231868803501129150e-02;-2.239032983779907227e-01
1.399277523159980774e-02;-1.814156025648117065e-02;-1.614871919155120850e-01
-5.915230140089988708e-02;7.231323421001434326e-02;-2.239163368940353394e-01
3.497156873345375061e-02;1.749475598335266113e-01;-6.826762855052947998e-02
-5.918126180768013000e-02;7.233292609453201294e-02;-2.239090204238891602e-01
-2.323331683874130249e-01;4.359113797545433044e-02;-2.713121473789215088e-01
-5.916946381330490112e-02;7.234127819538116455e-02;-2.238740473985671997e-01
-5.916694924235343933e-02;7.232569903135299683e-02;-2.239041328430175781e-01
-1.707774996757507324e-01;-6.306714415550231934e-01;3.618286252021789551e-01
-6.943421065807342529e-02;-7.414735555648803711e-01;5.230517387390136719e-01
-6.954254955053329468e-02;-7.415381073951721191e-01;5.230317711830139160e-01
5.293497443199157715e-02;-7.428073883056640625e-01;4.760664701461791992e-01
-6.948758661746978760e-02;-7.415317893028259277e-01;5.230179429054260254e-01
1.486335396766662598e-01;-7.345537543296813965e-01;5.257996916770935059e-01
-6.955235451459884644e-02;-7.414890527725219727e-01;5.230167508125305176e-01
-2.513713836669921875e-01;-6.866757273674011230e-01;5.250444412231445312e-01
-6.953378766775131226e-02;-7.414844632148742676e-01;5.231193304061889648e-01
-6.949868053197860718e-02;-7.414999604225158691e-01;5.230499505996704102e-01
-1.282549649477005005e-01;7.321859002113342285e-01;-5.186176896095275879e-01
-7.148951292037963867e-02;7.423425316810607910e-01;-5.182413458824157715e-01
-7.155738770961761475e-02;7.423154115676879883e-01;-5.182693600654602051e-01
-2.140026986598968506e-01;6.214292645454406738e-01;-5.176173448562622070e-01
-7.150539755821228027e-02;7.423262000083923340e-01;-5.182767510414123535e-01
1.446900665760040283e-01;7.380457520484924316e-01;-4.705938696861267090e-01
-7.154864817857742310e-02;7.423371076583862305e-01;-5.182673931121826172e-01
-2.227653264999389648e-01;6.899243593215942383e-01;-3.829572796821594238e-01
-7.154822349548339844e-02;7.423554658889770508e-01;-5.182185173034667969e-01
-7.153967767953872681e-02;7.423347234725952148e-01;-5.182644128799438477e-01
-3.490359783172607422e-01;-2.133006900548934937e-01;4.877906739711761475e-01
-4.125277698040008545e-01;-2.946905195713043213e-01;4.914675354957580566e-01
-4.126028418540954590e-01;-2.947259545326232910e-01;4.914430379867553711e-01
-3.261318206787109375e-01;-4.551203846931457520e-01;4.529262185096740723e-01
-4.125489294528961182e-01;-2.947063148021697998e-01;4.914372265338897705e-01
-2.300974130630493164e-01;-3.103069067001342773e-01;4.154026508331298828e-01
-4.126023948192596436e-01;-2.946992218494415283e-01;4.914416372776031494e-01
-2.998980283737182617e-01;-1.824033558368682861e-01;4.452613890171051025e-01
-4.126060605049133301e-01;-2.946779429912567139e-01;4.915019869804382324e-01
-4.125882387161254883e-01;-2.946965098381042480e-01;4.914511442184448242e-01
-3.096727430820465088e-01;5.992665290832519531e-01;-5.262382030487060547e-01
-3.200910985469818115e-01;4.422252178192138672e-01;-5.307701826095581055e-01
-3.200802206993103027e-01;4.422262012958526611e-01;-5.307772159576416016e-01
-3.112587034702301025e-01;2.668621838092803955e-01;-5.038362741470336914e-01
-3.200695216655731201e-01;4.422497153282165527e-01;-5.307735800743103027e-01
-1.977729648351669312e-01;4.047357141971588135e-01;-4.727725088596343994e-01
-3.200784623622894287e-01;4.422335028648376465e-01;-5.307638049125671387e-01
-1.423477232456207275e-01;4.759833514690399170e-01;-4.253045916557312012e-01
-3.201041221618652344e-01;4.422429203987121582e-01;-5.307719111442565918e-01
-3.200993239879608154e-01;4.422417283058166504e-01;-5.307759046554565430e-01
-1.095957681536674500e-01;-4.331762790679931641e-01;-3.070326447486877441e-01
-1.174357533454895020e-01;-6.198170185089111328e-01;-2.733021080493927002e-01
-1.174743995070457458e-01;-6.198424696922302246e-01;-2.733100056648254395e-01
-1.150642260909080505e-01;-6.215797066688537598e-01;-2.779214680194854736e-01
-1.174563467502593994e-01;-6.198451519012451172e-01;-2.733165919780731201e-01
-1.089840829372406006e-01;-6.234158873558044434e-01;-2.723041176795959473e-01
-1.174952834844589233e-01;-6.198205351829528809e-01;-2.733193635940551758e-01
-2.170680463314056396e-01;-7.319614291191101074e-01;-4.314185380935668945e-01
-1.174884811043739319e-01;-6.198214292526245117e-01;-2.732654809951782227e-01
-1.174611523747444153e-01;-6.198196411132812500e-01;-2.732910811901092529e-01
2.260592579841613770e-01;5.563761591911315918e-01;-1.659706532955169678e-01
2.184712886810302734e-01;5.182800889015197754e-01;-9.549532830715179443e-02
2.183974981307983398e-01;5.182405114173889160e-01;-9.551353007555007935e-02
2.158808857202529907e-01;5.068957209587097168e-01;-8.177553117275238037e-02
2.184441238641738892e-01;5.182496905326843262e-01;-9.551926702260971069e-02
1.466064304113388062e-01;4.312671422958374023e-01;-9.255738556385040283e-02
2.184001505374908447e-01;5.182681083679199219e-01;-9.552008658647537231e-02
1.423574388027191162e-01;5.644302964210510254e-01;-2.711700648069381714e-02
2.184014022350311279e-01;5.182800889015197754e-01;-9.545271843671798706e-02
2.184223681688308716e-01;5.182643532752990723e-01;-9.550508111715316772e-02
