-3.599447906017303467e-01;5.965547263622283936e-02;-5.038951635360717773e-01
-4.066632091999053955e-01;1.622289121150970459e-01;-6.460561156272888184e-01
-4.202437996864318848e-01;2.623285949230194092e-01;-6.568517684936523438e-01
-4.194046258926391602e-01;1.854402720928192139e-01;-6.117557287216186523e-01
-3.166540861129760742e-01;1.560539305210113525e-01;-5.952482819557189941e-01
-3.026369214057922363e-01;1.288387328386306763e-01;-5.236320495605468750e-01
-1.640793383121490479e-01;1.708204895257949829e-01;-5.765582323074340820e-01
-3.732902407646179199e-01;3.348022401332855225e-01;-6.280183196067810059e-01
-3.006199896335601807e-01;3.200337588787078857e-01;-5.222852230072021484e-01
-1.748053282499313354e-01;3.141331374645233154e-01;-5.771564841270446777e-01
-3.531685769557952881e-01;6.683011054992675781e-01;5.978257656097412109e-01
-3.631083071231842041e-01;7.354850172996520996e-01;5.602908134460449219e-01
-2.372228801250457764e-01;5.552987456321716309e-01;4.876400232315063477e-01
-1.824191659688949585e-01;5.909973978996276855e-01;4.831429719924926758e-01
-8.929957449436187744e-02;6.964876651763916016e-01;5.169132351875305176e-01
-1.764215230941772461e-01;5.004934072494506836e-01;6.014361977577209473e-01
-1.061154305934906006e-01;5.771307349205017090e-01;5.525128841400146484e-01
-1.117911338806152344e-01;7.511537671089172363e-01;4.382309615612030029e-01
-2.402256429195404053e-01;7.550998926162719727e-01;5.692395567893981934e-01
-6.310632824897766113e-02;7.497150301933288574e-01;3.526810407638549805e-01
1.925427168607711792e-01;-1.009374931454658508e-01;9.108440577983856201e-02
1.380207687616348267e-01;-1.233095154166221619e-01;1.385001391172409058e-01
2.408495098352432251e-01;-4.681684076786041260e-03;-2.387440204620361328e-02
2.382870465517044067e-01;1.058203727006912231e-01;-5.817577242851257324e-03
1.612766236066818237e-01;1.418656706809997559e-01;1.882213503122329712e-01
2.841782867908477783e-01;-6.627145409584045410e-02;-2.804981172084808350e-02
2.904693782329559326e-01;1.795335672795772552e-02;1.187775880098342896e-01
2.785727679729461670e-01;6.118391454219818115e-02;8.237821608781814575e-02
2.813357114791870117e-01;1.051674336194992065e-01;5.606728792190551758e-02
2.992236912250518799e-01;1.734290271997451782e-02;1.473909765481948853e-01
-1.556802839040756226e-01;-6.317944526672363281e-01;-4.166707694530487061e-01
-1.697743535041809082e-01;-6.819327473640441895e-01;-3.315550684928894043e-01
-3.493109717965126038e-02;-6.918912529945373535e-01;-4.418024718761444092e-01
-1.066094264388084412e-02;-5.763068795204162598e-01;-4.046234488487243652e-01
3.895447775721549988e-02;-6.316816210746765137e-01;-3.569989502429962158e-01
-4.599312320351600647e-02;-6.924378871917724609e-01;-3.168141543865203857e-01
-4.255982860922813416e-02;-6.914719343185424805e-01;-2.919076979160308838e-01
-2.993460558354854584e-02;-6.310350298881530762e-01;-2.160611748695373535e-01
3.876587375998497009e-02;-6.962612867355346680e-01;-2.895017564296722412e-01
8.190385997295379639e-02;-6.994295716285705566e-01;-2.354601174592971802e-01
1.387329399585723877e-01;-7.140319347381591797e-01;1.254192143678665161e-01
1.797397881746292114e-01;-7.194159030914306641e-01;1.534874588251113892e-01
1.871366351842880249e-01;-7.225371599197387695e-01;1.381223946809768677e-01
2.006570249795913696e-01;-6.362376809120178223e-01;1.138613149523735046e-01
1.302688568830490112e-01;-6.457313299179077148e-01;2.118869423866271973e-01
2.130541950464248657e-01;-7.340679168701171875e-01;6.011311709880828857e-02
2.224993556737899780e-01;-7.322928905487060547e-01;1.193242669105529785e-01
2.330299764871597290e-01;-7.277375459671020508e-01;1.545645445585250854e-01
2.207317352294921875e-01;-6.539793014526367188e-01;1.584162116050720215e-01
2.495429068803787231e-01;-7.182746529579162598e-01;1.966342777013778687e-01
-2.086511701345443726e-01;-6.585124880075454712e-02;-3.202380537986755371e-01
3.492159768939018250e-03;-3.722456097602844238e-01;-1.778370290994644165e-01
3.690453991293907166e-02;-1.833541691303253174e-01;-2.159941494464874268e-01
2.872196398675441742e-02;-1.239018440246582031e-01;-2.430051267147064209e-01
5.628022924065589905e-02;-7.844288647174835205e-02;-1.440625041723251343e-01
-4.855704307556152344e-02;8.801287412643432617e-02;-2.940658628940582275e-01
-5.869753658771514893e-02;9.058465063571929932e-02;-2.420258820056915283e-01
1.821847558021545410e-01;6.277900934219360352e-02;-1.858736276626586914e-01
1.398402005434036255e-01;8.081038296222686768e-02;-1.010674238204956055e-01
2.816989719867706299e-01;-1.328898519277572632e-01;-1.366437375545501709e-01
-2.026021629571914673e-01;-2.725037634372711182e-01;3.403154015541076660e-01
-1.409129649400711060e-01;-3.989602625370025635e-01;3.732793629169464111e-01
-5.679497495293617249e-03;-4.275671541690826416e-01;2.480286657810211182e-01
-3.553739190101623535e-02;-3.578974008560180664e-01;2.775551080703735352e-01
-7.623330503702163696e-02;-2.840299308300018311e-01;4.020596742630004883e-01
-1.295172274112701416e-01;-4.049747288227081299e-01;4.682674109935760498e-01
-7.694049179553985596e-02;-2.493466585874557495e-01;4.550355672836303711e-01
-8.923316001892089844e-02;-1.406486928462982178e-01;3.554508686065673828e-01
1.094265654683113098e-02;-2.036134451627731323e-01;2.063717097043991089e-01
1.444200128316879272e-01;-5.041858553886413574e-01;2.164092957973480225e-01
-2.350996434688568115e-01;4.875634610652923584e-01;-4.557301998138427734e-01
-9.859139472246170044e-02;5.039128661155700684e-01;-5.222046971321105957e-01
-1.660639494657516479e-01;3.749940097332000732e-01;-3.228397667407989502e-01
-3.929326310753822327e-02;2.384094744920730591e-01;-4.222739636898040771e-01
3.467459604144096375e-02;2.255596071481704712e-01;-2.137863337993621826e-01
-1.129379402846097946e-02;3.632459044456481934e-01;-3.610931336879730225e-01
3.865185752511024475e-02;4.317593872547149658e-01;-2.368244975805282593e-01
7.474143058061599731e-02;3.846982717514038086e-01;-1.499974280595779419e-01
-1.122820153832435608e-01;5.690798163414001465e-01;-4.197821319103240967e-01
1.631091535091400146e-01;5.431609153747558594e-01;-2.601968646049499512e-01
2.980213165283203125e-01;1.772822886705398560e-01;-1.248960494995117188e-01
2.321243435144424438e-01;2.490678876638412476e-01;6.087906658649444580e-03
2.385441213846206665e-01;2.657673060894012451e-01;-5.283935740590095520e-02
1.875823140144348145e-01;2.718475759029388428e-01;3.101924806833267212e-02
2.804792225360870361e-01;2.466082572937011719e-01;7.714986801147460938e-02
2.803676426410675049e-01;4.139040112495422363e-01;-1.093170344829559326e-01
2.307366579771041870e-01;3.333246111869812012e-01;-5.651661753654479980e-02
1.890566051006317139e-01;3.628276884555816650e-01;-5.554775521159172058e-02
2.451536059379577637e-01;3.302698433399200439e-01;5.600129812955856323e-02
2.097108513116836548e-01;4.479565620422363281e-01;7.801063358783721924e-03
-3.966026008129119873e-01;3.227295875549316406e-01;6.666323542594909668e-01
-3.057562410831451416e-01;2.564665675163269043e-01;5.154798626899719238e-01
-3.058302998542785645e-01;3.383573591709136963e-01;5.064879655838012695e-01
-3.281413018703460693e-01;3.939341008663177490e-01;5.886960625648498535e-01
-3.140058517456054688e-01;4.348050653934478760e-01;6.206180453300476074e-01
-1.764215230941772461e-01;5.004934072494506836e-01;6.014361977577209473e-01
-4.580657780170440674e-01;5.660713911056518555e-01;6.409322023391723633e-01
-2.372228801250457764e-01;5.552987456321716309e-01;4.876400232315063477e-01
-1.705268472433090210e-01;2.603141963481903076e-01;4.747543036937713623e-01
-1.446735858917236328e-01;3.006045818328857422e-01;5.061627030372619629e-01
-2.281020134687423706e-01;1.024580523371696472e-01;5.188302397727966309e-01
-1.420090347528457642e-01;3.999948501586914062e-03;4.659536480903625488e-01
-6.850109994411468506e-02;1.768973618745803833e-01;2.524974346160888672e-01
-6.618346273899078369e-02;1.799342483282089233e-01;3.492312133312225342e-01
-2.124528586864471436e-02;2.231495231389999390e-01;3.883247077465057373e-01
-1.485492438077926636e-01;1.306136846542358398e-01;4.223011732101440430e-01
-1.705268472433090210e-01;2.603141963481903076e-01;4.747543036937713623e-01
-4.717198014259338379e-02;1.573908478021621704e-01;4.482131302356719971e-01
-1.575523316860198975e-01;2.871944010257720947e-01;3.240873515605926514e-01
-1.446735858917236328e-01;3.006045818328857422e-01;5.061627030372619629e-01
-3.083450198173522949e-01;-6.903026700019836426e-01;-5.581073760986328125e-01
-3.239248991012573242e-01;-6.783367395401000977e-01;-4.849789440631866455e-01
-2.328920364379882812e-01;-6.975825428962707520e-01;-5.780574083328247070e-01
-1.624904274940490723e-01;-6.927183270454406738e-01;-5.487117767333984375e-01
-2.257112115621566772e-01;-6.849493384361267090e-01;-4.209435880184173584e-01
-2.169736325740814209e-01;-6.327530741691589355e-01;-5.103760361671447754e-01
-1.606570780277252197e-01;-5.623770952224731445e-01;-4.920926094055175781e-01
-1.556802839040756226e-01;-6.317944526672363281e-01;-4.166707694530487061e-01
-2.397190183401107788e-01;-5.172283053398132324e-01;-5.410775542259216309e-01
-2.076847702264785767e-01;-5.197163820266723633e-01;-5.775812268257141113e-01
1.704310923814773560e-01;7.802095413208007812e-01;1.117459088563919067e-01
2.062377631664276123e-01;7.204009890556335449e-01;2.257616817951202393e-01
2.111665755510330200e-01;7.108138799667358398e-01;1.394675076007843018e-01
2.156595140695571899e-01;7.929069399833679199e-01;7.774670422077178955e-02
2.069862186908721924e-01;7.845042943954467773e-01;1.397658139467239380e-01
2.147829681634902954e-01;7.773967981338500977e-01;1.201827973127365112e-01
2.499834746122360229e-01;7.512418031692504883e-01;1.838569045066833496e-01
2.276464551687240601e-01;7.803319096565246582e-01;1.777430325746536255e-01
2.374989241361618042e-01;7.841835021972656250e-01;1.661402583122253418e-01
2.354655861854553223e-01;7.849115729331970215e-01;1.604222357273101807e-01
-1.992781013250350952e-01;6.328524947166442871e-01;-5.443251729011535645e-01
-1.122820153832435608e-01;5.690798163414001465e-01;-4.197821319103240967e-01
-1.299641877412796021e-01;7.467623949050903320e-01;-5.769445300102233887e-01
-1.018834635615348816e-01;7.514145374298095703e-01;-4.670671820640563965e-01
-2.349538803100585938e-01;7.424464225769042969e-01;-4.209830462932586670e-01
-1.922913640737533569e-01;7.482217550277709961e-01;-4.204544723033905029e-01
-1.182822436094284058e-01;7.472329735755920410e-01;-3.443564772605895996e-01
-6.557790935039520264e-02;7.462592720985412598e-01;-2.667418420314788818e-01
8.213222026824951172e-03;7.483352422714233398e-01;-4.366136491298675537e-01
9.080446511507034302e-02;7.544772028923034668e-01;-3.124992251396179199e-01
-1.824191510677337646e-01;5.909973978996276855e-01;4.831429719924926758e-01
-1.061154380440711975e-01;5.771307349205017090e-01;5.525128841400146484e-01
-6.310632079839706421e-02;7.497150301933288574e-01;3.526810407638549805e-01
-1.117911413311958313e-01;7.511537671089172363e-01;4.382309615612030029e-01
-8.929956704378128052e-02;6.964876651763916016e-01;5.169132351875305176e-01
2.877243608236312866e-02;6.841847896575927734e-01;1.970644891262054443e-01
3.703364729881286621e-02;6.927697062492370605e-01;3.848495483398437500e-01
2.182848751544952393e-03;5.970517992973327637e-01;4.552218317985534668e-01
4.453855007886886597e-02;7.508504986763000488e-01;4.223428070545196533e-01
2.062377631664276123e-01;7.204009890556335449e-01;2.257616817951202393e-01
-1.066094636917114258e-02;-5.763068795204162598e-01;-4.046234488487243652e-01
-1.404023170471191406e-01;-4.451068937778472900e-01;-3.373188376426696777e-01
-1.609215140342712402e-01;-2.992097735404968262e-01;-3.928290009498596191e-01
-4.822797328233718872e-02;-4.348302781581878662e-01;-3.016018271446228027e-01
3.895447775721549988e-02;-6.316816210746765137e-01;-3.569989502429962158e-01
6.843932718038558960e-02;-4.120175838470458984e-01;-3.774550557136535645e-01
1.700965315103530884e-01;-4.169076979160308838e-01;-2.714387178421020508e-01
1.519969254732131958e-01;-4.365330040454864502e-01;-2.181578129529953003e-01
3.492161631584167480e-03;-3.722456097602844238e-01;-1.778370290994644165e-01
1.520798355340957642e-01;-3.602672517299652100e-01;-1.653213351964950562e-01
-6.517276167869567871e-02;-6.932969689369201660e-01;4.269744455814361572e-01
1.387329399585723877e-01;-7.140319347381591797e-01;1.254192143678665161e-01
-3.520705550909042358e-02;-6.929688453674316406e-01;3.582066297531127930e-01
1.302688568830490112e-01;-6.457313299179077148e-01;2.118869423866271973e-01
1.444200128316879272e-01;-5.041858553886413574e-01;2.164092957973480225e-01
-6.879152351757511497e-05;-6.299276947975158691e-01;2.786904871463775635e-01
1.405100077390670776e-01;-5.721155405044555664e-01;3.012880086898803711e-01
-5.679497495293617249e-03;-4.275671541690826416e-01;2.480286657810211182e-01
1.797397881746292114e-01;-7.194159030914306641e-01;1.534874588251113892e-01
1.704693734645843506e-01;-6.392606496810913086e-01;3.128193914890289307e-01
1.415940970182418823e-01;-7.142001390457153320e-01;-8.878527581691741943e-02
1.641375720500946045e-01;-6.970140337944030762e-01;-1.145103722810745239e-01
1.349608600139617920e-01;-7.142874598503112793e-01;-6.212610751390457153e-02
1.285381764173507690e-01;-7.127315402030944824e-01;-7.103772461414337158e-02
1.357667148113250732e-01;-7.136476635932922363e-01;-7.997298985719680786e-02
1.335196495056152344e-01;-7.147851586341857910e-01;-3.679388016462326050e-02
1.015361249446868896e-01;-6.636013984680175781e-01;-2.141721546649932861e-03
2.220253497362136841e-01;-7.304247617721557617e-01;-8.080915361642837524e-02
2.130575776100158691e-01;-7.342846393585205078e-01;-3.386878967285156250e-02
2.121972888708114624e-01;-7.343987226486206055e-01;-2.186139672994613647e-02
-7.623330503702163696e-02;-2.840299308300018311e-01;4.020596742630004883e-01
-7.694049179553985596e-02;-2.493466436862945557e-01;4.550355672836303711e-01
-7.264242321252822876e-02;-5.345041677355766296e-02;2.420158535242080688e-01
-8.923316001892089844e-02;-1.406486928462982178e-01;3.554508686065673828e-01
-1.319189071655273438e-01;-1.407987177371978760e-01;4.563105702400207520e-01
-1.420090347528457642e-01;3.999948501586914062e-03;4.659536480903625488e-01
1.094265654683113098e-02;-2.036134451627731323e-01;2.063717097043991089e-01
-1.379283145070075989e-02;-9.252358227968215942e-02;3.233459591865539551e-01
-4.400413483381271362e-02;-1.183762177824974060e-01;4.484142661094665527e-01
-1.608526259660720825e-01;-8.446102589368820190e-02;5.010474324226379395e-01
