-4.675789177417755127e-01;7.507692277431488037e-02;-5.054981708526611328e-01
-3.731103539466857910e-01;3.491292893886566162e-02;-4.775181114673614502e-01
-3.665513396263122559e-01;-1.802537739276885986e-01;5.101656317710876465e-01
-3.150347173213958740e-01;-1.878159344196319580e-01;-4.685673713684082031e-01
-3.938556313514709473e-01;3.613946437835693359e-01;4.729242920875549316e-01
2.054521888494491577e-01;4.747618734836578369e-02;-4.801702126860618591e-02
1.831439584493637085e-01;-2.052659243345260620e-01;3.411445021629333496e-02
1.822917163372039795e-01;-1.950218230485916138e-01;7.930804044008255005e-03
-3.047151565551757812e-01;-4.956302046775817871e-02;4.675528407096862793e-01
-3.269813656806945801e-01;-1.450678408145904541e-01;-3.646863698959350586e-01
1.893937885761260986e-01;2.729114890098571777e-01;-4.921008832752704620e-03
1.994905620813369751e-01;2.815328538417816162e-01;6.611520051956176758e-02
-4.417221248149871826e-01;7.196140289306640625e-01;5.357585549354553223e-01
-3.927061855792999268e-01;-3.976461887359619141e-01;4.677310883998870850e-01
2.115587145090103149e-01;2.390084266662597656e-01;9.175457805395126343e-02
2.109805792570114136e-01;-2.573834359645843506e-01;-5.293684080243110657e-02
-4.231984317302703857e-01;-1.147577837109565735e-01;4.572086632251739502e-01
1.911360025405883789e-01;3.694016039371490479e-01;-2.981860423460602760e-03
-4.551130235195159912e-01;-3.936137855052947998e-01;5.245296955108642578e-01
-4.179672598838806152e-01;-2.994333505630493164e-01;-4.230532348155975342e-01
-2.476376295089721680e-01;2.243900671601295471e-02;3.472642302513122559e-01
2.276165932416915894e-01;-2.026080638170242310e-01;1.156316399574279785e-01
9.267789870500564575e-02;1.009033247828483582e-01;7.869665324687957764e-02
7.903371006250381470e-02;9.758526459336280823e-03;7.406694442033767700e-02
2.100736349821090698e-01;-3.413395285606384277e-01;8.449879288673400879e-02
-2.393727153539657593e-01;3.342903405427932739e-02;-3.761330246925354004e-01
2.183106243610382080e-01;3.336845934391021729e-01;-6.492017954587936401e-02
-3.230065703392028809e-01;-5.040888190269470215e-01;-4.386254251003265381e-01
7.305505871772766113e-02;-5.913512408733367920e-02;-3.322090581059455872e-02
1.915918141603469849e-01;-4.541972279548645020e-01;2.109570801258087158e-02
-3.688205182552337646e-01;5.902233123779296875e-01;-4.222333431243896484e-01
-4.175476729869842529e-01;8.937971293926239014e-02;4.387157559394836426e-01
-4.931650757789611816e-01;-5.271961688995361328e-01;5.669034719467163086e-01
-2.448057979345321655e-01;-2.845428884029388428e-01;-3.177639245986938477e-01
-1.490071862936019897e-01;1.118712723255157471e-01;2.729006409645080566e-01
-2.572972476482391357e-01;2.031715773046016693e-02;-2.849880158901214600e-01
-3.887440264225006104e-01;2.384981811046600342e-01;-3.724020421504974365e-01
-3.330259621143341064e-01;2.409018576145172119e-01;-3.169863522052764893e-01
-2.672501206398010254e-01;2.484890520572662354e-01;3.217857480049133301e-01
-3.504132032394409180e-01;6.116195917129516602e-01;5.077396035194396973e-01
3.004607744514942169e-02;1.851449012756347656e-01;-1.028977185487747192e-01
2.412523925304412842e-01;-2.368639856576919556e-01;-1.198399439454078674e-01
-2.512097358703613281e-01;4.390434920787811279e-01;-3.219080269336700439e-01
6.098845228552818298e-02;-1.657527238130569458e-01;1.655100882053375244e-01
1.973024904727935791e-01;-5.568050742149353027e-01;1.735175959765911102e-02
-2.952424110844731331e-04;2.394583970308303833e-01;-7.859507948160171509e-02
-6.455159187316894531e-02;-5.371366441249847412e-02;-2.128330618143081665e-01
-2.601241171360015869e-01;1.721982508897781372e-01;4.568293690681457520e-01
-2.625932097434997559e-01;-4.850390553474426270e-02;-4.283571839332580566e-01
-1.393847912549972534e-01;2.298138290643692017e-01;3.130089044570922852e-01
-4.739704355597496033e-02;-1.020586937665939331e-01;-1.387068480253219604e-01
1.622520983219146729e-01;-6.630598753690719604e-02;1.799502968788146973e-01
-3.077778518199920654e-01;-6.044039726257324219e-01;-4.677654206752777100e-01
5.383860319852828979e-03;4.281606152653694153e-02;2.059531807899475098e-01
2.270291298627853394e-01;-5.044885277748107910e-01;-9.299483895301818848e-02
2.383126616477966309e-01;-4.315350651741027832e-01;1.546684056520462036e-01
7.720848172903060913e-02;2.999868690967559814e-01;1.784346550703048706e-01
2.541675865650177002e-01;-3.941891714930534363e-03;-1.548402011394500732e-01
-1.469928175210952759e-01;3.098034262657165527e-01;3.182092607021331787e-01
-3.406476378440856934e-01;4.720914959907531738e-01;-3.241339921951293945e-01
1.897294446825981140e-02;-4.202532768249511719e-01;1.151039078831672668e-01
1.438150405883789062e-01;4.300402700901031494e-01;-1.230496764183044434e-01
2.104063332080841064e-01;5.974757671356201172e-01;7.524728775024414062e-02
-2.297995090484619141e-01;7.235831767320632935e-02;-2.037242054939270020e-01
2.653899788856506348e-01;-7.925398945808410645e-01;5.008838772773742676e-01
2.699457854032516479e-02;2.210451066493988037e-01;2.053195834159851074e-01
-1.981963068246841431e-01;-2.488213479518890381e-01;4.048154056072235107e-01
-2.036557905375957489e-02;-3.065664172172546387e-01;-1.348169893026351929e-01
-2.671301066875457764e-01;-3.138343095779418945e-01;-4.664390683174133301e-01
-1.767805367708206177e-01;-2.851320505142211914e-01;2.325988560914993286e-01
2.545705437660217285e-01;1.681661605834960938e-01;-1.582894474267959595e-01
-2.625870406627655029e-01;-6.179606318473815918e-01;-3.559343218803405762e-01
2.414555400609970093e-01;4.923785030841827393e-01;1.637397855520248413e-01
-4.996109008789062500e-01;1.592947244644165039e-01;5.342379808425903320e-01
-3.890661001205444336e-01;-7.457702755928039551e-01;-4.369012117385864258e-01
1.986820250749588013e-01;-7.960385680198669434e-01;-4.665358960628509521e-01
2.620698809623718262e-01;-7.985035181045532227e-01;4.788120687007904053e-01
-2.157309465110301971e-02;5.019467473030090332e-01;2.572158910334110260e-02
-1.276484727859497070e-01;-7.231950014829635620e-02;3.563121557235717773e-01
-2.088599950075149536e-01;3.549088239669799805e-01;-3.719927072525024414e-01
-3.121660947799682617e-01;-7.498240470886230469e-01;5.032504200935363770e-01
2.211254239082336426e-01;6.135707497596740723e-01;1.048412248492240906e-01
-2.264378666877746582e-01;-1.293296664953231812e-01;-1.986467540264129639e-01
2.630176544189453125e-01;-7.986190319061279297e-01;-4.435001909732818604e-01
-4.880398511886596680e-02;2.657044231891632080e-01;4.396057873964309692e-02
2.640147209167480469e-01;7.996571063995361328e-01;-4.552153646945953369e-01
-2.797338068485260010e-01;7.046493887901306152e-01;4.621815979480743408e-01
3.876939788460731506e-02;-8.925718255341053009e-03;-1.983237713575363159e-01
-1.357806324958801270e-01;4.116753339767456055e-01;2.340494394302368164e-01
-8.289424329996109009e-02;-2.519510388374328613e-01;1.271139979362487793e-01
-1.645425260066986084e-01;1.247398853302001953e-01;-1.529512852430343628e-01
-2.800931632518768311e-01;-6.030052304267883301e-01;-3.063228726387023926e-01
-2.962107062339782715e-01;1.499282568693161011e-01;2.816123962402343750e-01
-3.904404044151306152e-01;-6.108987703919410706e-02;-3.309904336929321289e-01
-1.308662444353103638e-02;-5.419980883598327637e-01;6.632585078477859497e-02
2.240501642227172852e-01;8.041954636573791504e-01;-4.391790032386779785e-01
-8.872384577989578247e-02;-3.005663156509399414e-01;-1.073623597621917725e-01
2.527351081371307373e-01;3.446823358535766602e-01;-1.663614362478256226e-01
-1.417407244443893433e-01;1.118526309728622437e-01;1.629444062709808350e-01
2.631626129150390625e-01;8.049951195716857910e-01;-4.333390593528747559e-01
-2.229281067848205566e-01;-3.480902016162872314e-01;-2.073505222797393799e-01
-3.521825671195983887e-01;-6.593155860900878906e-01;3.930372893810272217e-01
-1.452913880348205566e-01;2.443480640649795532e-01;-3.287915587425231934e-01
-3.989046514034271240e-01;-2.704769074916839600e-01;3.784910738468170166e-01
-2.549313604831695557e-01;5.589146018028259277e-01;4.567713439464569092e-01
2.607775926589965820e-01;-8.041865825653076172e-01;-4.208760261535644531e-01
-5.034123659133911133e-01;4.338923692703247070e-01;5.279546380043029785e-01
-2.411797046661376953e-01;4.111607074737548828e-01;4.567498862743377686e-01
2.488872557878494263e-01;7.923883199691772461e-01;4.555200338363647461e-01
-2.434484846889972687e-02;-8.020848631858825684e-01;5.008900165557861328e-01
-2.803530693054199219e-01;7.573113441467285156e-01;-4.408861696720123291e-01
-4.576345160603523254e-02;-2.390083968639373779e-01;2.824762761592864990e-01
1.013041585683822632e-01;-8.050819039344787598e-01;4.682525694370269775e-01
-1.887533068656921387e-01;-4.491092264652252197e-01;2.276718765497207642e-01
4.805226624011993408e-02;5.771067142486572266e-01;-1.156900078058242798e-01
2.595983445644378662e-01;8.147702813148498535e-01;4.325483143329620361e-01
3.506256267428398132e-02;-2.046174854040145874e-01;-2.085063308477401733e-01
2.494978308677673340e-01;5.278789401054382324e-01;2.129636108875274658e-01
-5.944359302520751953e-02;5.164069533348083496e-01;1.468871384859085083e-01
-2.519844770431518555e-01;3.748643994331359863e-01;-2.164832353591918945e-01
-1.103736832737922668e-01;2.097738683223724365e-01;-7.879427820444107056e-02
2.429741322994232178e-01;-6.069590449333190918e-01;1.918728947639465332e-01
1.149582043290138245e-01;1.224685385823249817e-01;2.398496568202972412e-01
-1.517695002257823944e-02;6.552523970603942871e-01;6.772369891405105591e-02
-2.354129403829574585e-01;4.484387040138244629e-01;-4.190166294574737549e-01
-1.925147026777267456e-01;-8.108933568000793457e-01;5.008879303932189941e-01
-3.494452834129333496e-01;6.608888506889343262e-01;-3.207882046699523926e-01
2.122097015380859375e-01;7.947902083396911621e-01;5.008838176727294922e-01
-3.001664206385612488e-02;-8.017352223396301270e-01;-4.665350019931793213e-01
2.591794431209564209e-01;8.174532055854797363e-01;-3.801654279232025146e-01
2.618376612663269043e-01;3.227430582046508789e-02;2.345738410949707031e-01
2.404580414295196533e-01;7.975298762321472168e-01;-3.910588324069976807e-01
2.257787883281707764e-01;-7.659652829170227051e-01;-4.665333926677703857e-01
-1.537900976836681366e-02;-6.619628071784973145e-01;-5.280498787760734558e-02
-4.472897350788116455e-01;-4.521991610527038574e-01;4.297178387641906738e-01
2.597361505031585693e-01;-8.141294121742248535e-01;4.131028950214385986e-01
2.620100378990173340e-01;1.220030933618545532e-01;2.367083132266998291e-01
2.239034511148929596e-02;8.031248450279235840e-01;5.008819103240966797e-01
2.601635158061981201e-01;8.016299605369567871e-01;4.227991998195648193e-01
-1.316084712743759155e-01;-4.030486643314361572e-01;3.527680039405822754e-01
2.586081027984619141e-01;-8.161946535110473633e-01;4.088599979877471924e-01
2.249161005020141602e-01;7.663331627845764160e-01;-4.449742734432220459e-01
2.617098391056060791e-01;1.296091526746749878e-01;-2.020214796066284180e-01
-2.273242473602294922e-01;-5.199902057647705078e-01;2.369940429925918579e-01
1.654127240180969238e-01;5.667921900749206543e-01;-1.784735918045043945e-01
1.280916035175323486e-01;3.273568451404571533e-01;2.324794530868530273e-01
2.430675476789474487e-01;-6.585639715194702148e-01;-1.734228283166885376e-01
2.101978808641433716e-01;6.999413967132568359e-01;-2.515527047216892242e-02
1.100173871964216232e-02;4.970857799053192139e-01;-1.835521906614303589e-01
1.075766328722238541e-02;5.389816761016845703e-01;2.066075503826141357e-01
2.065748572349548340e-01;7.219024896621704102e-01;2.806009724736213684e-02
-4.152099788188934326e-01;6.681130528450012207e-01;4.171862900257110596e-01
1.066652387380599976e-01;-7.398132681846618652e-01;4.383512586355209351e-02
2.561040818691253662e-01;8.251861929893493652e-01;-3.511737883090972900e-01
2.498972974717617035e-02;6.785176396369934082e-01;1.378557085990905762e-01
2.586117088794708252e-01;3.744786977767944336e-01;2.418245226144790649e-01
9.496297687292098999e-02;-4.288507699966430664e-01;2.381180226802825928e-01
-4.466056451201438904e-02;-6.007041931152343750e-01;-1.379484683275222778e-01
2.594721615314483643e-01;7.956131100654602051e-01;4.080852568149566650e-01
2.583789825439453125e-01;8.218515515327453613e-01;3.965941667556762695e-01
1.337427347898483276e-01;-7.026519775390625000e-01;1.435827761888504028e-01
-2.023748606443405151e-01;-2.255792170763015747e-01;-1.433738917112350464e-01
-5.968435481190681458e-02;-5.290589928627014160e-01;-2.311221659183502197e-01
-2.442829012870788574e-01;6.892253160476684570e-01;2.947341501712799072e-01
-1.975680291652679443e-01;-6.819306612014770508e-01;4.136817753314971924e-01
1.478897333145141602e-01;6.781288385391235352e-01;-1.597349196672439575e-01
-1.434894502162933350e-01;8.106192350387573242e-01;5.008922219276428223e-01
8.091432601213455200e-02;-5.381768941879272461e-01;-1.889944970607757568e-01
-2.189933210611343384e-01;7.654774188995361328e-01;4.277748763561248779e-01
2.551088035106658936e-01;-8.217482566833496094e-01;-3.511397242546081543e-01
1.841781139373779297e-01;-3.523683547973632812e-01;2.502344846725463867e-01
-1.170690432190895081e-01;6.239932179450988770e-01;-9.682525694370269775e-02
2.605589032173156738e-01;-7.580844759941101074e-01;-3.909567892551422119e-01
2.556713819503784180e-01;-8.255367875099182129e-01;3.735569715499877930e-01
-1.155062168836593628e-01;-5.975387692451477051e-01;-6.966380774974822998e-02
1.940744519233703613e-01;3.352861702442169189e-01;-2.198577970266342163e-01
2.168585360050201416e-02;-4.816044867038726807e-01;2.587965726852416992e-01
2.545877695083618164e-01;-6.210055351257324219e-01;-2.467181980609893799e-01
2.078604102134704590e-01;-7.721773386001586914e-01;4.030246734619140625e-01
-5.652896314859390259e-02;-8.548386693000793457e-01;-5.670980364084243774e-02
1.892176121473312378e-01;-4.276314675807952881e-01;-2.219990938901901245e-01
-8.269705623388290405e-02;4.655286669731140137e-01;3.436274230480194092e-01
-5.315650105476379395e-01;6.110247373580932617e-01;-5.476565361022949219e-01
1.948911994695663452e-01;-1.538323909044265747e-01;2.637372314929962158e-01
1.341592371463775635e-01;-7.590798735618591309e-01;-4.008196592330932617e-01
2.544424533843994141e-01;8.322374224662780762e-01;3.616275787353515625e-01
2.539342045783996582e-01;8.002097010612487793e-01;-2.991749048233032227e-01
1.940000951290130615e-01;-2.597633898258209229e-01;-2.225737124681472778e-01
2.523238956928253174e-01;8.378257751464843750e-01;-3.047067523002624512e-01
-4.071379005908966064e-01;-7.309628725051879883e-01;-3.513956069946289062e-01
-3.245984017848968506e-01;8.204843401908874512e-01;3.659848868846893311e-01
-3.199842944741249084e-02;6.481043100357055664e-01;-1.705536991357803345e-01
-1.102850660681724548e-01;-6.288596391677856445e-01;1.146393343806266785e-01
-7.429371029138565063e-02;-6.193689107894897461e-01;-2.360895872116088867e-01
-1.782431155443191528e-01;-5.528608453460037708e-04;-4.124833941459655762e-01
-1.213772371411323547e-01;-6.899189949035644531e-01;-4.128387570381164551e-02
1.874892711639404297e-01;3.778611421585083008e-01;2.658751904964447021e-01
-7.982815057039260864e-02;-7.861874699592590332e-01;1.238152459263801575e-01
-1.369409114122390747e-01;4.349077045917510986e-01;2.173704793676733971e-03
-1.326043903827667236e-01;-4.464310705661773682e-01;-6.739861797541379929e-03
-3.673008680343627930e-01;1.061661243438720703e-01;-4.765565395355224609e-01
-3.805886805057525635e-01;2.636641263961791992e-01;-4.791965782642364502e-01
-2.770478725433349609e-01;3.561897948384284973e-02;4.002830088138580322e-01
1.386998444795608521e-01;-2.481549605727195740e-02;2.477735653519630432e-02
1.315104812383651733e-01;1.862690597772598267e-02;-1.315212715417146683e-02
1.849915981292724609e-01;2.296901494264602661e-01;7.359386235475540161e-02
1.624446362257003784e-01;-2.140479832887649536e-01;4.931100830435752869e-02
2.118922472000122070e-01;-1.073718518018722534e-01;1.001370102167129517e-01
1.798124015331268311e-01;-6.000963971018791199e-02;-6.195917353034019470e-02
1.322433799505233765e-01;1.346367448568344116e-01;-1.686771586537361145e-02
-4.038307666778564453e-01;-3.463881611824035645e-01;4.531269371509552002e-01
1.830786764621734619e-01;1.613650172948837280e-01;-6.550650298595428467e-02
1.291953474283218384e-01;2.845911681652069092e-01;1.259955018758773804e-02
2.298780232667922974e-01;3.323421999812126160e-02;1.279221177101135254e-01
1.234840527176856995e-01;-3.218003213405609131e-01;-7.924259640276432037e-03
-2.834896445274353027e-01;3.289580047130584717e-01;3.994466960430145264e-01
2.109054625034332275e-01;-3.015192747116088867e-01;1.037569791078567505e-01
1.323516964912414551e-01;-3.717969357967376709e-01;2.402450516819953918e-02
1.506807208061218262e-01;-3.282856345176696777e-01;-4.772435873746871948e-02
-3.383866548538208008e-01;-4.160863459110260010e-01;4.203954935073852539e-01
-2.054865658283233643e-01;-1.158675327897071838e-01;3.743998706340789795e-01
1.914940327405929565e-01;-3.404188156127929688e-01;-8.368007093667984009e-02
2.338239103555679321e-01;-5.660145357251167297e-02;-1.168642342090606689e-01
2.063613682985305786e-01;-4.055579006671905518e-01;1.037845462560653687e-01
-2.544294893741607666e-01;4.107449054718017578e-01;3.871639370918273926e-01
1.258812993764877319e-01;4.717085361480712891e-01;-2.318422123789787292e-02
-3.173744678497314453e-01;-5.429068207740783691e-01;4.089715182781219482e-01
-3.692204952239990234e-01;-7.660828828811645508e-01;-4.765137135982513428e-01
2.277105152606964111e-01;-2.417709231376647949e-01;-1.224782317876815796e-01
2.315193712711334229e-01;2.319182604551315308e-01;-1.299338340759277344e-01
1.762990653514862061e-01;-4.764370918273925781e-01;-7.812126725912094116e-02
-2.898995280265808105e-01;-8.884859830141067505e-02;-4.669920802116394043e-01
1.157088726758956909e-01;-5.610518455505371094e-01;-9.848307818174362183e-04
2.503685057163238525e-01;1.580325365066528320e-01;1.744354218244552612e-01
-1.544562280178070068e-01;1.501788347959518433e-01;3.645927309989929199e-01
1.322953104972839355e-01;5.707453489303588867e-01;-3.591826185584068298e-02
1.820857524871826172e-01;5.139446854591369629e-01;-8.938717097043991089e-02
2.222184389829635620e-01;5.076521039009094238e-01;1.400384753942489624e-01
-2.724518775939941406e-01;-3.201184570789337158e-01;-4.665225148200988770e-01
2.020927220582962036e-01;5.702444911003112793e-01;1.118285953998565674e-01
1.245694607496261597e-01;6.146909594535827637e-01;1.326556596904993057e-02
2.029606103897094727e-01;-7.960436344146728516e-01;-4.665364623069763184e-01
2.251615077257156372e-01;-4.375452399253845215e-01;-1.402205377817153931e-01
2.577708363533020020e-01;-8.580666035413742065e-02;2.022217512130737305e-01
2.535908818244934082e-01;-7.994429469108581543e-01;-4.452812671661376953e-01
2.693551778793334961e-01;7.965304851531982422e-01;-4.665282964706420898e-01
2.675246000289916992e-01;8.026127815246582031e-01;-4.429740309715270996e-01
2.666186392307281494e-01;8.029575943946838379e-01;-4.417855739593505859e-01
1.609940677881240845e-01;8.050543665885925293e-01;-4.478650987148284912e-01
2.434149682521820068e-01;3.506572544574737549e-01;-1.675390601158142090e-01
-1.858671158552169800e-01;-4.234938025474548340e-01;3.715765178203582764e-01
2.209112048149108887e-01;6.016756892204284668e-01;1.480795443058013916e-01
1.584800332784652710e-01;-6.576995253562927246e-01;6.699483841657638550e-02
2.236731797456741333e-01;-7.783827185630798340e-01;-4.665357172489166260e-01
2.186497300863265991e-01;8.107241988182067871e-01;-4.114201068878173828e-01
-2.708294391632080078e-01;-2.462993711233139038e-01;-4.664759337902069092e-01
1.833255290985107422e-01;-6.205266714096069336e-01;-1.102376654744148254e-01
-5.225247740745544434e-01;-5.864972621202468872e-02;5.236304402351379395e-01
1.638927757740020752e-01;-8.083612918853759766e-01;-4.121102094650268555e-01
-1.720403432846069336e-01;5.035508275032043457e-01;3.703491687774658203e-01
2.303484380245208740e-01;-6.400782465934753418e-01;1.806897073984146118e-01
-9.039783477783203125e-02;-1.154870092868804932e-01;3.536824285984039307e-01
1.214679852128028870e-01;-7.000418901443481445e-01;-4.374579712748527527e-02
2.404630780220031738e-01;-8.101791143417358398e-01;-3.970981538295745850e-01
-4.501759633421897888e-02;-8.023304343223571777e-01;-4.665352702140808105e-01
2.443902790546417236e-01;-6.067584753036499023e-01;2.225450426340103149e-01
-3.341436386108398438e-01;-8.243393301963806152e-01;-4.175717830657958984e-01
2.491938322782516479e-01;8.198955059051513672e-01;-3.719485700130462646e-01
1.753932237625122070e-01;7.593701481819152832e-01;-4.665301740169525146e-01
3.054700791835784912e-02;-8.055011034011840820e-01;-4.397958517074584961e-01
-2.503143250942230225e-01;4.955377876758575439e-01;-4.664260149002075195e-01
-2.600442171096801758e-01;-8.239545822143554688e-01;-4.168347120285034180e-01
1.882478892803192139e-01;6.871645450592041016e-01;-1.291313171386718750e-01
4.827622696757316589e-02;8.025894165039062500e-01;-4.665356278419494629e-01
2.176873981952667236e-01;8.236140608787536621e-01;-3.571884334087371826e-01
2.300288528203964233e-01;-6.937487721443176270e-01;1.944802999496459961e-01
-4.681497439742088318e-02;8.628859519958496094e-01;2.477378770709037781e-02
-5.164095163345336914e-01;2.515619695186614990e-01;5.188521146774291992e-01
-7.907600700855255127e-02;-8.494104146957397461e-01;4.106144607067108154e-02
1.227062419056892395e-01;7.403813600540161133e-01;-5.083116143941879272e-02
2.532635927200317383e-01;5.382326841354370117e-01;2.601249217987060547e-01
2.643396854400634766e-01;4.218954965472221375e-02;2.552002072334289551e-01
2.581036090850830078e-01;-2.258177697658538818e-01;-2.131198346614837646e-01
2.519771754741668701e-01;-3.930530548095703125e-01;-2.168890535831451416e-01
-2.386021055281162262e-02;8.693782091140747070e-01;3.346104174852371216e-02
2.115401178598403931e-01;-8.185086846351623535e-01;-3.647711277008056641e-01
-2.759952545166015625e-01;8.279622197151184082e-01;-4.082060754299163818e-01
-1.231571361422538757e-01;-8.361619114875793457e-01;7.639919221401214600e-02
2.585787177085876465e-01;8.078650832176208496e-01;3.678009510040283203e-01
-1.021627709269523621e-02;8.732497096061706543e-01;2.970986813306808472e-02
1.425263565033674240e-02;-8.763303756713867188e-01;-9.057972580194473267e-03
2.553791999816894531e-01;-7.600365281105041504e-01;-3.491726517677307129e-01
2.538258433341979980e-01;-5.977495908737182617e-01;2.757643461227416992e-01
2.423342615365982056e-01;6.854255795478820801e-01;-2.554162442684173584e-01
2.628097236156463623e-01;-2.479045540094375610e-01;2.550305128097534180e-01
7.714805006980895996e-02;8.139432072639465332e-01;-4.036431312561035156e-01
2.008435130119323730e-01;-8.255056738853454590e-01;3.750862777233123779e-01
2.363645285367965698e-01;7.421420812606811523e-01;2.218817472457885742e-01
2.604761123657226562e-01;-7.510165572166442871e-01;-3.905299901962280273e-01
1.634983122348785400e-01;7.607975602149963379e-01;8.814112097024917603e-02
