-2.434486150741577148e-02;-8.020848631858825684e-01;5.008900165557861328e-01
1.013041585683822632e-01;-8.050819039344787598e-01;4.682525694370269775e-01
2.008435130119323730e-01;-8.255056738853454590e-01;3.750862777233123779e-01
2.597361505031585693e-01;-8.141294121742248535e-01;4.131028950214385986e-01
2.586081027984619141e-01;-8.161946535110473633e-01;4.088599979877471924e-01
2.556713819503784180e-01;-8.255367875099182129e-01;3.735569715499877930e-01
2.078604102134704590e-01;-7.721773386001586914e-01;4.030246734619140625e-01
2.653899788856506348e-01;-7.925398945808410645e-01;5.008838772773742676e-01
2.620698809623718262e-01;-7.985035181045532227e-01;4.788120687007904053e-01
2.538258433341979980e-01;-5.977495908737182617e-01;2.757643461227416992e-01
2.239035069942474365e-02;8.031248450279235840e-01;5.008819103240966797e-01
2.363645285367965698e-01;7.421420812606811523e-01;2.218817472457885742e-01
2.594721615314483643e-01;7.956131100654602051e-01;4.080852568149566650e-01
2.585787177085876465e-01;8.078650832176208496e-01;3.678009510040283203e-01
2.544424533843994141e-01;8.322374224662780762e-01;3.616275787353515625e-01
2.583789825439453125e-01;8.218515515327453613e-01;3.965941667556762695e-01
2.122097015380859375e-01;7.947902083396911621e-01;5.008838176727294922e-01
2.488872557878494263e-01;7.923883199691772461e-01;4.555200338363647461e-01
2.601635158061981201e-01;8.016299605369567871e-01;4.227991998195648193e-01
2.595983445644378662e-01;8.147702813148498535e-01;4.325483143329620361e-01
-5.225247740745544434e-01;-5.864972621202468872e-02;5.236304402351379395e-01
-4.231984317302703857e-01;-1.147577837109565735e-01;4.572086632251739502e-01
-4.175476729869842529e-01;8.937972038984298706e-02;4.387157559394836426e-01
-5.164095163345336914e-01;2.515619695186614990e-01;5.188521146774291992e-01
-4.996109008789062500e-01;1.592947244644165039e-01;5.342379808425903320e-01
-3.989046514034271240e-01;-2.704769074916839600e-01;3.784910738468170166e-01
-4.038307666778564453e-01;-3.463881611824035645e-01;4.531269371509552002e-01
-3.665513396263122559e-01;-1.802537739276885986e-01;5.101656317710876465e-01
-2.770478725433349609e-01;3.561898320913314819e-02;4.002830088138580322e-01
-3.047151565551757812e-01;-4.956302046775817871e-02;4.675528407096862793e-01
2.693551778793334961e-01;7.965304851531982422e-01;-4.665282964706420898e-01
2.640147209167480469e-01;7.996571063995361328e-01;-4.552153646945953369e-01
2.240501642227172852e-01;8.041954636573791504e-01;-4.391790032386779785e-01
2.249161005020141602e-01;7.663331627845764160e-01;-4.449742734432220459e-01
2.675246000289916992e-01;8.026127815246582031e-01;-4.429740309715270996e-01
2.666186392307281494e-01;8.029575943946838379e-01;-4.417855739593505859e-01
2.631626129150390625e-01;8.049951195716857910e-01;-4.333390593528747559e-01
2.404580414295196533e-01;7.975298762321472168e-01;-3.910588324069976807e-01
2.186497300863265991e-01;8.107241988182067871e-01;-4.114201068878173828e-01
2.591794431209564209e-01;8.174532055854797363e-01;-3.801654279232025146e-01
1.386998444795608521e-01;-2.481549605727195740e-02;2.477735280990600586e-02
9.267790615558624268e-02;1.009033322334289551e-01;7.869665324687957764e-02
2.118922472000122070e-01;-1.073718518018722534e-01;1.001370102167129517e-01
1.622520983219146729e-01;-6.630598008632659912e-02;1.799502968788146973e-01
2.577708363533020020e-01;-8.580665290355682373e-02;2.022217512130737305e-01
2.298780232667922974e-01;3.323421999812126160e-02;1.279221177101135254e-01
2.618376612663269043e-01;3.227430582046508789e-02;2.345738410949707031e-01
2.620100378990173340e-01;1.220030933618545532e-01;2.367083132266998291e-01
2.643396854400634766e-01;4.218954965472221375e-02;2.552002072334289551e-01
2.503685057163238525e-01;1.580325365066528320e-01;1.744354218244552612e-01
-3.121660947799682617e-01;-7.498240470886230469e-01;5.032504200935363770e-01
-3.521825671195983887e-01;-6.593155860900878906e-01;3.930372893810272217e-01
-4.472897350788116455e-01;-4.521991610527038574e-01;4.297178387641906738e-01
-3.927061855792999268e-01;-3.976461887359619141e-01;4.677310883998870850e-01
-3.173744678497314453e-01;-5.429068207740783691e-01;4.089715182781219482e-01
-3.383866548538208008e-01;-4.160863459110260010e-01;4.203954935073852539e-01
-4.931650757789611816e-01;-5.271961688995361328e-01;5.669034719467163086e-01
-1.925147026777267456e-01;-8.108933568000793457e-01;5.008879303932189941e-01
-1.975680291652679443e-01;-6.819306612014770508e-01;4.136817753314971924e-01
-2.273242473602294922e-01;-5.199902057647705078e-01;2.369940429925918579e-01
-2.671301066875457764e-01;-3.138343095779418945e-01;-4.664390683174133301e-01
-2.724518775939941406e-01;-3.201184570789337158e-01;-4.665225148200988770e-01
-2.448057979345321655e-01;-2.845428884029388428e-01;-3.177639245986938477e-01
-2.229281067848205566e-01;-3.480902016162872314e-01;-2.073505222797393799e-01
-1.326043903827667236e-01;-4.464310705661773682e-01;-6.739854812622070312e-03
-2.264378666877746582e-01;-1.293296664953231812e-01;-1.986467540264129639e-01
-2.023748606443405151e-01;-2.255792170763015747e-01;-1.433738917112350464e-01
-5.968435108661651611e-02;-5.290589928627014160e-01;-2.311221659183502197e-01
-8.872383832931518555e-02;-3.005663156509399414e-01;-1.073623597621917725e-01
-2.036558091640472412e-02;-3.065664172172546387e-01;-1.348169893026351929e-01
-2.672501206398010254e-01;2.484890520572662354e-01;3.217857480049133301e-01
-1.393847912549972534e-01;2.298138290643692017e-01;3.130089044570922852e-01
-1.469928175210952759e-01;3.098034262657165527e-01;3.182092607021331787e-01
-1.369409114122390747e-01;4.349077045917510986e-01;2.173706889152526855e-03
-5.944359302520751953e-02;5.164069533348083496e-01;1.468871384859085083e-01
-1.357806324958801270e-01;4.116753339767456055e-01;2.340494394302368164e-01
-8.269705623388290405e-02;4.655286669731140137e-01;3.436274230480194092e-01
-2.544294893741607666e-01;4.107449054718017578e-01;3.871639370918273926e-01
-1.720403432846069336e-01;5.035508275032043457e-01;3.703491687774658203e-01
1.075766980648040771e-02;5.389816761016845703e-01;2.066075503826141357e-01
1.214679852128028870e-01;-7.000418901443481445e-01;-4.374579340219497681e-02
1.584800332784652710e-01;-6.576995253562927246e-01;6.699483841657638550e-02
1.833255290985107422e-01;-6.205266714096069336e-01;-1.102376580238342285e-01
1.762990653514862061e-01;-4.764370918273925781e-01;-7.812126725912094116e-02
2.270291298627853394e-01;-5.044885277748107910e-01;-9.299483895301818848e-02
1.157088726758956909e-01;-5.610518455505371094e-01;-9.848307818174362183e-04
1.973024904727935791e-01;-5.568050742149353027e-01;1.735175959765911102e-02
1.915918141603469849e-01;-4.541972279548645020e-01;2.109570801258087158e-02
2.303484380245208740e-01;-6.400782465934753418e-01;1.806897073984146118e-01
2.063613682985305786e-01;-4.055579006671905518e-01;1.037845462560653687e-01
-1.517695002257823944e-02;6.552523970603942871e-01;6.772369891405105591e-02
2.498972788453102112e-02;6.785176396369934082e-01;1.378557085990905762e-01
-1.021627709269523621e-02;8.732497096061706543e-01;2.970986813306808472e-02
-2.386021055281162262e-02;8.693782091140747070e-01;3.346104174852371216e-02
-4.681497439742088318e-02;8.628859519958496094e-01;2.477378770709037781e-02
1.227062344551086426e-01;7.403813600540161133e-01;-5.083116143941879272e-02
1.245694607496261597e-01;6.146909594535827637e-01;1.326556503772735596e-02
1.634983122348785400e-01;7.607975602149963379e-01;8.814112097024917603e-02
2.101978808641433716e-01;6.999413967132568359e-01;-2.515526860952377319e-02
2.065748572349548340e-01;7.219024896621704102e-01;2.806009724736213684e-02
-2.572972476482391357e-01;2.031715959310531616e-02;-2.849880158901214600e-01
-2.393727153539657593e-01;3.342903405427932739e-02;-3.761330246925354004e-01
-6.455159187316894531e-02;-5.371366441249847412e-02;-2.128330618143081665e-01
-2.297995090484619141e-01;7.235831767320632935e-02;-2.037242054939270020e-01
-1.645425260066986084e-01;1.247398853302001953e-01;-1.529512852430343628e-01
-1.103736832737922668e-01;2.097738683223724365e-01;-7.879427820444107056e-02
-1.452913880348205566e-01;2.443480640649795532e-01;-3.287915587425231934e-01
3.876939415931701660e-02;-8.925721049308776855e-03;-1.983237713575363159e-01
3.004607558250427246e-02;1.851449012756347656e-01;-1.028977185487747192e-01
-2.952367067337036133e-04;2.394583970308303833e-01;-7.859507948160171509e-02
-2.273242473602294922e-01;-5.199902057647705078e-01;2.369940429925918579e-01
-1.887533068656921387e-01;-4.491092264652252197e-01;2.276718765497207642e-01
-1.316084712743759155e-01;-4.030486643314361572e-01;3.527680039405822754e-01
-8.289424329996109009e-02;-2.519510388374328613e-01;1.271139979362487793e-01
-1.767805367708206177e-01;-2.851320505142211914e-01;2.325988560914993286e-01
-1.858671158552169800e-01;-4.234938025474548340e-01;3.715765178203582764e-01
-1.981963068246841431e-01;-2.488213479518890381e-01;4.048154056072235107e-01
-2.054865658283233643e-01;-1.158675253391265869e-01;3.743998706340789795e-01
-9.039783477783203125e-02;-1.154870092868804932e-01;3.536824285984039307e-01
-4.576344788074493408e-02;-2.390083968639373779e-01;2.824762761592864990e-01
1.892176121473312378e-01;-4.276314675807952881e-01;-2.219990938901901245e-01
2.519771754741668701e-01;-3.930530548095703125e-01;-2.168890535831451416e-01
1.940000951290130615e-01;-2.597633898258209229e-01;-2.225737124681472778e-01
2.581036090850830078e-01;-2.258177697658538818e-01;-2.131198346614837646e-01
2.412523925304412842e-01;-2.368639856576919556e-01;-1.198399439454078674e-01
2.277105152606964111e-01;-2.417709231376647949e-01;-1.224782317876815796e-01
1.506807208061218262e-01;-3.282856345176696777e-01;-4.772436618804931641e-02
1.914940327405929565e-01;-3.404188156127929688e-01;-8.368006348609924316e-02
2.109805792570114136e-01;-2.573834359645843506e-01;-5.293683707714080811e-02
2.338239103555679321e-01;-5.660144984722137451e-02;-1.168642342090606689e-01
-3.341436386108398438e-01;-8.243393301963806152e-01;-4.175717830657958984e-01
-3.890661001205444336e-01;-7.457702755928039551e-01;-4.369012117385864258e-01
-3.692204952239990234e-01;-7.660828828811645508e-01;-4.765137135982513428e-01
-4.071379005908966064e-01;-7.309628725051879883e-01;-3.513956069946289062e-01
-3.077778518199920654e-01;-6.044039726257324219e-01;-4.677654206752777100e-01
-3.230065703392028809e-01;-5.040888190269470215e-01;-4.386254251003265381e-01
-2.600442171096801758e-01;-8.239545822143554688e-01;-4.168347120285034180e-01
-7.429370284080505371e-02;-6.193689107894897461e-01;-2.360895872116088867e-01
-2.625870406627655029e-01;-6.179606318473815918e-01;-3.559343218803405762e-01
-2.800931632518768311e-01;-6.030052304267883301e-01;-3.063228726387023926e-01
-4.996109008789062500e-01;1.592947244644165039e-01;5.342379808425903320e-01
-5.164095163345336914e-01;2.515619695186614990e-01;5.188521146774291992e-01
-5.034123659133911133e-01;4.338923692703247070e-01;5.279546380043029785e-01
-3.938556313514709473e-01;3.613946437835693359e-01;4.729242920875549316e-01
-2.672501206398010254e-01;2.484890520572662354e-01;3.217857480049133301e-01
-2.601241171360015869e-01;1.721982508897781372e-01;4.568293690681457520e-01
-2.544294893741607666e-01;4.107449054718017578e-01;3.871639370918273926e-01
-2.834896445274353027e-01;3.289580047130584717e-01;3.994466960430145264e-01
-2.411797046661376953e-01;4.111607074737548828e-01;4.567498862743377686e-01
-2.549313604831695557e-01;5.589146018028259277e-01;4.567713439464569092e-01
-4.175476729869842529e-01;8.937971293926239014e-02;4.387157559394836426e-01
-2.054865658283233643e-01;-1.158675402402877808e-01;3.743998706340789795e-01
-2.476376295089721680e-01;2.243900671601295471e-02;3.472642302513122559e-01
-3.047151565551757812e-01;-4.956301674246788025e-02;4.675528407096862793e-01
-2.770478725433349609e-01;3.561897948384284973e-02;4.002830088138580322e-01
-1.490071862936019897e-01;1.118712723255157471e-01;2.729006409645080566e-01
-2.962107062339782715e-01;1.499282568693161011e-01;2.816123962402343750e-01
-2.601241171360015869e-01;1.721982508897781372e-01;4.568293690681457520e-01
-1.544562280178070068e-01;1.501788347959518433e-01;3.645927309989929199e-01
-1.276484727859497070e-01;-7.231950759887695312e-02;3.563121557235717773e-01
1.638927757740020752e-01;-8.083612918853759766e-01;-4.121102094650268555e-01
2.630176544189453125e-01;-7.986190319061279297e-01;-4.435001909732818604e-01
2.535908818244934082e-01;-7.994429469108581543e-01;-4.452812671661376953e-01
2.115401178598403931e-01;-8.185086846351623535e-01;-3.647711277008056641e-01
2.404630780220031738e-01;-8.101791143417358398e-01;-3.970981538295745850e-01
2.607775926589965820e-01;-8.041865825653076172e-01;-4.208760261535644531e-01
2.551088035106658936e-01;-8.217482566833496094e-01;-3.511397242546081543e-01
2.605589032173156738e-01;-7.580844759941101074e-01;-3.909567892551422119e-01
2.604761123657226562e-01;-7.510165572166442871e-01;-3.905299901962280273e-01
2.553791999816894531e-01;-7.600365281105041504e-01;-3.491726517677307129e-01
2.100736349821090698e-01;-3.413395285606384277e-01;8.449879288673400879e-02
2.383126616477966309e-01;-4.315350651741027832e-01;1.546684056520462036e-01
1.841781139373779297e-01;-3.523683547973632812e-01;2.502344846725463867e-01
2.109054625034332275e-01;-3.015192747116088867e-01;1.037569791078567505e-01
2.276165932416915894e-01;-2.026080638170242310e-01;1.156316399574279785e-01
2.628097236156463623e-01;-2.479045540094375610e-01;2.550305128097534180e-01
1.948911994695663452e-01;-1.538323909044265747e-01;2.637372314929962158e-01
1.622520983219146729e-01;-6.630598008632659912e-02;1.799502968788146973e-01
2.118922472000122070e-01;-1.073718518018722534e-01;1.001370102167129517e-01
2.577708363533020020e-01;-8.580665290355682373e-02;2.022217512130737305e-01
-2.625870406627655029e-01;-6.179606318473815918e-01;-3.559343218803405762e-01
-2.800931632518768311e-01;-6.030052304267883301e-01;-3.063228726387023926e-01
-7.429371029138565063e-02;-6.193689107894897461e-01;-2.360895872116088867e-01
-5.968435481190681458e-02;-5.290589928627014160e-01;-2.311221659183502197e-01
-4.466056451201438904e-02;-6.007041931152343750e-01;-1.379484683275222778e-01
-1.213772371411323547e-01;-6.899189949035644531e-01;-4.128387570381164551e-02
-1.155062168836593628e-01;-5.975387692451477051e-01;-6.966380774974822998e-02
-1.537901163101196289e-02;-6.619628071784973145e-01;-5.280499160289764404e-02
8.091432601213455200e-02;-5.381768941879272461e-01;-1.889944970607757568e-01
1.214679852128028870e-01;-7.000418901443481445e-01;-4.374580085277557373e-02
