-4.555164873600006104e-01;-1.357417553663253784e-01;5.357649326324462891e-01
-3.921404182910919189e-01;-3.224439024925231934e-01;4.442500770092010498e-01
-4.539389908313751221e-01;-3.494355678558349609e-01;4.783607721328735352e-01
-2.473804354667663574e-01;-2.108147293329238892e-01;4.814686477184295654e-01
-3.652925193309783936e-01;1.038348674774169922e-02;3.684330582618713379e-01
-2.605178058147430420e-01;-1.786144673824310303e-01;3.814209103584289551e-01
-2.510763406753540039e-01;-3.855270147323608398e-02;4.123165309429168701e-01
-2.638502717018127441e-01;6.609392166137695312e-02;4.821520149707794189e-01
-4.157995581626892090e-01;1.581794768571853638e-01;4.626673161983489990e-01
-1.982594430446624756e-01;-1.967293620109558105e-01;3.677288591861724854e-01
2.372981011867523193e-01;7.006401419639587402e-01;-4.278416633605957031e-01
1.964975446462631226e-01;6.864009499549865723e-01;-4.278399944305419922e-01
2.369036823511123657e-01;7.467177510261535645e-01;-4.278377294540405273e-01
2.327888906002044678e-01;7.609479427337646484e-01;-4.278361797332763672e-01
2.192906588315963745e-01;7.608022093772888184e-01;-4.278351664543151855e-01
2.256260663270950317e-01;7.657411694526672363e-01;-4.184238314628601074e-01
2.321598529815673828e-01;7.695205211639404297e-01;-4.094130396842956543e-01
2.264471501111984253e-01;7.714631557464599609e-01;-4.011495113372802734e-01
2.049733251333236694e-01;7.608923316001892090e-01;-3.658905625343322754e-01
1.868518143892288208e-01;7.727791666984558105e-01;-3.883102238178253174e-01
-3.922683894634246826e-01;-7.659199833869934082e-01;5.094037652015686035e-01
-3.356286585330963135e-01;-7.112445235252380371e-01;4.140076041221618652e-01
-4.727369248867034912e-01;-6.386231780052185059e-01;5.377884507179260254e-01
-3.898231089115142822e-01;-5.967698097229003906e-01;4.891646504402160645e-01
-1.983631402254104614e-01;-7.708848714828491211e-01;4.811111390590667725e-01
-2.148971855640411377e-01;-7.823766469955444336e-01;4.079436659812927246e-01
-2.370443791151046753e-01;-6.746953725814819336e-01;3.801718652248382568e-01
-3.124226927757263184e-01;-5.065761208534240723e-01;4.040759503841400146e-01
-2.233195751905441284e-01;-4.941567182540893555e-01;4.810772836208343506e-01
-3.000786304473876953e-01;-4.520078897476196289e-01;3.272415101528167725e-01
2.281233966350555420e-01;-3.673123419284820557e-01;-1.957613378763198853e-01
1.685310006141662598e-01;-4.002643227577209473e-01;-2.009588330984115601e-01
2.352020740509033203e-01;-2.860646545886993408e-01;-1.963050216436386108e-01
1.964326798915863037e-01;-4.112899899482727051e-01;-1.258767694234848022e-01
2.330164760351181030e-01;-2.424191385507583618e-01;-1.483797878026962280e-01
1.967975646257400513e-01;-4.755748510360717773e-01;-8.141928166151046753e-02
2.063659727573394775e-01;-2.259958088397979736e-01;-1.062349528074264526e-01
1.570491492748260498e-01;-2.566820979118347168e-01;-5.536749958992004395e-02
1.204729154706001282e-01;-3.763253688812255859e-01;-3.119719028472900391e-02
1.876791417598724365e-01;-1.543366163969039917e-01;-2.037955373525619507e-01
-9.133145958185195923e-02;1.952625811100006104e-01;3.738435506820678711e-01
-8.362151682376861572e-03;2.174931764602661133e-01;3.287269771099090576e-01
-2.537948191165924072e-01;1.628704518079757690e-01;4.449878036975860596e-01
4.737211018800735474e-02;1.159787699580192566e-01;2.763536274433135986e-01
-2.651473879814147949e-01;1.089237108826637268e-01;3.886873424053192139e-01
-1.701311022043228149e-01;5.277423560619354248e-02;2.577949762344360352e-01
-2.283567190170288086e-01;3.234716653823852539e-01;2.701811492443084717e-01
2.847996354103088379e-02;3.466520309448242188e-01;2.684127390384674072e-01
-3.103355765342712402e-01;2.479181885719299316e-01;4.057374298572540283e-01
-2.638502717018127441e-01;6.609392166137695312e-02;4.821520149707794189e-01
-7.385229319334030151e-02;-2.745127975940704346e-01;3.456379771232604980e-01
-9.261382371187210083e-02;-3.683742284774780273e-01;3.498165011405944824e-01
2.729555219411849976e-02;-2.055999636650085449e-01;2.789733409881591797e-01
-2.054141163825988770e-01;-3.365545868873596191e-01;3.274976909160614014e-01
2.283045649528503418e-02;-3.438710570335388184e-01;2.597582042217254639e-01
-1.982594430446624756e-01;-1.967293620109558105e-01;3.677288591861724854e-01
-1.863428503274917603e-01;-3.948025405406951904e-01;3.645630776882171631e-01
-1.507471501827239990e-01;-3.148080706596374512e-01;1.949430853128433228e-01
-1.711185872554779053e-01;-1.380452960729598999e-01;3.960453569889068604e-01
-2.582249343395233154e-01;-3.291111290454864502e-01;2.836224436759948730e-01
2.344609051942825317e-01;3.626891672611236572e-01;-1.922934800386428833e-01
2.012715786695480347e-01;3.879744410514831543e-01;-1.260502040386199951e-01
2.054149955511093140e-01;3.881636857986450195e-01;-9.412799775600433350e-02
1.515402793884277344e-01;4.697455167770385742e-01;-2.045152187347412109e-01
1.660955548286437988e-01;3.319280147552490234e-01;-7.244186848402023315e-02
1.865542978048324585e-01;3.905484974384307861e-01;-5.039955675601959229e-02
2.094479799270629883e-01;2.210548371076583862e-01;-1.130326762795448303e-01
1.656213104724884033e-01;2.510468661785125732e-01;-6.116126477718353271e-02
3.025783598423004150e-02;3.695006370544433594e-01;-1.987715363502502441e-01
2.343018501996994019e-01;1.603484153747558594e-01;-1.380979120731353760e-01
-4.141862988471984863e-01;-6.813056468963623047e-01;-3.635299801826477051e-01
-3.793737590312957764e-01;-6.999781727790832520e-01;-4.050308465957641602e-01
-3.443210422992706299e-01;-6.558887958526611328e-01;-4.144688844680786133e-01
-3.590072691440582275e-01;-7.188616991043090820e-01;-4.435776472091674805e-01
-2.940945327281951904e-01;-7.774283289909362793e-01;-4.123915731906890869e-01
-2.331994175910949707e-01;-6.906249523162841797e-01;-4.278322756290435791e-01
-2.403880357742309570e-01;-5.431225895881652832e-01;-4.280929863452911377e-01
-1.864662468433380127e-01;-5.678144693374633789e-01;-2.412781417369842529e-01
-1.318776607513427734e-01;-6.413944959640502930e-01;-3.421666324138641357e-01
-1.196358501911163330e-01;-7.664071917533874512e-01;-4.278442561626434326e-01
1.980937570333480835e-01;-7.054875493049621582e-01;-1.484084278345108032e-01
1.566063463687896729e-01;-6.636855006217956543e-01;-1.268945634365081787e-01
1.154079213738441467e-01;-7.234647274017333984e-01;-8.317553997039794922e-02
2.206485122442245483e-01;-5.870213508605957031e-01;-2.283747494220733643e-01
1.961912959814071655e-01;-7.683259844779968262e-01;-2.987696826457977295e-01
2.135304808616638184e-01;-7.857133746147155762e-01;-3.192805349826812744e-01
1.375201046466827393e-01;-5.303140282630920410e-01;-6.567090004682540894e-02
2.166518419981002808e-01;-7.807586193084716797e-01;-3.410995304584503174e-01
2.124485522508621216e-01;-7.796301245689392090e-01;-3.452925682067871094e-01
1.042683124542236328e-01;-5.166342258453369141e-01;-7.642056047916412354e-02
-3.098971545696258545e-01;4.857096970081329346e-01;2.962545454502105713e-01
-2.627539038658142090e-01;4.520229697227478027e-01;3.868547976016998291e-01
-3.861987590789794922e-01;4.689475297927856445e-01;4.050167500972747803e-01
-1.827776432037353516e-01;5.316058993339538574e-01;2.048316299915313721e-01
-2.283567190170288086e-01;3.234716653823852539e-01;2.701811492443084717e-01
-1.219887733459472656e-01;5.062666535377502441e-01;3.299688398838043213e-01
-3.943317532539367676e-01;5.121534466743469238e-01;4.905944168567657471e-01
-3.294075131416320801e-01;6.987169384956359863e-01;3.525558412075042725e-01
-1.425036787986755371e-01;6.542443633079528809e-01;3.128616809844970703e-01
-3.103355765342712402e-01;2.479181885719299316e-01;4.057374298572540283e-01
-2.358918040990829468e-01;6.111367344856262207e-01;-2.643453776836395264e-01
-2.140884995460510254e-01;6.505923271179199219e-01;-3.570584952831268311e-01
-2.678535580635070801e-01;7.097811698913574219e-01;-2.788042426109313965e-01
-1.961372047662734985e-01;5.270236134529113770e-01;-2.123771011829376221e-01
-2.069489657878875732e-01;4.914965927600860596e-01;-3.001931607723236084e-01
-2.772435545921325684e-01;6.539506912231445312e-01;-4.292434751987457275e-01
-2.971793115139007568e-01;5.047593712806701660e-01;-3.998736441135406494e-01
-2.800448536872863770e-01;4.327498972415924072e-01;-3.369642794132232666e-01
-2.130621373653411865e-01;4.355716407299041748e-01;-1.705242097377777100e-01
-3.164200782775878906e-01;7.853288054466247559e-01;-3.641766905784606934e-01
-1.122361049056053162e-01;-8.669997751712799072e-02;1.273280233144760132e-01
-4.516711086034774780e-02;-1.019013524055480957e-01;2.247459441423416138e-01
-8.858370780944824219e-02;5.744333565235137939e-02;1.481794416904449463e-01
1.614604145288467407e-02;-1.838760823011398315e-01;1.406616121530532837e-01
-3.139167279005050659e-02;-9.364583343267440796e-02;-4.135355353355407715e-02
2.079192548990249634e-02;4.628895223140716553e-02;1.446857899427413940e-01
-1.701311022043228149e-01;5.277423560619354248e-02;2.577949762344360352e-01
5.702399462461471558e-02;-1.041978299617767334e-01;1.364833116531372070e-02
-2.518057227134704590e-01;-1.634853631258010864e-01;2.741094529628753662e-01
2.729555219411849976e-02;-2.055999636650085449e-01;2.789733409881591797e-01
-1.488836705684661865e-01;-5.241097211837768555e-01;-2.968718707561492920e-01
-1.864662468433380127e-01;-5.678144693374633789e-01;-2.412781417369842529e-01
-1.620362550020217896e-01;-4.484961330890655518e-01;-2.389591485261917114e-01
-1.318776607513427734e-01;-6.413944959640502930e-01;-3.421666324138641357e-01
-2.403880357742309570e-01;-5.431225895881652832e-01;-4.280929863452911377e-01
-9.386158734560012817e-02;-6.498003005981445312e-01;-1.896098256111145020e-01
-4.050102829933166504e-02;-5.041665434837341309e-01;-1.518368870019912720e-01
-2.790757715702056885e-01;-3.772524595260620117e-01;-3.651314079761505127e-01
-4.054936766624450684e-02;-3.477746844291687012e-01;-2.599230408668518066e-01
-2.331994175910949707e-01;-6.906249523162841797e-01;-4.278322756290435791e-01
-3.853358030319213867e-01;-1.936716586351394653e-01;-4.502188861370086670e-01
-3.107862472534179688e-01;-8.758737146854400635e-02;-4.210526943206787109e-01
-3.043754100799560547e-01;-4.359509050846099854e-02;-3.843628466129302979e-01
-3.364543616771697998e-01;3.522545099258422852e-03;-4.022414982318878174e-01
-3.484546840190887451e-01;4.976134374737739563e-02;-4.235420227050781250e-01
-3.196173012256622314e-01;7.193699479103088379e-02;-4.021670818328857422e-01
-2.905227243900299072e-01;7.289361208677291870e-02;-3.737755417823791504e-01
-2.684549689292907715e-01;6.582535803318023682e-02;-3.737179636955261230e-01
-2.240671515464782715e-01;3.048555180430412292e-02;-3.847676813602447510e-01
-1.934795975685119629e-01;7.063226401805877686e-02;-3.625741600990295410e-01
3.757818043231964111e-02;-7.067672014236450195e-01;3.658754825592041016e-01
1.291875690221786499e-01;-6.748370528221130371e-01;2.785684466361999512e-01
1.570928096771240234e-01;-6.671032905578613281e-01;2.929308116436004639e-01
1.611096411943435669e-01;-6.783480048179626465e-01;3.357752859592437744e-01
1.611195206642150879e-01;-7.071328163146972656e-01;3.772026300430297852e-01
1.772271990776062012e-01;-7.433045506477355957e-01;3.961020112037658691e-01
1.967748403549194336e-01;-7.622734904289245605e-01;4.065730571746826172e-01
2.112526297569274902e-01;-7.607238888740539551e-01;4.336764812469482422e-01
2.216519117355346680e-01;-7.299072146415710449e-01;4.522167742252349854e-01
2.029420733451843262e-01;-6.364902853965759277e-01;3.840611577033996582e-01
1.729133427143096924e-01;6.197522282600402832e-01;2.511653602123260498e-01
2.001315355300903320e-01;6.684159636497497559e-01;3.047604858875274658e-01
1.967970579862594604e-01;7.424241900444030762e-01;3.746484220027923584e-01
1.979240179061889648e-01;7.768042087554931641e-01;4.215660393238067627e-01
1.998908966779708862e-01;7.742365598678588867e-01;4.363421797752380371e-01
2.060209810733795166e-01;7.744601368904113770e-01;4.229591488838195801e-01
2.114858478307723999e-01;7.791481018066406250e-01;4.192134141921997070e-01
2.114044725894927979e-01;7.784031033515930176e-01;4.288161098957061768e-01
2.067306190729141235e-01;7.721345424652099609e-01;4.345071613788604736e-01
2.135636061429977417e-01;7.723904252052307129e-01;4.419761896133422852e-01
-2.928231060504913330e-01;-7.520163655281066895e-01;-4.184507131576538086e-01
-2.385747730731964111e-01;-7.101673483848571777e-01;-4.175301492214202881e-01
-1.495107561349868774e-01;-7.275822758674621582e-01;-4.169518649578094482e-01
-9.754924476146697998e-02;-7.479854226112365723e-01;-4.102138876914978027e-01
-9.327954053878784180e-02;-7.325224280357360840e-01;-3.845004439353942871e-01
-7.966496050357818604e-02;-7.045273780822753906e-01;-3.586350083351135254e-01
-1.732785254716873169e-03;-7.094289064407348633e-01;-3.556438088417053223e-01
1.188372522592544556e-01;-7.414377331733703613e-01;-3.900521397590637207e-01
1.881508380174636841e-01;-7.496767044067382812e-01;-4.220550358295440674e-01
1.974834799766540527e-01;-7.377444505691528320e-01;-3.952371776103973389e-01
1.089066043496131897e-01;-8.786293864250183105e-02;7.682757452130317688e-03
1.385975331068038940e-01;-8.762425929307937622e-02;1.723186857998371124e-02
1.691721230745315552e-01;-7.923872023820877075e-02;4.845082014799118042e-02
1.658633649349212646e-01;-3.934183716773986816e-02;3.876492381095886230e-02
1.528179645538330078e-01;4.128564149141311646e-03;1.832152903079986572e-02
1.538935154676437378e-01;1.393608376383781433e-02;3.329508751630783081e-02
1.581951081752777100e-01;1.533555984497070312e-02;4.910005629062652588e-02
1.688437759876251221e-01;1.528480648994445801e-02;6.393399089574813843e-02
1.905986964702606201e-01;2.142220921814441681e-02;1.000548303127288818e-01
2.089685350656509399e-01;4.423549026250839233e-02;1.259113550186157227e-01
-3.484791517257690430e-01;4.812943041324615479e-01;3.553914427757263184e-01
-3.311723470687866211e-01;4.764572381973266602e-01;3.700641989707946777e-01
-3.335517346858978271e-01;4.814168214797973633e-01;4.106812477111816406e-01
-3.412501811981201172e-01;5.415759086608886719e-01;4.289419651031494141e-01
-3.487971425056457520e-01;6.553688049316406250e-01;4.192604124546051025e-01
-3.430811464786529541e-01;7.014589905738830566e-01;4.402509927749633789e-01
-3.323715031147003174e-01;6.904004216194152832e-01;4.692859649658203125e-01
-2.989318370819091797e-01;6.922218203544616699e-01;4.633783102035522461e-01
-2.295308709144592285e-01;6.626016497611999512e-01;4.016146063804626465e-01
-1.867578625679016113e-01;6.519352197647094727e-01;3.686644434928894043e-01
-2.929157018661499023e-01;4.638518095016479492e-01;-3.787769973278045654e-01
-3.418924510478973389e-01;5.239679813385009766e-01;-3.914828598499298096e-01
-3.624152243137359619e-01;6.200585961341857910e-01;-4.269506633281707764e-01
-3.069789707660675049e-01;6.447940468788146973e-01;-4.247562587261199951e-01
-2.643174231052398682e-01;6.754261851310729980e-01;-3.839123845100402832e-01
-2.406867146492004395e-01;6.847606897354125977e-01;-3.590396344661712646e-01
-2.335276454687118530e-01;6.879659891128540039e-01;-3.637332320213317871e-01
-2.337241470813751221e-01;6.855677962303161621e-01;-3.708020448684692383e-01
-2.311274558305740356e-01;6.886693835258483887e-01;-3.687646389007568359e-01
-2.219996899366378784e-01;6.890860199928283691e-01;-3.677948713302612305e-01
-4.002241790294647217e-02;3.963584005832672119e-01;-2.660124376416206360e-02
2.349022217094898224e-02;4.482883214950561523e-01;7.391041144728660583e-03
3.269401192665100098e-02;4.730772376060485840e-01;1.690544374287128448e-02
3.480351716279983521e-02;4.931699633598327637e-01;2.510345727205276489e-02
4.655130207538604736e-02;5.254459381103515625e-01;1.509861275553703308e-02
6.815098971128463745e-02;5.539412498474121094e-01;2.777447924017906189e-03
8.049547672271728516e-02;5.625040531158447266e-01;6.225546821951866150e-03
8.940442651510238647e-02;5.726534128189086914e-01;2.766891568899154663e-02
8.836787194013595581e-02;5.994468331336975098e-01;5.173711851239204407e-02
8.621392399072647095e-02;6.435642242431640625e-01;5.318315327167510986e-02
-6.309354305267333984e-02;-5.961037278175354004e-01;3.222865983843803406e-02
-6.662334501743316650e-02;-5.510305166244506836e-01;3.452945500612258911e-02
-7.257057726383209229e-02;-5.494961738586425781e-01;7.708222419023513794e-02
-6.756421923637390137e-02;-5.545213222503662109e-01;1.048832014203071594e-01
-2.956756204366683960e-02;-5.564351677894592285e-01;1.022492945194244385e-01
3.311717510223388672e-02;-5.585289001464843750e-01;8.333856612443923950e-02
7.765444368124008179e-02;-5.586151480674743652e-01;6.643453240394592285e-02
8.182895928621292114e-02;-5.428571701049804688e-01;7.716681063175201416e-02
7.323896139860153198e-02;-5.288863182067871094e-01;1.176393702626228333e-01
6.736884266138076782e-02;-5.260756611824035645e-01;1.411254853010177612e-01
-1.798404455184936523e-01;-2.395918071269989014e-01;-3.119685649871826172e-01
-2.125134915113449097e-01;-2.027505785226821899e-01;-3.232621550559997559e-01
-2.344541847705841064e-01;-1.667173951864242554e-01;-3.200797438621520996e-01
-2.364721000194549561e-01;-1.510205119848251343e-01;-2.920569777488708496e-01
-2.326210588216781616e-01;-1.423041224479675293e-01;-2.587449550628662109e-01
-2.093028128147125244e-01;-1.348693370819091797e-01;-2.303233742713928223e-01
-1.566084027290344238e-01;-1.295570135116577148e-01;-2.143626213073730469e-01
-1.136431545019149780e-01;-1.046545058488845825e-01;-2.156329154968261719e-01
-9.852673113346099854e-02;-8.427016437053680420e-02;-2.065660506486892700e-01
-7.145772874355316162e-02;-9.960596263408660889e-02;-1.943344175815582275e-01
-2.432815581560134888e-01;1.190210878849029541e-01;-2.878483533859252930e-01
-1.868253052234649658e-01;1.416878998279571533e-01;-2.547941803932189941e-01
-1.626169532537460327e-01;1.670502126216888428e-01;-1.952409297227859497e-01
-1.413417160511016846e-01;2.003125995397567749e-01;-1.649267375469207764e-01
-1.692136824131011963e-01;2.555613815784454346e-01;-1.773365437984466553e-01
-1.690540015697479248e-01;2.852966189384460449e-01;-1.777849346399307251e-01
-1.410178244113922119e-01;3.020519912242889404e-01;-1.526903063058853149e-01
-1.079864501953125000e-01;3.121253848075866699e-01;-1.010700836777687073e-01
-8.258603513240814209e-02;3.145051002502441406e-01;-7.326803356409072876e-02
-6.402325630187988281e-02;3.616149425506591797e-01;-8.752684295177459717e-02
1.405075788497924805e-01;3.107121884822845459e-01;2.075231820344924927e-01
1.643824577331542969e-01;3.206585049629211426e-01;1.600900441408157349e-01
1.727725714445114136e-01;3.536239266395568848e-01;1.286171525716781616e-01
1.735183298587799072e-01;3.905954957008361816e-01;1.032780706882476807e-01
1.751937866210937500e-01;3.934919238090515137e-01;1.237332820892333984e-01
1.762003302574157715e-01;4.073452353477478027e-01;1.528391391038894653e-01
1.813336908817291260e-01;4.241976439952850342e-01;1.869068741798400879e-01
1.963570863008499146e-01;4.384724795818328857e-01;2.225693017244338989e-01
2.117556929588317871e-01;4.885946214199066162e-01;2.528803646564483643e-01
2.182813137769699097e-01;5.630391836166381836e-01;2.864267528057098389e-01
1.334231495857238770e-01;-4.947003722190856934e-01;1.658581346273422241e-01
1.491068750619888306e-01;-4.403328299522399902e-01;1.519804745912551880e-01
1.637473106384277344e-01;-4.199658632278442383e-01;1.531056761741638184e-01
1.707878410816192627e-01;-4.125386476516723633e-01;1.776366978883743286e-01
1.772406995296478271e-01;-4.157237708568572998e-01;1.998063623905181885e-01
1.869546473026275635e-01;-4.139607846736907959e-01;2.044265419244766235e-01
1.988987922668457031e-01;-4.027242064476013184e-01;2.027160674333572388e-01
2.016379386186599731e-01;-3.741992115974426270e-01;2.029328942298889160e-01
2.019280344247817993e-01;-3.255815804004669189e-01;2.025338560342788696e-01
2.073952257633209229e-01;-2.799400091171264648e-01;2.071675062179565430e-01
-2.575617432594299316e-01;-5.400847196578979492e-01;-4.159001410007476807e-01
-3.161733150482177734e-01;-3.641577661037445068e-01;-4.037978649139404297e-01
-3.682539165019989014e-01;-3.097260296344757080e-01;-4.220103025436401367e-01
-3.606407642364501953e-01;-3.113207221031188965e-01;-4.166603684425354004e-01
-3.328286707401275635e-01;-3.341340422630310059e-01;-4.056102633476257324e-01
-2.982328236103057861e-01;-3.338527381420135498e-01;-3.871099650859832764e-01
-2.535961568355560303e-01;-2.993431091308593750e-01;-3.561075031757354736e-01
-2.170314788818359375e-01;-2.497162371873855591e-01;-3.342058658599853516e-01
-2.174603641033172607e-01;-2.341694980859756470e-01;-3.411857187747955322e-01
-2.167315632104873657e-01;-2.335551828145980835e-01;-3.387458026409149170e-01
-3.743925094604492188e-01;-1.070150732994079590e-02;4.273781478404998779e-01
-3.239848613739013672e-01;-1.294831931591033936e-02;4.223847985267639160e-01
-3.107414841651916504e-01;5.740667879581451416e-02;4.202435910701751709e-01
-3.393034040927886963e-01;1.264620125293731689e-01;4.293314814567565918e-01
-3.614353835582733154e-01;1.598631143569946289e-01;4.194432199001312256e-01
-3.423647284507751465e-01;1.450397819280624390e-01;4.222826063632965088e-01
-3.154504299163818359e-01;1.237497478723526001e-01;4.257286787033081055e-01
-3.014977574348449707e-01;1.293640583753585815e-01;4.326097071170806885e-01
-2.816103696823120117e-01;1.604316979646682739e-01;4.257328808307647705e-01
-2.547862529754638672e-01;2.221217453479766846e-01;4.020853638648986816e-01
-3.523433208465576172e-01;-5.888212323188781738e-01;4.268684387207031250e-01
-3.139039874076843262e-01;-5.678862333297729492e-01;3.927879631519317627e-01
-2.855062186717987061e-01;-5.332264304161071777e-01;3.648171424865722656e-01
-2.649903297424316406e-01;-4.801371395587921143e-01;3.582786917686462402e-01
-2.414355576038360596e-01;-4.409236311912536621e-01;3.628513813018798828e-01
-2.240449488162994385e-01;-4.421119391918182373e-01;3.795993030071258545e-01
-2.105882465839385986e-01;-4.565812945365905762e-01;3.969014286994934082e-01
-2.012009173631668091e-01;-4.516956806182861328e-01;4.026125669479370117e-01
-1.835011392831802368e-01;-4.314144253730773926e-01;4.066835045814514160e-01
-1.669077575206756592e-01;-3.939121365547180176e-01;4.038520753383636475e-01
-7.710694521665573120e-02;1.240091025829315186e-02;-2.254525423049926758e-01
-4.879959672689437866e-02;3.819204866886138916e-03;-1.906094849109649658e-01
-2.221245318651199341e-02;1.697024703025817871e-02;-1.913110464811325073e-01
1.335382089018821716e-02;4.404385387897491455e-02;-1.818944811820983887e-01
3.077695332467556000e-02;8.756036311388015747e-02;-1.738409996032714844e-01
4.833107441663742065e-02;1.194610148668289185e-01;-1.750508993864059448e-01
1.137131676077842712e-01;1.068284213542938232e-01;-1.730083525180816650e-01
2.064952850341796875e-01;7.746623456478118896e-02;-1.629206687211990356e-01
2.411931455135345459e-01;8.879158645868301392e-02;-1.457041203975677490e-01
2.324455976486206055e-01;1.214016228914260864e-01;-1.372228264808654785e-01
1.672842204570770264e-01;-7.455187439918518066e-01;-4.247489869594573975e-01
1.864593923091888428e-01;-7.405315041542053223e-01;-4.225996434688568115e-01
2.097314298152923584e-01;-7.461213469505310059e-01;-4.159052968025207520e-01
2.183298915624618530e-01;-7.500172853469848633e-01;-4.077985286712646484e-01
2.188830077648162842e-01;-7.497014999389648438e-01;-3.978959619998931885e-01
2.170575410127639771e-01;-7.542223930358886719e-01;-3.858735561370849609e-01
2.162871062755584717e-01;-7.615789175033569336e-01;-3.796891868114471436e-01
2.175448834896087646e-01;-7.634977102279663086e-01;-3.744806051254272461e-01
2.180827409029006958e-01;-7.700980901718139648e-01;-3.646684288978576660e-01
2.166286706924438477e-01;-7.645797133445739746e-01;-3.631335198879241943e-01
-2.537678778171539307e-01;-1.054548546671867371e-01;-3.754203021526336670e-01
-2.376133054494857788e-01;-1.009664833545684814e-01;-3.665004968643188477e-01
-2.295191586017608643e-01;-8.322048187255859375e-02;-3.609575331211090088e-01
-2.168650627136230469e-01;-6.262315809726715088e-02;-3.508661985397338867e-01
-2.065860629081726074e-01;-3.810616955161094666e-02;-3.432391285896301270e-01
-2.044746875762939453e-01;-7.387312594801187515e-03;-3.382423520088195801e-01
-2.149447500705718994e-01;3.664427995681762695e-02;-3.324275612831115723e-01
-2.104557156562805176e-01;6.442963331937789917e-02;-3.166401684284210205e-01
-1.694268435239791870e-01;6.574490666389465332e-02;-2.841368615627288818e-01
-1.200908124446868896e-01;8.561994880437850952e-02;-2.566470205783843994e-01
