-1.906266212463378906e-01;-7.525690197944641113e-01;4.515388906002044678e-01
-1.242066100239753723e-01;-6.893475055694580078e-01;3.598209917545318604e-01
-3.115405738353729248e-01;-7.072103619575500488e-01;3.731396496295928955e-01
-1.519797444343566895e-01;-6.222617626190185547e-01;3.352684378623962402e-01
-3.695516884326934814e-01;-6.942932605743408203e-01;4.513792693614959717e-01
-2.570910751819610596e-02;-6.873764991760253906e-01;3.614423573017120361e-01
1.113387942314147949e-02;-7.469820976257324219e-01;4.160945713520050049e-01
-3.654647469520568848e-01;-6.754798293113708496e-01;3.374102413654327393e-01
-4.043155610561370850e-01;-6.193709969520568848e-01;4.413172304630279541e-01
7.841375470161437988e-02;-7.409176826477050781e-01;4.276320934295654297e-01
-4.950085282325744629e-01;-2.397456578910350800e-02;-5.133861303329467773e-01
-3.705624938011169434e-01;-1.307004094123840332e-01;-3.313317894935607910e-01
-3.622796535491943359e-01;-6.481453031301498413e-02;-3.103937506675720215e-01
-4.348006248474121094e-01;-2.600642442703247070e-01;-4.775402843952178955e-01
-2.923850417137145996e-01;-7.202410697937011719e-02;-3.465414941310882568e-01
-2.892617583274841309e-01;1.210132539272308350e-01;-3.711823523044586182e-01
-3.303151726722717285e-01;2.240726053714752197e-01;-4.403755664825439453e-01
-3.113023936748504639e-01;-1.454849392175674438e-01;-2.198666930198669434e-01
-2.293774485588073730e-01;7.888881489634513855e-03;-2.573416829109191895e-01
-4.268624782562255859e-01;3.437494933605194092e-01;-4.805650711059570312e-01
-2.754027247428894043e-01;-3.586140275001525879e-01;-2.729009091854095459e-01
-3.415889143943786621e-01;-4.080445468425750732e-01;-3.030590713024139404e-01
-2.344422787427902222e-01;-2.752346396446228027e-01;-3.607234060764312744e-01
-2.982682883739471436e-01;-4.583725035190582275e-01;-4.101252555847167969e-01
-3.234499096870422363e-01;-3.566419482231140137e-01;-4.401829838752746582e-01
-9.381806850433349609e-02;-3.650633394718170166e-01;-1.736140847206115723e-01
-1.173834651708602905e-01;-4.930451512336730957e-01;-2.455688267946243286e-01
-3.113023936748504639e-01;-1.454849392175674438e-01;-2.198666781187057495e-01
-1.672986745834350586e-01;-4.364895522594451904e-01;-8.253815770149230957e-02
-8.041904866695404053e-02;-3.185084462165832520e-01;-1.475970298051834106e-01
2.433062791824340820e-01;-2.579486072063446045e-01;-1.968253254890441895e-01
2.312615364789962769e-01;-2.940031588077545166e-01;-1.196622103452682495e-01
2.398791313171386719e-01;-2.231457829475402832e-01;-1.079875081777572632e-01
1.727256476879119873e-01;-2.512453794479370117e-01;-1.153187528252601624e-01
2.097126543521881104e-01;-2.552494108676910400e-01;-5.846148729324340820e-02
2.315500974655151367e-01;-3.381387889385223389e-01;-5.099302530288696289e-02
1.648707985877990723e-01;-1.377531737089157104e-01;-7.492856681346893311e-02
1.369374543428421021e-01;-4.031980037689208984e-01;-1.049311161041259766e-01
2.578085660934448242e-01;-6.074070930480957031e-02;-1.038159206509590149e-01
2.070269435644149780e-01;-1.186881363391876221e-01;-3.145584464073181152e-02
-3.883578777313232422e-01;-4.512087106704711914e-01;4.113354980945587158e-01
-3.735482990741729736e-01;-4.816384911537170410e-01;4.260197579860687256e-01
-3.535801768302917480e-01;-4.757652878761291504e-01;3.498150408267974854e-01
-3.662561178207397461e-01;-3.202246725559234619e-01;3.993848264217376709e-01
-2.476873993873596191e-01;-4.494490325450897217e-01;3.526195287704467773e-01
-4.043155610561370850e-01;-6.193709969520568848e-01;4.413172304630279541e-01
-4.290353357791900635e-01;-2.540446221828460693e-01;4.904691576957702637e-01
-3.654647469520568848e-01;-6.754798293113708496e-01;3.374102413654327393e-01
-3.695516884326934814e-01;-6.942932605743408203e-01;4.513792693614959717e-01
-3.115405738353729248e-01;-7.072103619575500488e-01;3.731396496295928955e-01
-4.822107851505279541e-01;-4.191592037677764893e-01;-5.152274966239929199e-01
-4.208831191062927246e-01;-4.188435375690460205e-01;-4.706157147884368896e-01
-4.348006248474121094e-01;-2.600642442703247070e-01;-4.775402843952178955e-01
-3.234499096870422363e-01;-3.566419482231140137e-01;-4.401829838752746582e-01
-2.982682883739471436e-01;-4.583725035190582275e-01;-4.101252555847167969e-01
-4.075178205966949463e-01;-6.256526708602905273e-01;-4.214536845684051514e-01
-3.415889143943786621e-01;-4.080445468425750732e-01;-3.030590713024139404e-01
-3.339534699916839600e-01;-6.469165086746215820e-01;-4.171940684318542480e-01
-3.718439936637878418e-01;-6.957536339759826660e-01;-4.078584015369415283e-01
-2.754027247428894043e-01;-3.586140275001525879e-01;-2.729009091854095459e-01
2.566367089748382568e-01;-2.233590930700302124e-01;1.228388920426368713e-01
2.547101676464080811e-01;-2.211832553148269653e-01;1.106624081730842590e-01
2.493715137243270874e-01;-2.522185444831848145e-01;1.645819097757339478e-01
2.548017203807830811e-01;-1.781658828258514404e-01;1.733349710702896118e-01
2.600331306457519531e-01;-1.568871885538101196e-01;6.327287852764129639e-02
2.463549524545669556e-01;-1.938818097114562988e-01;2.150855958461761475e-02
2.036961764097213745e-01;-1.807907819747924805e-01;1.686765998601913452e-02
2.648760974407196045e-01;-1.054864972829818726e-01;7.533261179924011230e-02
2.364316284656524658e-01;-3.536458611488342285e-01;1.438700556755065918e-01
1.916341036558151245e-01;-1.420614123344421387e-01;1.995168626308441162e-03
-5.314681679010391235e-02;7.382717132568359375e-01;-3.717285394668579102e-01
-1.233152598142623901e-01;7.366303205490112305e-01;-4.014897346496582031e-01
2.241816371679306030e-02;7.298069000244140625e-01;-3.940363228321075439e-01
-1.093873754143714905e-01;7.289202213287353516e-01;-4.352308511734008789e-01
3.408312052488327026e-02;7.133199572563171387e-01;-4.352287352085113525e-01
-1.338852494955062866e-01;6.814528107643127441e-01;-4.352346062660217285e-01
1.078160330653190613e-01;7.227112650871276855e-01;-4.028478264808654785e-01
1.626686155796051025e-01;7.454506158828735352e-01;-3.462551534175872803e-01
1.647162735462188721e-01;7.522541880607604980e-01;-3.294754028320312500e-01
1.717597842216491699e-01;7.185180187225341797e-01;-4.176892936229705811e-01
-2.978324145078659058e-02;-1.470853537321090698e-01;-1.783364713191986084e-01
-8.400863409042358398e-02;-1.247608289122581482e-01;-8.734539151191711426e-02
1.410089060664176941e-02;-5.569321662187576294e-02;-1.319694966077804565e-01
-7.498019188642501831e-02;-2.801584899425506592e-01;-9.500435739755630493e-02
-8.041904866695404053e-02;-3.185084462165832520e-01;-1.475970298051834106e-01
-4.675002768635749817e-02;4.325534403324127197e-02;-1.778087317943572998e-01
-3.845848888158798218e-02;-4.717312753200531006e-02;-3.302350640296936035e-03
1.648707985877990723e-01;-1.377531737089157104e-01;-7.492856681346893311e-02
-1.057222709059715271e-01;2.383477985858917236e-02;-5.474827438592910767e-02
-9.381806105375289917e-02;-3.650633394718170166e-01;-1.736140847206115723e-01
7.841375470161437988e-02;-7.409176826477050781e-01;4.276320934295654297e-01
1.113387942314147949e-02;-7.469820976257324219e-01;4.160945713520050049e-01
1.583649516105651855e-01;-7.713284492492675781e-01;3.464184999465942383e-01
1.863667368888854980e-01;-7.455410361289978027e-01;3.558678627014160156e-01
1.884090900421142578e-01;-6.739487648010253906e-01;4.515184760093688965e-01
-2.570910751819610596e-02;-6.873764991760253906e-01;3.614423573017120361e-01
2.211387753486633301e-01;-7.518957853317260742e-01;4.040651619434356689e-01
2.204488962888717651e-01;-7.535981535911560059e-01;3.993864059448242188e-01
2.157411426305770874e-01;-7.616768479347229004e-01;3.783005475997924805e-01
1.689959913492202759e-01;-6.376207470893859863e-01;3.704990148544311523e-01
-2.231859266757965088e-01;-6.280258297920227051e-01;-2.731578648090362549e-01
-2.723776400089263916e-01;-7.636030912399291992e-01;-3.109874427318572998e-01
-1.173834651708602905e-01;-4.930451512336730957e-01;-2.455688267946243286e-01
-2.300094813108444214e-01;-6.919761300086975098e-01;-4.351381659507751465e-01
-8.125519752502441406e-02;-6.873676180839538574e-01;-3.657839596271514893e-01
-3.339534699916839600e-01;-6.469165086746215820e-01;-4.171940684318542480e-01
-1.690812557935714722e-01;-7.578935623168945312e-01;-4.092791974544525146e-01
-3.715828359127044678e-01;-7.511516213417053223e-01;-3.348953127861022949e-01
-3.718439936637878418e-01;-6.957536339759826660e-01;-4.078584015369415283e-01
-2.853022217750549316e-01;-7.630631923675537109e-01;-4.370074272155761719e-01
-2.923850417137145996e-01;-7.202410697937011719e-02;-3.465414941310882568e-01
-3.622796535491943359e-01;-6.481453031301498413e-02;-3.103937506675720215e-01
-3.705624938011169434e-01;-1.307004094123840332e-01;-3.313317894935607910e-01
-2.293774634599685669e-01;7.888883352279663086e-03;-2.573416829109191895e-01
-3.113023936748504639e-01;-1.454849392175674438e-01;-2.198666781187057495e-01
-2.892617583274841309e-01;1.210132539272308350e-01;-3.711823523044586182e-01
-2.344422787427902222e-01;-2.752346396446228027e-01;-3.607234060764312744e-01
-4.950085282325744629e-01;-2.397456765174865723e-02;-5.133861303329467773e-01
-4.348006248474121094e-01;-2.600642442703247070e-01;-4.775402843952178955e-01
-2.754027247428894043e-01;-3.586140275001525879e-01;-2.729009091854095459e-01
1.772109568119049072e-01;-5.128635168075561523e-01;8.848899975419044495e-03
1.375807374715805054e-01;-5.018618702888488770e-01;3.840413689613342285e-02
1.053438559174537659e-01;-5.283611416816711426e-01;-3.156279027462005615e-02
1.911064982414245605e-01;-4.627768993377685547e-01;8.999943733215332031e-02
2.034260779619216919e-01;-4.273770749568939209e-01;-2.941100858151912689e-02
7.251307368278503418e-02;-5.332902073860168457e-01;3.536389023065567017e-02
1.903655230998992920e-01;-5.458447337150573730e-01;-9.592235088348388672e-02
1.964321881532669067e-01;-4.905827045440673828e-01;1.212999671697616577e-01
1.735091358423233032e-01;-4.829224944114685059e-01;-1.041732430458068848e-01
1.184742525219917297e-01;-6.042594313621520996e-01;6.028407067060470581e-02
