1.640576422214508057e-01;-5.258714556694030762e-01;1.240524053573608398e-01
2.253468930721282959e-01;-5.611461400985717773e-01;1.096383780241012573e-01
2.600284516811370850e-01;-5.839167237281799316e-01;2.039904445409774780e-01
2.600047290325164795e-01;-5.360405445098876953e-01;1.922833323478698730e-01
1.556372791528701782e-01;-4.722325205802917480e-01;8.664704859256744385e-02
1.104254722595214844e-01;-4.315464794635772705e-01;2.249789685010910034e-01
1.155684143304824829e-01;-3.769737184047698975e-01;1.784553378820419312e-01
1.654844433069229126e-01;-3.978865444660186768e-01;1.063777655363082886e-01
2.414324432611465454e-01;-4.147953093051910400e-01;1.165893450379371643e-01
2.687856554985046387e-01;-4.349272847175598145e-01;1.819798052310943604e-01
-1.227712780237197876e-01;-2.085225284099578857e-02;-3.598040044307708740e-01
-2.797162830829620361e-01;-8.310866355895996094e-02;-3.011224865913391113e-01
-1.163468956947326660e-01;-1.036321818828582764e-01;-2.058455049991607666e-01
-1.181250736117362976e-01;1.164549589157104492e-02;-4.495131969451904297e-01
-1.059165000915527344e-01;7.510364055633544922e-02;-2.555052638053894043e-01
-3.190648555755615234e-02;-7.168267667293548584e-02;-2.043303698301315308e-01
9.030199050903320312e-02;7.845903933048248291e-02;-2.379668056964874268e-01
5.880443751811981201e-02;1.293952763080596924e-01;-2.064144760370254517e-01
-1.461868435144424438e-01;2.536785602569580078e-01;-4.026294946670532227e-01
3.982934355735778809e-02;2.297459095716476440e-01;-1.376391500234603882e-01
-2.836136817932128906e-01;-7.157047986984252930e-01;4.380421042442321777e-01
-2.996526360511779785e-01;-6.053658723831176758e-01;4.497095942497253418e-01
-1.713844090700149536e-01;-6.597811579704284668e-01;3.396247327327728271e-01
-1.890593767166137695e-01;-7.168863415718078613e-01;5.267913341522216797e-01
-1.116587221622467041e-01;-7.119148969650268555e-01;5.264677405357360840e-01
-2.884747982025146484e-01;-5.153470039367675781e-01;4.169483780860900879e-01
-2.198037505149841309e-01;-5.173014402389526367e-01;5.270345211029052734e-01
-1.210949569940567017e-01;-5.069369077682495117e-01;3.984153270721435547e-01
-3.149995207786560059e-02;-5.972865819931030273e-01;3.329777419567108154e-01
-6.240037083625793457e-02;-5.885412096977233887e-01;3.926235139369964600e-01
-4.331023991107940674e-01;-4.593149125576019287e-01;-5.095583200454711914e-01
-4.306142628192901611e-01;-2.698284387588500977e-01;-5.916427969932556152e-01
-3.893481492996215820e-01;-4.563415348529815674e-01;-5.472247004508972168e-01
-3.663827478885650635e-01;-3.198876976966857910e-01;-5.424740314483642578e-01
-2.564492821693420410e-01;-3.400838673114776611e-01;-5.044777989387512207e-01
-2.359310686588287354e-01;-1.556559056043624878e-01;-5.045728087425231934e-01
-3.917115330696105957e-01;-1.665740311145782471e-01;-4.581269025802612305e-01
-4.194715619087219238e-01;-1.370968371629714966e-01;-5.793124437332153320e-01
-3.388510048389434814e-01;-9.309430420398712158e-02;-5.313698053359985352e-01
-3.055570721626281738e-01;-9.037217497825622559e-02;-5.200483202934265137e-01
-9.763240814208984375e-02;6.263159513473510742e-01;-1.984710246324539185e-01
7.069332897663116455e-02;5.081256031990051270e-01;-1.817356497049331665e-01
9.585265815258026123e-02;3.544831871986389160e-01;-2.548476159572601318e-01
1.939738392829895020e-01;4.291710853576660156e-01;-1.139054968953132629e-01
1.279701143503189087e-01;5.524947643280029297e-01;-2.105808705091476440e-01
2.048252671957015991e-01;5.015245676040649414e-01;-2.075621783733367920e-01
1.918793469667434692e-01;5.919875502586364746e-01;-8.703733980655670166e-02
1.790284663438796997e-01;6.203249692916870117e-01;-9.682228416204452515e-02
1.903890818357467651e-01;4.060626626014709473e-01;-5.629028379917144775e-02
2.409676313400268555e-01;5.198315382003784180e-01;-3.174884617328643799e-02
2.031613439321517944e-01;-2.960805296897888184e-01;-1.690768003463745117e-01
1.499080657958984375e-01;-7.629744708538055420e-02;-1.979940831661224365e-01
2.162475734949111938e-01;-1.746456027030944824e-01;-2.140222042798995972e-01
2.713775038719177246e-01;-1.681488305330276489e-01;-1.896788030862808228e-01
2.239828854799270630e-01;-2.209202796220779419e-01;-8.838260918855667114e-02
2.486956715583801270e-01;-2.046910375356674194e-01;-7.098679989576339722e-02
2.692952752113342285e-01;-1.890586167573928833e-01;-1.483382433652877808e-01
2.426085025072097778e-01;-1.613017916679382324e-01;-1.141778826713562012e-01
1.989133656024932861e-01;-1.865038424730300903e-01;-5.647660791873931885e-02
2.143931835889816284e-01;-3.071592748165130615e-02;-1.992782950401306152e-01
-1.947959512472152710e-01;-4.252192378044128418e-01;3.286585211753845215e-01
-2.319961339235305786e-01;-3.647406697273254395e-01;4.230884909629821777e-01
-2.380017489194869995e-01;-3.840038776397705078e-01;4.154346287250518799e-01
-1.634226590394973755e-01;-2.451765835285186768e-01;3.183293342590332031e-01
-1.669390350580215454e-01;-2.228200733661651611e-01;4.026927947998046875e-01
-5.849219858646392822e-02;-2.765633165836334229e-01;3.845781385898590088e-01
2.862454950809478760e-02;-3.553471863269805908e-01;2.829831242561340332e-01
3.450773656368255615e-04;-2.538518905639648438e-01;2.701099216938018799e-01
-5.537833645939826965e-02;-1.809770315885543823e-01;4.225163161754608154e-01
7.772140204906463623e-03;-8.623507618904113770e-02;3.645431101322174072e-01
-4.680173397064208984e-01;1.318558305501937866e-01;-6.108477711677551270e-01
-4.194715619087219238e-01;-1.370968371629714966e-01;-5.793124437332153320e-01
-3.388510048389434814e-01;-9.309430420398712158e-02;-5.313698053359985352e-01
-3.049995899200439453e-01;-2.977426350116729736e-02;-5.167775154113769531e-01
-4.262212216854095459e-01;1.295685172080993652e-01;-5.472148060798645020e-01
-4.083116948604583740e-01;8.167030662298202515e-02;-5.570000410079956055e-01
-3.753461241722106934e-01;2.104570120573043823e-01;-5.212672352790832520e-01
-2.971311509609222412e-01;1.925775855779647827e-01;-5.122236013412475586e-01
-2.706488370895385742e-01;1.515975743532180786e-01;-4.698594510555267334e-01
-4.515915215015411377e-01;3.460279703140258789e-01;-5.706372857093811035e-01
-2.971311509609222412e-01;1.925775855779647827e-01;-5.122236013412475586e-01
-2.706488370895385742e-01;1.515975743532180786e-01;-4.698594510555267334e-01
-1.947209089994430542e-01;1.561541110277175903e-01;-5.028522610664367676e-01
-3.394216001033782959e-01;3.030389845371246338e-01;-4.047589898109436035e-01
-3.392130136489868164e-01;4.632744491100311279e-01;-5.036954879760742188e-01
-1.596172899007797241e-01;3.690848350524902344e-01;-5.027764439582824707e-01
-1.772642880678176880e-01;4.609499573707580566e-01;-5.027731060981750488e-01
-2.561926245689392090e-01;4.231061339378356934e-01;-4.650881290435791016e-01
-1.461868435144424438e-01;2.536785602569580078e-01;-4.026294946670532227e-01
-5.367097258567810059e-02;3.606200218200683594e-01;-3.064209818840026855e-01
-1.340221166610717773e-01;-3.249039053916931152e-01;-4.517454802989959717e-01
-1.173376590013504028e-01;-2.996815145015716553e-01;-2.200325280427932739e-01
-1.151614040136337280e-01;-3.860999643802642822e-01;-4.488920867443084717e-01
-5.568510666489601135e-02;-2.315353453159332275e-01;-3.001848757266998291e-01
5.263723433017730713e-03;-4.591771960258483887e-01;-9.643879532814025879e-02
-1.377226710319519043e-01;-1.699913740158081055e-01;-3.604098260402679443e-01
-1.163468956947326660e-01;-1.036321818828582764e-01;-2.058455049991607666e-01
-7.285763323307037354e-02;-1.704864650964736938e-01;-1.103058680891990662e-01
-3.190648555755615234e-02;-7.168267667293548584e-02;-2.043303698301315308e-01
8.840183913707733154e-02;-2.758326828479766846e-01;-8.671025931835174561e-02
2.005255520343780518e-01;9.963806718587875366e-02;-1.602358222007751465e-01
1.531390100717544556e-01;1.198012381792068481e-01;-2.489666938781738281e-01
1.409450471401214600e-01;1.291045695543289185e-01;-5.202752351760864258e-02
1.931514889001846313e-01;1.918894350528717041e-01;-1.412535458803176880e-01
2.470721304416656494e-01;1.807770133018493652e-01;-1.170469522476196289e-01
1.920688152313232422e-01;2.713319957256317139e-01;-4.585315287113189697e-02
2.631115317344665527e-01;5.386911332607269287e-02;-1.499819308519363403e-01
2.537493407726287842e-01;2.775702476501464844e-01;-1.423491239547729492e-01
1.965664029121398926e-01;2.348055690526962280e-01;2.937230467796325684e-02
2.323247492313385010e-01;3.092995584011077881e-01;-1.077996715903282166e-01
-5.729740858078002930e-02;3.538800179958343506e-01;1.683922857046127319e-01
1.983540691435337067e-02;5.452315211296081543e-01;1.566268801689147949e-01
2.317788638174533844e-02;3.630066215991973877e-01;2.738125324249267578e-01
7.705586403608322144e-02;4.147394597530364990e-01;2.601337432861328125e-01
6.293704360723495483e-02;5.812848806381225586e-01;7.023553550243377686e-02
1.851106435060501099e-01;4.870767593383789062e-01;3.005978465080261230e-02
1.980080455541610718e-01;5.876560211181640625e-01;6.563831120729446411e-02
4.045572131872177124e-02;5.659683346748352051e-01;2.074416726827621460e-01
-4.542262852191925049e-02;4.879015982151031494e-01;3.587632179260253906e-01
-7.577536255121231079e-02;5.702764391899108887e-01;2.876653373241424561e-01
-4.469187557697296143e-01;1.999652683734893799e-01;5.893793702125549316e-01
-4.368560016155242920e-01;3.581622242927551270e-01;6.036368012428283691e-01
-3.997702896595001221e-01;1.107884049415588379e-01;4.965017139911651611e-01
-2.523538172245025635e-01;2.743542790412902832e-01;4.917288720607757568e-01
-3.700145184993743896e-01;1.753624379634857178e-01;5.671004652976989746e-01
-3.386052250862121582e-01;2.912177741527557373e-01;4.678365886211395264e-01
-4.080376029014587402e-01;4.621202349662780762e-01;5.290160775184631348e-01
-3.476771414279937744e-01;5.723004341125488281e-01;4.696824252605438232e-01
-3.607885241508483887e-01;6.105653643608093262e-01;5.042135119438171387e-01
-3.909241259098052979e-01;5.122630596160888672e-01;5.562933087348937988e-01
1.747571974992752075e-01;7.384404540061950684e-01;-1.065335720777511597e-01
2.522168159484863281e-01;7.890421748161315918e-01;-1.231124624609947205e-01
1.737081110477447510e-01;7.512779831886291504e-01;-6.130154058337211609e-02
2.284835726022720337e-01;7.919046282768249512e-01;-7.519958168268203735e-02
2.269866913557052612e-01;7.958083152770996094e-01;-4.865583032369613647e-02
2.354265600442886353e-01;8.015375137329101562e-01;-2.912230789661407471e-02
1.466688811779022217e-01;7.911000251770019531e-01;1.497942954301834106e-02
1.946365833282470703e-01;7.975565791130065918e-01;3.336944431066513062e-02
2.337578237056732178e-01;8.029580116271972656e-01;1.088649034500122070e-03
2.359626591205596924e-01;7.704330682754516602e-01;1.501200348138809204e-02
5.263715982437133789e-03;-4.591771960258483887e-01;-9.643879532814025879e-02
1.139644458889961243e-01;-4.789380133152008057e-01;-1.733474582433700562e-01
1.886838823556900024e-01;-4.626602232456207275e-01;-1.911704242229461670e-01
2.269217222929000854e-01;-5.916071534156799316e-01;-1.587941497564315796e-01
2.316350340843200684e-01;-4.375089108943939209e-01;-1.291355341672897339e-01
1.752622574567794800e-01;-4.766120314598083496e-01;-3.552958369255065918e-02
1.602385938167572021e-01;-4.812563061714172363e-01;-2.495731413364410400e-02
1.494983136653900146e-01;-3.403445184230804443e-01;-5.632799863815307617e-02
2.371461093425750732e-01;-4.547056555747985840e-01;-2.090965211391448975e-02
2.031613439321517944e-01;-2.960805296897888184e-01;-1.690768003463745117e-01
-4.084495007991790771e-01;-7.051647305488586426e-01;-5.119473934173583984e-01
-3.947780430316925049e-01;-5.417859554290771484e-01;-5.567104220390319824e-01
-3.893481492996215820e-01;-4.563415348529815674e-01;-5.472247004508972168e-01
-3.657284975051879883e-01;-5.607464313507080078e-01;-4.513088464736938477e-01
-4.331023991107940674e-01;-4.593149125576019287e-01;-5.095583200454711914e-01
-2.884348630905151367e-01;-7.216594815254211426e-01;-5.110219120979309082e-01
-3.553298711776733398e-01;-7.045564055442810059e-01;-4.265258610248565674e-01
-2.868619561195373535e-01;-5.405270457267761230e-01;-4.797609150409698486e-01
-1.684115976095199585e-01;-5.079498887062072754e-01;-5.026605129241943359e-01
-1.595016270875930786e-01;-6.051020622253417969e-01;-4.592263698577880859e-01
-2.450022548437118530e-01;-1.133962720632553101e-02;3.906625509262084961e-01
-1.200802624225616455e-01;-3.328698873519897461e-02;3.922021985054016113e-01
-1.740632504224777222e-01;1.970162615180015564e-02;3.068175613880157471e-01
-1.028479412198066711e-01;1.081269755959510803e-01;2.363630086183547974e-01
-9.309448301792144775e-02;7.439549267292022705e-02;3.881951868534088135e-01
-1.906482130289077759e-01;1.711607277393341064e-01;4.027626216411590576e-01
-1.663096100091934204e-01;1.905002146959304810e-01;4.043332338333129883e-01
7.772140204906463623e-03;-8.623506128787994385e-02;3.645431101322174072e-01
2.395176887512207031e-02;9.072692692279815674e-02;2.721554040908813477e-01
-1.626902222633361816e-01;2.353779822587966919e-01;3.235547542572021484e-01
2.360047250986099243e-01;-7.744709849357604980e-01;5.103242397308349609e-02
2.401981204748153687e-01;-7.331558465957641602e-01;5.680069327354431152e-02
1.412946283817291260e-01;-7.606112957000732422e-01;8.523558825254440308e-02
1.300894320011138916e-01;-7.582022547721862793e-01;9.516592323780059814e-02
1.897058933973312378e-01;-7.660806179046630859e-01;8.631747961044311523e-02
2.199169844388961792e-01;-7.590494155883789062e-01;9.396168589591979980e-02
2.377942204475402832e-01;-7.732121348381042480e-01;6.206193566322326660e-02
2.490787655115127563e-01;-7.643355131149291992e-01;1.353468745946884155e-01
1.960819959640502930e-01;-6.856704354286193848e-01;9.153971076011657715e-02
2.208313345909118652e-01;-6.992020010948181152e-01;1.330129951238632202e-01
-1.461868435144424438e-01;2.536785602569580078e-01;-4.026294946670532227e-01
-3.394216001033782959e-01;3.030389845371246338e-01;-4.047589898109436035e-01
-2.561926245689392090e-01;4.231061339378356934e-01;-4.650881290435791016e-01
-1.596172899007797241e-01;3.690848350524902344e-01;-5.027764439582824707e-01
-1.409749686717987061e-01;3.493589460849761963e-01;-2.254294157028198242e-01
-1.059165000915527344e-01;7.510364055633544922e-02;-2.555052638053894043e-01
3.982934355735778809e-02;2.297459095716476440e-01;-1.376391500234603882e-01
-5.367097258567810059e-02;3.606200218200683594e-01;-3.064209818840026855e-01
9.585265815258026123e-02;3.544831871986389160e-01;-2.548476159572601318e-01
7.069332897663116455e-02;5.081256031990051270e-01;-1.817356497049331665e-01
