-4.995554387569427490e-01;-5.291457474231719971e-02;4.913388490676879883e-01
-5.161482691764831543e-01;-1.723173260688781738e-01;5.081362128257751465e-01
-4.314535856246948242e-01;5.693750083446502686e-02;5.019481778144836426e-01
-5.347913503646850586e-01;9.415520727634429932e-02;5.163579583168029785e-01
-3.457070589065551758e-01;-2.958719246089458466e-02;3.764314353466033936e-01
-4.714067578315734863e-01;1.612970083951950073e-01;5.362679958343505859e-01
-2.811692655086517334e-01;1.661170274019241333e-03;2.962108850479125977e-01
-3.911834359169006348e-01;-3.263820409774780273e-01;4.295957982540130615e-01
-4.409683644771575928e-01;-3.713701367378234863e-01;5.003057122230529785e-01
-2.769708633422851562e-01;1.543267369270324707e-01;3.721184432506561279e-01
2.274877279996871948e-01;6.727223396301269531e-01;-4.338403046131134033e-01
2.278992980718612671e-01;7.367428541183471680e-01;-4.338411092758178711e-01
2.262407988309860229e-01;7.420728802680969238e-01;-4.274055361747741699e-01
1.760143041610717773e-01;7.267934679985046387e-01;-4.338386952877044678e-01
2.251757234334945679e-01;7.473951578140258789e-01;-4.209613800048828125e-01
2.280885428190231323e-01;7.491283416748046875e-01;-4.203080236911773682e-01
2.274336218833923340e-01;7.491737008094787598e-01;-4.200335443019866943e-01
2.273053079843521118e-01;7.611781954765319824e-01;-3.863713443279266357e-01
2.164600938558578491e-01;7.665429711341857910e-01;-3.720837533473968506e-01
2.158514857292175293e-01;7.669336795806884766e-01;-3.721646070480346680e-01
2.295469939708709717e-01;-6.063121184706687927e-02;-3.719263523817062378e-02
1.788246482610702515e-01;-5.046062171459197998e-02;-1.250305473804473877e-01
2.590565085411071777e-01;1.139636710286140442e-02;3.250177204608917236e-02
1.859701424837112427e-01;-1.420670151710510254e-01;1.848466694355010986e-02
1.235459744930267334e-01;-9.334107488393783569e-02;-3.269412741065025330e-02
2.533342540264129639e-01;3.847042843699455261e-02;-9.432259202003479004e-02
2.099588662385940552e-01;3.677082434296607971e-02;2.782885730266571045e-02
2.328792363405227661e-01;-1.938416808843612671e-01;-6.311865150928497314e-02
1.264825314283370972e-01;-1.477839201688766479e-01;-9.206507354974746704e-03
2.617410719394683838e-01;-1.042291969060897827e-01;9.435436874628067017e-02
-4.973433613777160645e-01;6.140266060829162598e-01;5.140386819839477539e-01
-4.838179945945739746e-01;5.733715891838073730e-01;4.796286225318908691e-01
-4.563956558704376221e-01;6.821815371513366699e-01;5.257846713066101074e-01
-5.353387594223022461e-01;5.055182576179504395e-01;5.677335262298583984e-01
-4.162034392356872559e-01;5.477790236473083496e-01;4.376112222671508789e-01
-3.439266383647918701e-01;5.540792346000671387e-01;3.301795125007629395e-01
-2.715004980564117432e-01;7.065007686614990234e-01;3.656055033206939697e-01
-2.591687738895416260e-01;7.816054224967956543e-01;3.867681622505187988e-01
-4.707712531089782715e-01;2.782791852951049805e-01;4.769649803638458252e-01
-2.781316637992858887e-01;3.432848751544952393e-01;4.052294492721557617e-01
-3.982639312744140625e-01;7.731389403343200684e-01;-4.497145712375640869e-01
-2.928723394870758057e-01;7.799094915390014648e-01;-4.154941439628601074e-01
-3.567999899387359619e-01;6.393118500709533691e-01;-4.211214482784271240e-01
-3.413821756839752197e-01;6.518056392669677734e-01;-3.803389072418212891e-01
-2.411999404430389404e-01;7.157693505287170410e-01;-4.338401854038238525e-01
-1.422167420387268066e-01;6.932122111320495605e-01;-4.338409006595611572e-01
-4.636873006820678711e-01;4.581468999385833740e-01;-4.606690406799316406e-01
-2.555170655250549316e-01;4.508649408817291260e-01;-4.337630569934844971e-01
-3.501338064670562744e-01;4.111258089542388916e-01;-4.093696475028991699e-01
-8.746781945228576660e-02;6.281595826148986816e-01;-2.669980525970458984e-01
-5.034369230270385742e-01;-5.959230661392211914e-01;-4.364757239818572998e-01
-4.048631787300109863e-01;-5.781021118164062500e-01;-4.323017895221710205e-01
-5.200513601303100586e-01;-4.847532808780670166e-01;-5.239967703819274902e-01
-4.199241697788238525e-01;-7.832580804824829102e-01;-4.584436416625976562e-01
-2.583933770656585693e-01;-6.513497829437255859e-01;-3.990802168846130371e-01
-5.007734894752502441e-01;-3.458162248134613037e-01;-5.040235519409179688e-01
-2.490546405315399170e-01;-5.406873226165771484e-01;-4.337643980979919434e-01
-3.468991816043853760e-01;-3.640567660331726074e-01;-4.389614164829254150e-01
-3.487004041671752930e-01;-7.715770006179809570e-01;-2.823747396469116211e-01
-2.523964643478393555e-01;-7.896034717559814453e-01;-3.772397935390472412e-01
1.672193408012390137e-01;-4.946976602077484131e-01;-9.134963154792785645e-02
1.134489104151725769e-01;-5.129657983779907227e-01;-1.451454162597656250e-01
1.742634922266006470e-01;-5.217399597167968750e-01;-3.911450505256652832e-03
9.670038521289825439e-02;-5.417052507400512695e-01;-1.623201370239257812e-02
7.916940748691558838e-02;-5.460169315338134766e-01;-6.574839353561401367e-03
1.066054925322532654e-01;-5.231216549873352051e-01;2.938918769359588623e-02
1.348132640123367310e-01;-4.422192871570587158e-01;3.606630861759185791e-02
8.982010930776596069e-02;-3.908316493034362793e-01;-2.433115988969802856e-02
2.543194591999053955e-02;-5.287421941757202148e-01;-1.324657797813415527e-01
1.896329969167709351e-01;-5.996260643005371094e-01;-2.025441080331802368e-01
-6.104505807161331177e-02;-6.933110952377319336e-01;1.204788982868194580e-01
-3.533081710338592529e-02;-6.825264692306518555e-01;8.562808483839035034e-02
7.296609133481979370e-02;-5.897541642189025879e-01;1.269999891519546509e-01
1.318523585796356201e-01;-6.344190239906311035e-01;1.209715828299522400e-01
5.712641030550003052e-02;-5.984603166580200195e-01;2.548178136348724365e-01
7.311885803937911987e-02;-5.343436002731323242e-01;8.809906989336013794e-02
-1.375459879636764526e-01;-6.473509669303894043e-01;3.176488578319549561e-01
7.916941493749618530e-02;-5.460169315338134766e-01;-6.574839353561401367e-03
2.953759580850601196e-02;-4.751553833484649658e-01;1.990361213684082031e-01
1.732451319694519043e-01;-6.561520695686340332e-01;2.094422280788421631e-01
-3.501338064670562744e-01;4.111258089542388916e-01;-4.093696475028991699e-01
-2.555170655250549316e-01;4.508649408817291260e-01;-4.337630569934844971e-01
-4.636873006820678711e-01;4.581468999385833740e-01;-4.606690406799316406e-01
-4.713807702064514160e-01;2.909866571426391602e-01;-3.910680413246154785e-01
-3.567999899387359619e-01;6.393118500709533691e-01;-4.211214482784271240e-01
-2.196838706731796265e-01;2.372962832450866699e-01;-3.350301682949066162e-01
-3.769301474094390869e-01;1.734302788972854614e-01;-4.470042884349822998e-01
-3.413821756839752197e-01;6.518056392669677734e-01;-3.803389072418212891e-01
-2.547046244144439697e-01;3.421800136566162109e-01;-1.943105608224868774e-01
-3.577636480331420898e-01;1.342236101627349854e-01;-4.146375656127929688e-01
-4.707712531089782715e-01;2.782791852951049805e-01;4.769649803638458252e-01
-4.714067578315734863e-01;1.612970083951950073e-01;5.362679958343505859e-01
-3.332799375057220459e-01;2.597954869270324707e-01;4.554341435432434082e-01
-5.347913503646850586e-01;9.415520727634429932e-02;5.163579583168029785e-01
-2.781316637992858887e-01;3.432848751544952393e-01;4.052294492721557617e-01
-4.314535856246948242e-01;5.693750083446502686e-02;5.019481778144836426e-01
-2.769708633422851562e-01;1.543267369270324707e-01;3.721184432506561279e-01
-5.353387594223022461e-01;5.055182576179504395e-01;5.677335262298583984e-01
-2.546780705451965332e-01;3.678966760635375977e-01;3.746230304241180420e-01
-2.460423409938812256e-01;1.738060563802719116e-01;3.671000003814697266e-01
1.313946545124053955e-01;5.158988833427429199e-01;-1.604948788881301880e-01
1.991543024778366089e-01;5.008456707000732422e-01;-1.610573828220367432e-01
1.280094981193542480e-01;6.127554774284362793e-01;-1.910709291696548462e-01
3.731745481491088867e-02;5.678253769874572754e-01;-1.705740839242935181e-01
1.306895464658737183e-01;4.458638131618499756e-01;-7.269342988729476929e-02
1.651080250740051270e-01;6.276477575302124023e-01;-1.712579727172851562e-01
9.738455712795257568e-02;6.263689398765563965e-01;-7.068275660276412964e-02
1.671455353498458862e-01;5.540105700492858887e-01;-1.473827660083770752e-02
-2.280637621879577637e-02;5.207227468490600586e-01;-1.398418992757797241e-01
1.342469602823257446e-01;4.253346323966979980e-01;-2.622105181217193604e-02
2.403745502233505249e-01;1.862965524196624756e-01;-1.734916567802429199e-01
2.396765351295471191e-01;2.623281478881835938e-01;-1.742993742227554321e-01
2.443448603153228760e-01;1.074495911598205566e-01;-1.719185262918472290e-01
2.357645779848098755e-01;1.760655939579010010e-01;-6.653798371553421021e-02
1.590317040681838989e-01;1.858997493982315063e-01;-7.828075438737869263e-02
2.264079600572586060e-01;2.797110378742218018e-01;-8.915989845991134644e-02
1.688127070665359497e-01;8.686077594757080078e-02;-9.091494977474212646e-02
2.533342540264129639e-01;3.847043216228485107e-02;-9.432259202003479004e-02
2.010670006275177002e-01;3.163074851036071777e-01;-6.086035817861557007e-02
1.691916286945343018e-01;2.776882946491241455e-01;-1.248528063297271729e-02
-1.422167271375656128e-01;6.932122111320495605e-01;-4.338409006595611572e-01
-2.411999404430389404e-01;7.157693505287170410e-01;-4.338401854038238525e-01
-8.570551872253417969e-04;7.547229528427124023e-01;-4.117967188358306885e-01
-2.928723394870758057e-01;7.799094915390014648e-01;-4.154941439628601074e-01
-8.746781200170516968e-02;6.281595826148986816e-01;-2.669980525970458984e-01
-3.413821756839752197e-01;6.518056392669677734e-01;-3.803389072418212891e-01
-3.567999899387359619e-01;6.393118500709533691e-01;-4.211214482784271240e-01
9.925793111324310303e-02;7.525653839111328125e-01;-4.003371298313140869e-01
-2.555170655250549316e-01;4.508649408817291260e-01;-4.337630569934844971e-01
-3.982639312744140625e-01;7.731389403343200684e-01;-4.497145712375640869e-01
-5.006354451179504395e-01;1.976325511932373047e-01;-4.730817079544067383e-01
-4.694911837577819824e-01;5.805072188377380371e-02;-4.811156094074249268e-01
-4.696324765682220459e-01;5.796477198600769043e-02;-4.811449050903320312e-01
-4.166973531246185303e-01;-1.173991337418556213e-01;-4.537827968597412109e-01
-4.695471227169036865e-01;5.798967927694320679e-02;-4.811657965183258057e-01
-3.830883502960205078e-01;-5.843832343816757202e-02;-4.349655210971832275e-01
-4.696432352066040039e-01;5.803068727254867554e-02;-4.811585843563079834e-01
-3.717236518859863281e-01;1.351680755615234375e-01;-4.235807955265045166e-01
-4.696411192417144775e-01;5.805028975009918213e-02;-4.810274839401245117e-01
-4.695924222469329834e-01;5.802569538354873657e-02;-4.811248481273651123e-01
2.146044075489044189e-01;-6.917944550514221191e-01;3.653387427330017090e-01
2.246506512165069580e-01;-7.512344121932983398e-01;4.759558439254760742e-01
2.246658205986022949e-01;-7.512511014938354492e-01;4.759715795516967773e-01
2.136854827404022217e-01;-7.712046504020690918e-01;4.186122119426727295e-01
2.246417403221130371e-01;-7.512463331222534180e-01;4.759661555290222168e-01
1.886831521987915039e-01;-7.746497392654418945e-01;3.651384711265563965e-01
2.246417552232742310e-01;-7.512360215187072754e-01;4.759573042392730713e-01
1.109250411391258240e-01;-7.239273190498352051e-01;4.354273080825805664e-01
2.246424555778503418e-01;-7.512506842613220215e-01;4.759722948074340820e-01
2.246596515178680420e-01;-7.512332797050476074e-01;4.759832024574279785e-01
2.023033350706100464e-01;7.749502658843994141e-01;3.754273653030395508e-01
2.052728831768035889e-01;7.259204983711242676e-01;4.718279540538787842e-01
2.052741497755050659e-01;7.259212732315063477e-01;4.718253016471862793e-01
2.140977084636688232e-01;7.471898198127746582e-01;4.197188615798950195e-01
2.052771747112274170e-01;7.259054780006408691e-01;4.718184769153594971e-01
1.734617650508880615e-01;7.056235074996948242e-01;3.704715967178344727e-01
2.052517831325531006e-01;7.259262204170227051e-01;4.718097746372222900e-01
1.873025894165039062e-01;7.007369399070739746e-01;4.803675711154937744e-01
2.052761912345886230e-01;7.259190678596496582e-01;4.718312025070190430e-01
2.052828967571258545e-01;7.259239554405212402e-01;4.718338549137115479e-01
1.149476096034049988e-01;-7.278757095336914062e-01;-4.153761267662048340e-01
2.606625668704509735e-02;-7.520587444305419922e-01;-4.338597655296325684e-01
2.601519599556922913e-02;-7.520938515663146973e-01;-4.338710904121398926e-01
2.555764093995094299e-02;-7.508004307746887207e-01;-4.365830421447753906e-01
2.604742161929607391e-02;-7.520943284034729004e-01;-4.338844418525695801e-01
2.077232748270034790e-01;-7.548708915710449219e-01;-3.931070864200592041e-01
2.598579786717891693e-02;-7.520574331283569336e-01;-4.338792860507965088e-01
8.983644843101501465e-02;-7.754421234130859375e-01;-3.496662974357604980e-01
2.599829621613025665e-02;-7.520594000816345215e-01;-4.338112771511077881e-01
2.603121846914291382e-02;-7.520576119422912598e-01;-4.338478744029998779e-01
-3.494102954864501953e-01;-4.129726290702819824e-01;4.007496237754821777e-01
-4.302682578563690186e-01;-6.507081985473632812e-01;4.445982575416564941e-01
-4.303556680679321289e-01;-6.507307291030883789e-01;4.445710182189941406e-01
-2.984255552291870117e-01;-7.811967134475708008e-01;4.911193549633026123e-01
-4.302921295166015625e-01;-6.507362723350524902e-01;4.445608258247375488e-01
-2.891749143600463867e-01;-7.096605300903320312e-01;3.348652720451354980e-01
-4.303397238254547119e-01;-6.507205367088317871e-01;4.445720016956329346e-01
-2.229278385639190674e-01;-5.477246046066284180e-01;3.850213289260864258e-01
-4.303377270698547363e-01;-6.506963372230529785e-01;4.446210265159606934e-01
-4.303342998027801514e-01;-6.507251262664794922e-01;4.445685148239135742e-01
-8.646075427532196045e-02;5.539977550506591797e-01;1.664777100086212158e-01
-1.370649337768554688e-01;5.593044757843017578e-01;2.016482129693031311e-02
-1.371131241321563721e-01;5.592960715293884277e-01;2.014931477606296539e-02
-1.641071587800979614e-02;5.200303792953491211e-01;-1.443458795547485352e-01
-1.370931714773178101e-01;5.592796206474304199e-01;2.014631591737270355e-02
-5.480296909809112549e-02;7.068895101547241211e-01;5.872707813978195190e-02
-1.371095180511474609e-01;5.592945814132690430e-01;2.013290114700794220e-02
-1.518341153860092163e-01;5.852624177932739258e-01;-4.165782034397125244e-02
-1.370764076709747314e-01;5.593005418777465820e-01;2.016919292509555817e-02
-1.370838582515716553e-01;5.592829585075378418e-01;2.014447189867496490e-02
-1.632149666547775269e-01;-1.054060757160186768e-01;1.699007749557495117e-01
-1.871723979711532593e-01;-3.215554356575012207e-01;1.406430006027221680e-01
-1.871861219406127930e-01;-3.215842545032501221e-01;1.406569480895996094e-01
-2.242061495780944824e-02;-3.428147733211517334e-01;1.908650100231170654e-01
-1.871994882822036743e-01;-3.215754628181457520e-01;1.406524777412414551e-01
-1.521077752113342285e-02;-2.268497347831726074e-01;7.121130079030990601e-02
-1.872046142816543579e-01;-3.215620219707489014e-01;1.406503170728683472e-01
-2.780321240425109863e-01;-2.705996036529541016e-01;3.046865463256835938e-01
-1.872103810310363770e-01;-3.215728998184204102e-01;1.406755000352859497e-01
-1.871870011091232300e-01;-3.215596377849578857e-01;1.406678557395935059e-01
1.891475021839141846e-01;4.674085080623626709e-01;9.541948884725570679e-02
2.308503985404968262e-01;3.913347125053405762e-01;1.892801970243453979e-01
2.308415621519088745e-01;3.913206458091735840e-01;1.892730444669723511e-01
2.104226052761077881e-01;4.669926166534423828e-01;1.836057007312774658e-01
2.308573871850967407e-01;3.913396894931793213e-01;1.892715394496917725e-01
2.310750335454940796e-01;3.226938247680664062e-01;1.140202432870864868e-01
2.308373153209686279e-01;3.913369476795196533e-01;1.892798840999603271e-01
2.419059276580810547e-01;2.329022884368896484e-01;1.955438107252120972e-01
2.308152765035629272e-01;3.913444876670837402e-01;1.892948299646377563e-01
2.308344542980194092e-01;3.913461565971374512e-01;1.892829537391662598e-01
-2.635340094566345215e-01;2.183844149112701416e-01;3.099525272846221924e-01
-2.049828171730041504e-01;9.316371381282806396e-02;2.207933515310287476e-01
-2.050958573818206787e-01;9.309738129377365112e-02;2.207819819450378418e-01
-2.755727767944335938e-01;-1.771077513694763184e-04;2.928102016448974609e-01
-2.050459682941436768e-01;9.309056401252746582e-02;2.207582294940948486e-01
-1.348486393690109253e-01;9.903454035520553589e-02;1.561791896820068359e-01
-2.051204144954681396e-01;9.314524382352828979e-02;2.207573056221008301e-01
-1.702481210231781006e-01;5.311739817261695862e-02;3.442901968955993652e-01
-2.050958871841430664e-01;9.314692020416259766e-02;2.208688706159591675e-01
-2.050564438104629517e-01;9.313651919364929199e-02;2.208021432161331177e-01
-2.010969221591949463e-01;-4.524204134941101074e-02;-2.826877236366271973e-01
-2.152684032917022705e-01;-1.886358559131622314e-01;-2.973319590091705322e-01
-2.153814136981964111e-01;-1.886863112449645996e-01;-2.973540127277374268e-01
-2.095150202512741089e-01;-3.509258925914764404e-01;-3.725724518299102783e-01
-2.153292745351791382e-01;-1.886980831623077393e-01;-2.973691225051879883e-01
-1.381552517414093018e-01;-2.489215135574340820e-01;-2.177664041519165039e-01
-2.153795957565307617e-01;-1.886562407016754150e-01;-2.973707616329193115e-01
-3.532612323760986328e-01;-1.016695946455001831e-01;-3.892887830734252930e-01
-2.153581976890563965e-01;-1.886477023363113403e-01;-2.972713708877563477e-01
-2.153326719999313354e-01;-1.886705607175827026e-01;-2.973426580429077148e-01
1.526421308517456055e-01;2.719668745994567871e-01;-1.365002989768981934e-02
-3.803157433867454529e-02;2.246433496475219727e-01;-8.251391351222991943e-02
-3.813841566443443298e-02;2.245822846889495850e-01;-8.253572881221771240e-02
3.770731389522552490e-02;6.932789087295532227e-02;-1.660433113574981689e-01
-3.809438645839691162e-02;2.245718389749526978e-01;-8.254770189523696899e-02
1.015268340706825256e-01;1.228586435317993164e-01;-1.109606772661209106e-02
-3.815997764468193054e-02;2.246243953704833984e-01;-8.257537335157394409e-02
-3.950327634811401367e-03;1.182042360305786133e-01;-1.407537460327148438e-01
-3.811569511890411377e-02;2.246230840682983398e-01;-8.244630694389343262e-02
-3.807896003127098083e-02;2.246100604534149170e-01;-8.251012116670608521e-02
-8.495852351188659668e-02;7.565725445747375488e-01;4.849798679351806641e-01
-2.590194344520568848e-01;7.816258072853088379e-01;3.867222368717193604e-01
-2.592675983905792236e-01;7.815018892288208008e-01;3.866653144359588623e-01
-3.500754833221435547e-01;5.535212159156799316e-01;3.156470060348510742e-01
-2.591243982315063477e-01;7.815040946006774902e-01;3.866248130798339844e-01
-1.819661110639572144e-01;5.712680220603942871e-01;2.875079512596130371e-01
-2.592720985412597656e-01;7.815859913825988770e-01;3.866365551948547363e-01
-4.496994614601135254e-01;5.877423286437988281e-01;4.563411474227905273e-01
-2.592427134513854980e-01;7.816174030303955078e-01;3.868506848812103271e-01
-2.591792047023773193e-01;7.815735936164855957e-01;3.867022693157196045e-01
-1.827566027641296387e-01;5.748354792594909668e-01;2.743170857429504395e-01
-1.306178867816925049e-01;4.858442842960357666e-01;3.271732032299041748e-01
-1.307033896446228027e-01;4.858157932758331299e-01;3.271376490592956543e-01
-5.082508921623229980e-02;3.558695912361145020e-01;2.395410239696502686e-01
-1.306362897157669067e-01;4.858223795890808105e-01;3.271306157112121582e-01
-4.769983887672424316e-02;5.783288478851318359e-01;1.863912642002105713e-01
-1.307004690170288086e-01;4.858377575874328613e-01;3.271355628967285156e-01
-2.624361217021942139e-01;3.723517060279846191e-01;3.745415806770324707e-01
-1.306927055120468140e-01;4.858608543872833252e-01;3.272043764591217041e-01
-1.306780576705932617e-01;4.858363270759582520e-01;3.271481990814208984e-01
2.411061078310012817e-01;-3.076621890068054199e-01;1.507406830787658691e-01
2.258561849594116211e-01;-4.108460545539855957e-01;2.062173336744308472e-01
2.257017344236373901e-01;-4.109181165695190430e-01;2.061718404293060303e-01
7.987388968467712402e-02;-4.271309673786163330e-01;1.268581300973892212e-01
2.258041203022003174e-01;-4.109161496162414551e-01;2.061489820480346680e-01
1.757535487413406372e-01;-4.667040705680847168e-01;1.089930757880210876e-01
2.256775796413421631e-01;-4.108556807041168213e-01;2.061571031808853149e-01
2.127304822206497192e-01;-5.587037801742553711e-01;2.707787752151489258e-01
2.257050722837448120e-01;-4.108378291130065918e-01;2.063029706478118896e-01
2.257549613714218140e-01;-4.108605980873107910e-01;2.062057703733444214e-01
-2.389533221721649170e-01;2.404849529266357422e-01;-3.442023694515228271e-01
-2.977908253669738770e-01;9.907291829586029053e-02;-1.694292724132537842e-01
-2.977560758590698242e-01;9.909004718065261841e-02;-1.694147139787673950e-01
-2.096335291862487793e-01;-1.295314431190490723e-01;-1.708996891975402832e-01
-2.977812290191650391e-01;9.907939285039901733e-02;-1.694126725196838379e-01
-1.806976497173309326e-01;4.402110353112220764e-02;-1.980690956115722656e-01
-2.977479994297027588e-01;9.906555712223052979e-02;-1.694173812866210938e-01
-2.057639658451080322e-01;-4.507610946893692017e-02;-3.007893562316894531e-01
-2.977411150932312012e-01;9.906304627656936646e-02;-1.694625765085220337e-01
-2.977647781372070312e-01;9.906979650259017944e-02;-1.694231927394866943e-01
-2.808520197868347168e-01;-1.332176476716995239e-01;4.811750054359436035e-01
-3.911911547183990479e-01;-3.263944387435913086e-01;4.296121597290039062e-01
-3.911824822425842285e-01;-3.263771235942840576e-01;4.296119809150695801e-01
-4.138078093528747559e-01;-5.519511103630065918e-01;4.093067944049835205e-01
-3.911889195442199707e-01;-3.263845741748809814e-01;4.296167492866516113e-01
-3.355519175529479980e-01;-4.079532921314239502e-01;3.989345729351043701e-01
-3.911592364311218262e-01;-3.263995349407196045e-01;4.296138882637023926e-01
-2.569707632064819336e-01;-2.485840469598770142e-01;3.757504224777221680e-01
-3.911635577678680420e-01;-3.263914585113525391e-01;4.295885860919952393e-01
-3.911843299865722656e-01;-3.264020085334777832e-01;4.295994639396667480e-01
-2.673660218715667725e-01;-6.444735527038574219e-01;-4.079178571701049805e-01
-2.524087429046630859e-01;-7.896087765693664551e-01;-3.772261142730712891e-01
-2.523785233497619629e-01;-7.895942330360412598e-01;-3.772218525409698486e-01
-2.276121973991394043e-01;-7.864030003547668457e-01;-4.352496564388275146e-01
-2.523941695690155029e-01;-7.895753979682922363e-01;-3.772110641002655029e-01
3.584894537925720215e-02;-7.681137323379516602e-01;-4.037638306617736816e-01
-2.523592114448547363e-01;-7.896047234535217285e-01;-3.771964013576507568e-01
-4.120172858238220215e-01;-7.822012305259704590e-01;-4.509482979774475098e-01
-2.523971796035766602e-01;-7.896001935005187988e-01;-3.772425353527069092e-01
-2.524043023586273193e-01;-7.895997762680053711e-01;-3.772276937961578369e-01
2.437373399734497070e-01;1.970532834529876709e-01;1.490201801061630249e-01
1.073231026530265808e-01;1.466933935880661011e-01;1.729029268026351929e-01
1.072572171688079834e-01;1.466704010963439941e-01;1.728792488574981689e-01
-3.308836370706558228e-02;6.481697410345077515e-02;2.196516096591949463e-01
1.073001995682716370e-01;1.466873586177825928e-01;1.728796660900115967e-01
2.217541933059692383e-01;8.112192153930664062e-02;6.821277737617492676e-02
1.072833091020584106e-01;1.466785073280334473e-01;1.728807389736175537e-01
8.528515696525573730e-03;1.886220723390579224e-01;2.396907061338424683e-01
1.072743684053421021e-01;1.467024087905883789e-01;1.729140579700469971e-01
1.072721481323242188e-01;1.466764658689498901e-01;1.728735566139221191e-01
1.082365363836288452e-01;-9.885723888874053955e-02;-1.128927469253540039e-01
3.183325380086898804e-02;-1.874049901962280273e-01;-1.670270115137100220e-01
3.173512965440750122e-02;-1.874533444643020630e-01;-1.670514345169067383e-01
8.172468841075897217e-02;-2.804992794990539551e-01;-1.127581223845481873e-01
3.178881853818893433e-02;-1.874282956123352051e-01;-1.670564711093902588e-01
1.891329139471054077e-01;-2.065358906984329224e-01;-1.418193131685256958e-01
3.174515441060066223e-02;-1.874213218688964844e-01;-1.670510470867156982e-01
-1.314292401075363159e-01;-2.322647124528884888e-01;-2.224226146936416626e-01
3.172555565834045410e-02;-1.873992830514907837e-01;-1.669743657112121582e-01
3.175745159387588501e-02;-1.874194443225860596e-01;-1.670389622449874878e-01
