-5.238041877746582031e-01;6.276658922433853149e-02;-3.885291516780853271e-01
-5.238065123558044434e-01;3.465999662876129150e-02;-3.628976941108703613e-01
-5.238057374954223633e-01;1.370831578969955444e-02;-3.677295744419097900e-01
-5.238018631935119629e-01;-7.203638553619384766e-03;-3.993784487247467041e-01
-5.136407017707824707e-01;1.072782054543495178e-01;-3.203327953815460205e-01
-5.237995386123657227e-01;-2.775310724973678589e-02;-4.245188534259796143e-01
-5.238071680068969727e-01;1.575293540954589844e-01;-4.245120286941528320e-01
-5.238183736801147461e-01;1.992918252944946289e-01;-3.566200733184814453e-01
-5.238196849822998047e-01;-7.058694213628768921e-02;-2.873423993587493896e-01
-4.007635116577148438e-01;1.891580969095230103e-02;-2.452418357133865356e-01
7.778187990188598633e-01;-3.873723447322845459e-01;3.732207119464874268e-01
7.150260806083679199e-01;-3.936325013637542725e-01;3.085847496986389160e-01
7.893904447555541992e-01;-4.268271028995513916e-01;2.680299282073974609e-01
7.513260841369628906e-01;-2.632280588150024414e-01;3.211288452148437500e-01
7.747926115989685059e-01;-2.224029600620269775e-01;3.222067654132843018e-01
8.096137046813964844e-01;-2.647131979465484619e-01;2.357951402664184570e-01
6.283215880393981934e-01;-2.437935769557952881e-01;3.082734644412994385e-01
6.821181774139404297e-01;-1.292666494846343994e-01;2.989235520362854004e-01
8.126645088195800781e-01;-1.086778044700622559e-01;2.751461863517761230e-01
7.871428132057189941e-01;-3.005046546459197998e-01;5.897173285484313965e-02
8.175386786460876465e-01;4.355200231075286865e-01;-3.767663538455963135e-01
8.112854957580566406e-01;3.871146738529205322e-01;-3.433709442615509033e-01
7.385084033012390137e-01;3.508879840373992920e-01;-4.037505090236663818e-01
7.398121356964111328e-01;3.686258792877197266e-01;-2.226477265357971191e-01
6.829693317413330078e-01;3.653798401355743408e-01;-2.360442280769348145e-01
7.762259244918823242e-01;4.405897557735443115e-01;-1.656004041433334351e-01
6.473990082740783691e-01;2.320127338171005249e-01;-4.037508368492126465e-01
6.771640777587890625e-01;3.234810531139373779e-01;-1.020424365997314453e-01
7.282032966613769531e-01;4.405679106712341309e-01;-5.094739794731140137e-02
8.132617473602294922e-01;8.790543675422668457e-02;-4.037488400936126709e-01
2.475206255912780762e-01;-3.575395941734313965e-01;-3.938338160514831543e-01
3.553473949432373047e-01;-4.207779467105865479e-01;-2.624399363994598389e-01
2.093165516853332520e-01;-1.296648681163787842e-01;-4.241449534893035889e-01
2.446683496236801147e-01;-2.730767130851745605e-01;-1.562843024730682373e-01
1.794552803039550781e-01;-1.139216274023056030e-01;-4.242069423198699951e-01
-6.175339221954345703e-04;-2.245779186487197876e-01;-3.855840563774108887e-01
4.872624576091766357e-01;-2.089497298002243042e-01;-4.049916267395019531e-01
8.844314515590667725e-02;-1.227238774299621582e-01;-3.141810297966003418e-01
-3.823605179786682129e-02;-3.533976078033447266e-01;-3.175801932811737061e-01
2.905414402484893799e-01;-3.869276344776153564e-01;-7.804280519485473633e-02
-5.238323807716369629e-01;1.571806371212005615e-01;3.628229498863220215e-01
-5.238273143768310547e-01;1.025066077709197998e-01;3.740510940551757812e-01
-5.238363146781921387e-01;1.341914534568786621e-01;2.935264408588409424e-01
-4.819600284099578857e-01;1.003129854798316956e-01;4.274117350578308105e-01
-5.238222479820251465e-01;8.018694818019866943e-02;4.274140000343322754e-01
-5.238255262374877930e-01;3.868733346462249756e-02;3.613986372947692871e-01
-5.238322615623474121e-01;2.850465476512908936e-02;2.874973416328430176e-01
-3.991547524929046631e-01;2.287349104881286621e-01;3.224812150001525879e-01
-5.238452553749084473e-01;3.075039088726043701e-01;3.508011698722839355e-01
-5.179200172424316406e-01;2.165042906999588013e-01;2.124370932579040527e-01
7.996411323547363281e-01;-9.107650071382522583e-02;-1.286171972751617432e-01
6.905274391174316406e-01;-1.104809492826461792e-01;-7.263632118701934814e-02
6.870136857032775879e-01;-2.248167395591735840e-01;-1.874358952045440674e-02
8.021854162216186523e-01;-2.471322566270828247e-02;7.224142551422119141e-02
6.953942775726318359e-01;-5.741678178310394287e-03;-2.956703305244445801e-01
6.153622269630432129e-01;2.904877066612243652e-03;-1.966849118471145630e-01
6.815096735954284668e-01;7.313517481088638306e-02;-2.824932932853698730e-01
6.679881811141967773e-01;-2.207750678062438965e-01;-3.123279809951782227e-01
7.373268008232116699e-01;1.031294390559196472e-01;-2.981010973453521729e-01
7.871428132057189941e-01;-3.005046546459197998e-01;5.897173285484313965e-02
2.066718488931655884e-01;-2.275266349315643311e-01;2.616723179817199707e-01
2.075759172439575195e-01;-9.690552949905395508e-02;3.755630850791931152e-01
1.182415634393692017e-01;-2.855130732059478760e-01;9.525182843208312988e-02
3.815076053142547607e-01;-2.429647594690322876e-01;3.544716238975524902e-01
4.021484851837158203e-01;-1.739585399627685547e-01;2.054384946823120117e-01
3.359889388084411621e-01;-1.249229982495307922e-01;3.947722911834716797e-01
3.774226307868957520e-01;-2.687286138534545898e-01;1.354425549507141113e-01
6.500692665576934814e-02;-3.588349521160125732e-01;3.606166243553161621e-01
2.150062173604965210e-01;-4.949092864990234375e-02;3.910368680953979492e-01
8.189274370670318604e-02;-3.824213147163391113e-01;1.633712947368621826e-01
-2.618581987917423248e-02;3.075553178787231445e-01;-3.182369768619537354e-01
-6.905221939086914062e-02;3.214633464813232422e-01;-2.233885079622268677e-01
6.034201383590698242e-02;4.316563308238983154e-01;-2.284332960844039917e-01
-1.920260936021804810e-01;3.432064950466156006e-01;-3.698540329933166504e-01
-7.071635872125625610e-02;4.316280782222747803e-01;-1.713610440492630005e-01
9.126053005456924438e-02;1.624193191528320312e-01;-2.074510604143142700e-01
-1.915374398231506348e-01;2.830871939659118652e-01;-1.760285347700119019e-01
-6.475275009870529175e-02;3.574659228324890137e-01;-1.014535874128341675e-01
4.599073529243469238e-02;1.074437201023101807e-01;-2.340110242366790771e-01
1.395633630454540253e-02;4.316751956939697266e-01;-9.856060147285461426e-02
3.939557075500488281e-01;1.722826063632965088e-01;-1.084909886121749878e-01
4.137900769710540771e-01;1.450875848531723022e-01;-2.035306990146636963e-01
4.187613725662231445e-01;4.997199773788452148e-02;-1.446613818407058716e-01
2.705301940441131592e-01;1.059217676520347595e-01;-4.076421260833740234e-03
2.260651737451553345e-01;1.835246682167053223e-01;-1.604510396718978882e-01
4.834781587123870850e-01;4.449418187141418457e-02;1.562386006116867065e-02
5.106524229049682617e-01;3.219277560710906982e-01;-1.768094301223754883e-01
2.008164376020431519e-01;2.221711874008178711e-01;-1.396803408861160278e-01
2.312949746847152710e-01;2.123457044363021851e-01;7.301948964595794678e-03
5.791440010070800781e-01;2.601642310619354248e-01;-2.267678081989288330e-02
-1.287583708763122559e-01;1.963723218068480492e-03;-3.096842207014560699e-02
-7.560711354017257690e-02;-1.357836574316024780e-01;-2.512918785214424133e-03
-1.766170412302017212e-01;-5.315594002604484558e-02;1.204368993639945984e-01
-6.910168379545211792e-02;-7.759714126586914062e-02;1.121475026011466980e-01
-2.157927304506301880e-01;-8.486911654472351074e-02;-2.109685987234115601e-01
-1.453768163919448853e-01;-8.954238146543502808e-02;1.673771589994430542e-01
-4.872875660657882690e-02;1.503248661756515503e-01;1.440291404724121094e-01
-1.448490321636199951e-01;2.383982092142105103e-01;2.483450435101985931e-02
-2.604462802410125732e-01;4.549182206392288208e-02;-2.456455230712890625e-01
6.883859634399414062e-02;-1.084555983543395996e-01;1.092380508780479431e-01
7.284716367721557617e-01;-4.245905578136444092e-01;-3.812156319618225098e-01
7.763434648513793945e-01;-4.259007275104522705e-01;-3.001219332218170166e-01
5.874775052070617676e-01;-4.267408549785614014e-01;-3.738324642181396484e-01
6.679881811141967773e-01;-2.207750678062438965e-01;-3.123279809951782227e-01
5.261620283126831055e-01;-4.238424897193908691e-01;-2.083586454391479492e-01
7.708132863044738770e-01;-3.887905776500701904e-01;-1.011103391647338867e-01
5.408392548561096191e-01;-2.353349179029464722e-01;-2.351251393556594849e-01
4.872624576091766357e-01;-2.089497298002243042e-01;-4.049916267395019531e-01
7.024235129356384277e-01;-4.279886186122894287e-01;-3.851506114006042480e-02
5.034781098365783691e-01;-1.256725192070007324e-01;-3.381952643394470215e-01
-1.756704002618789673e-01;-4.199953377246856689e-01;-3.744625449180603027e-01
-1.183790192008018494e-01;-4.200340509414672852e-01;-2.854751050472259521e-01
-2.519106268882751465e-01;-3.635379672050476074e-01;-4.245379567146301270e-01
-7.538042217493057251e-02;-3.456665277481079102e-01;-3.140121996402740479e-01
-3.823606669902801514e-02;-3.533976078033447266e-01;-3.175801932811737061e-01
-9.715127944946289062e-02;-2.297807335853576660e-01;-3.142914474010467529e-01
-1.384156793355941772e-01;-4.200653433799743652e-01;-1.587703824043273926e-01
-2.169959545135498047e-01;-1.763639599084854126e-01;-4.245057106018066406e-01
-6.175339221954345703e-04;-2.245779186487197876e-01;-3.855840563774108887e-01
-5.100354552268981934e-03;-4.201588630676269531e-01;-1.638905256986618042e-01
-2.209141999483108521e-01;3.966182172298431396e-01;1.500361114740371704e-01
-1.922457665205001831e-01;3.587533831596374512e-01;1.413733810186386108e-01
-1.150207296013832092e-01;3.967087268829345703e-01;1.157455444335937500e-01
-2.638685405254364014e-01;3.213945031166076660e-01;5.808477848768234253e-02
-3.059646189212799072e-01;3.596546649932861328e-01;3.463075309991836548e-02
-2.450586110353469849e-01;3.211439549922943115e-01;2.322597801685333252e-02
-3.157366216182708740e-01;4.316100776195526123e-01;-6.727829575538635254e-03
-3.038701117038726807e-01;2.126848101615905762e-01;1.051285937428474426e-01
-1.448490321636199951e-01;2.383982092142105103e-01;2.483449876308441162e-02
-3.067750334739685059e-01;2.275206297636032104e-01;2.918252348899841309e-01
