-3.872727751731872559e-01;-2.080970704555511475e-01;-4.448963105678558350e-01
-3.388403952121734619e-01;-3.142021968960762024e-02;-4.455124437808990479e-01
-4.376262128353118896e-01;-6.460604816675186157e-02;5.101702809333801270e-01
-3.515019118785858154e-01;2.875940799713134766e-01;-4.292303323745727539e-01
-3.245139420032501221e-01;3.910045698285102844e-02;-4.416333734989166260e-01
-4.810620248317718506e-01;2.426914423704147339e-01;-5.168139934539794922e-01
-3.495390415191650391e-01;-4.007929563522338867e-01;-4.252218008041381836e-01
1.838658899068832397e-01;-1.065515875816345215e-01;-1.167638972401618958e-02
1.863653957843780518e-01;-1.156094670295715332e-01;5.748423188924789429e-02
-4.089248776435852051e-01;-2.155021727085113525e-01;4.687435328960418701e-01
1.848251074552536011e-01;2.639309167861938477e-01;-5.072291969554498792e-06
2.038424313068389893e-01;1.490612775087356567e-01;-4.281799122691154480e-02
-3.286115527153015137e-01;5.754196047782897949e-01;4.833098649978637695e-01
-2.631919085979461670e-01;1.738764047622680664e-01;3.746787905693054199e-01
-3.606211841106414795e-01;6.205618381500244141e-01;-4.503215849399566650e-01
-4.211328923702239990e-01;-3.647762238979339600e-01;5.031495690345764160e-01
1.824401170015335083e-01;3.631761074066162109e-01;3.143195062875747681e-02
-2.400248348712921143e-01;-9.192515909671783447e-02;3.712730407714843750e-01
1.885189563035964966e-01;3.414422571659088135e-01;5.708464235067367554e-02
-3.236842155456542969e-01;4.317464530467987061e-01;4.826729893684387207e-01
-2.419569492340087891e-01;1.449362039566040039e-01;4.019465446472167969e-01
-2.758378684520721436e-01;-2.436384856700897217e-01;3.549900352954864502e-01
9.387514740228652954e-02;1.019108742475509644e-01;7.853063941001892090e-02
7.368985563516616821e-02;-1.473807543516159058e-01;7.185045629739761353e-02
7.099220156669616699e-02;6.638939678668975830e-02;4.362307116389274597e-02
1.112117916345596313e-01;-1.799622774124145508e-01;-6.137163564562797546e-02
-2.272243946790695190e-01;-2.461456954479217529e-01;-3.283648788928985596e-01
-2.570771276950836182e-01;3.206797689199447632e-02;-3.950794637203216553e-01
-2.836061120033264160e-01;4.586700499057769775e-01;3.821357190608978271e-01
-3.241157829761505127e-01;1.926707476377487183e-01;3.606345057487487793e-01
2.177273929119110107e-01;3.458748757839202881e-01;1.156036481261253357e-01
-2.432888746261596680e-01;3.819045424461364746e-01;3.716319203376770020e-01
1.975927799940109253e-01;-4.303769171237945557e-01;-1.985452510416507721e-02
-2.617920041084289551e-01;-3.759847581386566162e-01;-3.653855025768280029e-01
-2.904849052429199219e-01;-6.262185573577880859e-01;4.779861867427825928e-01
-3.664204776287078857e-01;-3.432195484638214111e-01;-3.697069287300109863e-01
3.648171201348304749e-02;5.143713951110839844e-02;1.366399675607681274e-01
-3.761526942253112793e-01;-4.714769124984741211e-01;4.233401417732238770e-01
2.547305822372436523e-01;-7.445886135101318359e-01;4.760942459106445312e-01
-5.779265239834785461e-02;6.548044830560684204e-02;-1.954954415559768677e-01
-1.081349924206733704e-01;8.412832021713256836e-02;-1.715884059667587280e-01
1.924449503421783447e-01;5.232940316200256348e-01;3.448544535785913467e-03
-3.117865696549415588e-02;-9.745565801858901978e-02;2.153136730194091797e-01
1.155597567558288574e-01;4.739002883434295654e-01;-5.076469853520393372e-02
1.091499254107475281e-01;-4.455578923225402832e-01;9.700258821249008179e-02
1.962609440088272095e-01;-5.136615037918090820e-01;-6.576653569936752319e-03
-4.796217083930969238e-01;3.292540833353996277e-02;-4.773636460304260254e-01
-3.205385506153106689e-01;-3.140134513378143311e-01;3.369168639183044434e-01
-3.972218558192253113e-02;-1.072768401354551315e-02;-1.165759786963462830e-01
-1.948734819889068604e-01;-1.339567638933658600e-02;2.411556094884872437e-01
1.132465004920959473e-01;4.492134451866149902e-01;1.015270724892616272e-01
1.581805646419525146e-01;-5.570484325289726257e-02;1.738970875740051270e-01
2.553800642490386963e-01;7.617854475975036621e-01;-4.354805946350097656e-01
1.686728000640869141e-01;-1.602090597152709961e-01;-1.262202262878417969e-01
-1.406351327896118164e-01;2.725345790386199951e-01;2.663102447986602783e-01
2.091253548860549927e-01;-5.014806985855102539e-01;-4.426279291510581970e-02
-2.388858050107955933e-01;2.804111838340759277e-01;-3.927716612815856934e-01
-1.846104711294174194e-01;-2.272984236478805542e-01;3.887974023818969727e-01
-2.052887342870235443e-02;-2.057951688766479492e-02;-6.698167324066162109e-02
9.469152241945266724e-02;5.229332447052001953e-01;6.281886994838714600e-02
2.301312685012817383e-01;-4.002489149570465088e-01;1.500700712203979492e-01
-3.384182602167129517e-02;9.156946837902069092e-02;2.402393072843551636e-01
-4.495828747749328613e-01;-1.521731913089752197e-02;-4.296952784061431885e-01
-4.593842327594757080e-01;6.906957626342773438e-01;-4.993847608566284180e-01
-1.534335464239120483e-01;-3.286787569522857666e-01;-2.243766486644744873e-01
1.324981153011322021e-01;-7.445263266563415527e-01;4.761002063751220703e-01
-6.137919053435325623e-02;-1.816989481449127197e-01;1.664190739393234253e-01
2.448317110538482666e-01;-1.030729040503501892e-01;-1.370261758565902710e-01
-2.896764874458312988e-01;-6.967052817344665527e-01;4.779579043388366699e-01
-2.993410453200340271e-02;1.957762092351913452e-01;-3.577815741300582886e-02
2.461532056331634521e-01;1.658163666725158691e-01;-1.450251787900924683e-01
-1.798272430896759033e-01;-2.645162045955657959e-01;-1.966967731714248657e-01
-3.130976110696792603e-02;-1.600769162178039551e-01;4.552752897143363953e-02
2.550823986530303955e-01;7.636349201202392578e-01;-4.127860367298126221e-01
2.119256705045700073e-01;5.716613531112670898e-01;-5.408670380711555481e-02
4.366479814052581787e-02;4.868758320808410645e-01;-7.711082696914672852e-02
-3.579060137271881104e-01;-6.977013945579528809e-01;-4.062384366989135742e-01
1.572239100933074951e-01;7.613597512245178223e-01;4.761005342006683350e-01
-1.849456317722797394e-02;-2.806739509105682373e-01;-1.617221981287002563e-01
-2.853476405143737793e-01;-4.506695568561553955e-01;3.154442310333251953e-01
-8.498198352754116058e-03;-4.811496436595916748e-01;-5.516331177204847336e-03
-1.521247327327728271e-01;4.096172749996185303e-01;-1.914961785078048706e-01
4.779188334941864014e-02;-4.456867277622222900e-01;-9.426574409008026123e-02
-2.031798660755157471e-01;-7.103013992309570312e-02;4.320566356182098389e-01
1.452862769365310669e-01;4.280648231506347656e-01;1.660336405038833618e-01
2.538490891456604004e-01;7.641054391860961914e-01;4.556441903114318848e-01
-4.103145897388458252e-01;7.555001378059387207e-01;5.107460021972656250e-01
-2.224456518888473511e-01;1.849965453147888184e-01;-3.878721594810485840e-01
-1.035081520676612854e-01;2.821255922317504883e-01;-2.698975801467895508e-01
6.185977533459663391e-02;3.770292699337005615e-01;-1.383191794157028198e-01
-4.574822783470153809e-01;2.632747404277324677e-02;4.703930914402008057e-01
-2.502955198287963867e-01;-2.288537174463272095e-01;2.593978047370910645e-01
2.512641549110412598e-01;7.729867696762084961e-01;4.241863191127777100e-01
-2.747030258178710938e-01;1.484626531600952148e-01;2.701938748359680176e-01
-2.478965185582637787e-02;-4.661985635757446289e-01;2.117209322750568390e-02
2.327123284339904785e-01;5.383623242378234863e-01;1.703322976827621460e-01
-1.437120437622070312e-01;-4.471494257450103760e-01;-2.386738955974578857e-01
2.434654533863067627e-01;3.246056139469146729e-01;1.934626400470733643e-01
2.335635870695114136e-01;5.508507490158081055e-01;-1.247902065515518188e-01
-2.101722918450832367e-02;-7.499366402626037598e-01;-4.354847967624664307e-01
8.926860056817531586e-03;-3.130261898040771484e-01;2.077518552541732788e-01
1.353749334812164307e-01;5.554852485656738281e-01;1.447233259677886963e-01
2.527685463428497314e-01;-7.534188628196716309e-01;-3.818588256835937500e-01
2.440042346715927124e-01;-3.245863318443298340e-01;-1.569809466600418091e-01
2.401680052280426025e-01;7.536906003952026367e-01;4.340269267559051514e-01
1.792264431715011597e-01;8.953577280044555664e-02;2.132055610418319702e-01
-1.891534328460693359e-01;2.883314192295074463e-01;2.073989510536193848e-01
1.398070156574249268e-01;-5.021151900291442871e-01;1.705147624015808105e-01
-7.731948047876358032e-02;4.111271202564239502e-01;1.329424977302551270e-01
-4.637534618377685547e-01;-5.482650995254516602e-01;5.035299658775329590e-01
1.715508848428726196e-01;2.931262850761413574e-01;-1.619374305009841919e-01
-1.385295540094375610e-01;4.639837443828582764e-01;2.901697754859924316e-01
1.792683005332946777e-01;-1.976291239261627197e-01;-1.645870357751846313e-01
2.260822504758834839e-01;6.169794201850891113e-01;-1.028663739562034607e-01
1.719173789024353027e-01;-3.721776306629180908e-01;-1.607554256916046143e-01
2.383577823638916016e-01;-7.329418659210205078e-01;-3.924730420112609863e-01
4.000508785247802734e-02;2.700040340423583984e-01;2.292854338884353638e-01
-4.370971918106079102e-01;-1.557827889919281006e-01;-3.832415938377380371e-01
-1.015465632081031799e-01;1.669699400663375854e-01;1.122506186366081238e-01
-2.484892606735229492e-01;-6.208586692810058594e-01;-4.354362785816192627e-01
1.312297284603118896e-01;7.688485383987426758e-01;-3.951911926269531250e-01
-3.646110594272613525e-01;-5.083546414971351624e-02;-3.102444708347320557e-01
-1.415409445762634277e-01;-3.528487086296081543e-01;-1.319169402122497559e-01
-9.745974093675613403e-02;-2.070673406124114990e-01;-5.907300487160682678e-02
2.367599904537200928e-01;7.543964982032775879e-01;-3.712971806526184082e-01
2.360216379165649414e-01;-7.343432903289794922e-01;4.168432056903839111e-01
-9.124100208282470703e-02;-4.562432467937469482e-01;2.665637433528900146e-01
-2.240446507930755615e-01;-6.429706811904907227e-01;-3.972283899784088135e-01
2.504247725009918213e-01;-7.602651119232177734e-01;3.928391039371490479e-01
2.528027594089508057e-01;4.496680945158004761e-02;-1.849235147237777710e-01
2.497546374797821045e-01;7.790510058403015137e-01;3.958369791507720947e-01
-2.180770784616470337e-01;-6.449438333511352539e-01;3.348277807235717773e-01
-1.399168521165847778e-01;-4.972517788410186768e-01;1.888593882322311401e-01
-3.041222095489501953e-01;4.703810811042785645e-02;-2.425767779350280762e-01
2.199958115816116333e-01;-7.140975594520568848e-01;-4.354808032512664795e-01
-2.166004478931427002e-01;4.298120141029357910e-01;-3.921653330326080322e-01
-2.719609439373016357e-01;7.119341492652893066e-01;-3.205029368400573730e-01
2.347960174083709717e-01;7.640292644500732422e-01;-3.482134044170379639e-01
2.370552420616149902e-01;-6.135914921760559082e-01;-1.595015525817871094e-01
1.891699731349945068e-01;9.095876663923263550e-02;-1.928872168064117432e-01
2.290053069591522217e-01;6.552578210830688477e-01;1.686758697032928467e-01
-3.021003305912017822e-01;5.724304914474487305e-01;-2.612850069999694824e-01
2.528927326202392578e-01;-7.066454291343688965e-01;-3.626423478126525879e-01
3.311349824070930481e-02;-7.565014362335205078e-01;4.325135052204132080e-01
2.554115056991577148e-01;-6.846726536750793457e-01;4.760958254337310791e-01
9.881566464900970459e-02;-6.595862507820129395e-01;1.079080700874328613e-01
-8.694194257259368896e-02;-5.319916605949401855e-01;2.155269980430603027e-01
-1.161753758788108826e-01;6.923953443765640259e-02;-3.357946574687957764e-01
-3.198971599340438843e-02;-5.468323826789855957e-01;1.761509180068969727e-01
-9.504842013120651245e-02;-7.518517971038818359e-01;4.761030375957489014e-01
1.404684484004974365e-01;-7.576556205749511719e-01;-3.697597384452819824e-01
1.558186672627925873e-02;-7.055325508117675781e-01;-2.364472858607769012e-02
-2.384508252143859863e-01;6.452246308326721191e-01;-4.354449808597564697e-01
-1.635113358497619629e-01;5.064143538475036621e-01;-3.442122638225555420e-01
-2.426484823226928711e-01;-2.837075293064117432e-01;2.271040230989456177e-01
-1.067002024501562119e-02;-2.850294113159179688e-01;2.769869565963745117e-01
2.477391958236694336e-01;-7.686882615089416504e-01;3.680946230888366699e-01
4.571731388568878174e-02;6.212645173072814941e-01;-1.260541677474975586e-01
1.215061098337173462e-01;-8.547804504632949829e-02;2.490203827619552612e-01
-1.103934422135353088e-01;4.265798032283782959e-01;9.946294873952865601e-02
-5.138656124472618103e-02;7.676574587821960449e-01;4.760988354682922363e-01
2.482371181249618530e-01;7.876591682434082031e-01;-3.147571086883544922e-01
-9.670887887477874756e-02;7.684973478317260742e-01;-4.354846477508544922e-01
-6.013423576951026917e-02;5.231339931488037109e-01;-2.176838368177413940e-01
2.498695850372314453e-01;-7.156554460525512695e-01;-3.207164406776428223e-01
-2.347441017627716064e-01;7.188234329223632812e-01;3.491020500659942627e-01
2.467695623636245728e-01;7.862882614135742188e-01;3.677300810813903809e-01
-1.303493380546569824e-01;6.029720902442932129e-01;1.797752380371093750e-01
2.546117305755615234e-01;-1.050794646143913269e-01;2.529838681221008301e-01
-3.572548329830169678e-01;-2.410722374916076660e-01;-2.743254303932189941e-01
2.469732612371444702e-01;-5.776367187500000000e-01;-2.284525781869888306e-01
-1.768705435097217560e-02;-3.559180721640586853e-02;-2.801061868667602539e-01
-7.985557615756988525e-02;-7.255451083183288574e-01;7.860389351844787598e-02
1.724547445774078369e-01;4.743975400924682617e-01;-2.070137709379196167e-01
2.439346313476562500e-01;6.215395927429199219e-01;2.616948485374450684e-01
2.471072226762771606e-01;6.659781932830810547e-01;-2.568417787551879883e-01
-1.706293672323226929e-01;2.890322506427764893e-01;1.427074074745178223e-01
-1.123068183660507202e-01;3.375525474548339844e-01;5.759392678737640381e-02
3.243802860379219055e-02;7.889412045478820801e-01;4.967714473605155945e-02
2.459106892347335815e-01;7.895498871803283691e-01;3.567665517330169678e-01
-1.661273539066314697e-01;-6.392231583595275879e-01;-2.151007652282714844e-01
-4.568882286548614502e-01;-6.337596178054809570e-01;5.191756486892700195e-01
-1.149374172091484070e-01;-3.932107090950012207e-01;3.563098236918449402e-02
2.452515065670013428e-01;7.938802242279052734e-01;-2.944004535675048828e-01
6.740072369575500488e-02;8.169116079807281494e-02;-2.411161214113235474e-01
-2.638811804354190826e-02;6.831060051918029785e-01;-1.014750674366950989e-01
-1.423588097095489502e-01;-5.604472160339355469e-01;-3.445651531219482422e-01
2.499018907546997070e-01;-4.757586717605590820e-01;-2.268336117267608643e-01
-1.569416970014572144e-01;7.100622355937957764e-02;4.219930469989776611e-01
2.444151192903518677e-01;-7.772673964500427246e-01;3.363794982433319092e-01
8.132749795913696289e-02;-6.460765749216079712e-02;-2.349945008754730225e-01
-2.510600984096527100e-01;-7.710284590721130371e-01;-2.984254360198974609e-01
-1.416783779859542847e-01;-7.718402147293090820e-01;-3.599557280540466309e-02
2.433867752552032471e-01;-6.982556581497192383e-01;2.828994989395141602e-01
-4.382193088531494141e-02;6.763085126876831055e-01;1.524700075387954712e-01
2.424759417772293091e-01;-7.817536592483520508e-01;3.241225481033325195e-01
1.483592838048934937e-01;-7.137324810028076172e-01;1.634824872016906738e-01
2.309547513723373413e-01;7.856131196022033691e-01;3.291339874267578125e-01
-1.336097419261932373e-01;-7.106152176856994629e-01;-4.089336395263671875e-01
2.517820298671722412e-01;4.758647084236145020e-01;-2.403042912483215332e-01
-3.542554080486297607e-01;4.642936289310455322e-01;-4.479576945304870605e-01
-3.343252539634704590e-01;2.469474971294403076e-01;-4.443515837192535400e-01
-3.274489939212799072e-01;-3.578703999519348145e-01;-4.418002367019653320e-01
1.806053221225738525e-01;1.417284309864044189e-01;7.241860777139663696e-02
-2.547328174114227295e-01;4.041731357574462891e-02;3.808157145977020264e-01
1.389614641666412354e-01;-7.664459198713302612e-02;2.765151858329772949e-02
-3.778340220451354980e-01;-6.253635287284851074e-01;-4.561909437179565430e-01
2.012234628200531006e-01;-5.273521877825260162e-03;9.544377028942108154e-02
1.556219756603240967e-01;2.748924773186445236e-03;-3.626582026481628418e-02
-2.533683180809020996e-01;1.151134744286537170e-01;3.792007863521575928e-01
-3.536995351314544678e-01;-1.857963651418685913e-01;4.224835634231567383e-01
1.295429468154907227e-01;1.344327926635742188e-01;-1.104977447539567947e-02
1.336804926395416260e-01;-2.783158235251903534e-02;-1.957659050822257996e-02
1.517359018325805664e-01;-2.739214897155761719e-01;4.529844969511032104e-02
-2.322702109813690186e-01;1.949602067470550537e-01;3.688904941082000732e-01
1.254434585571289062e-01;2.758995890617370605e-01;1.672735065221786499e-02
1.791531890630722046e-01;2.920777201652526855e-01;7.586546987295150757e-02
-3.357383310794830322e-01;4.420442581176757812e-01;4.107849895954132080e-01
1.228420734405517578e-01;3.649185299873352051e-01;-1.041629817336797714e-02
-2.725030779838562012e-01;-3.153989017009735107e-01;3.853677809238433838e-01
1.400104463100433350e-01;-3.718851506710052490e-01;-3.541348874568939209e-02
1.325576454401016235e-01;4.347235560417175293e-01;2.836703322827816010e-02
2.093227505683898926e-01;2.448593080043792725e-01;-9.063024073839187622e-02
1.697602421045303345e-01;-3.606889545917510986e-01;-5.774542689323425293e-02
2.267779558897018433e-01;5.307839438319206238e-02;-1.089919432997703552e-01
-1.944449543952941895e-01;-1.022849380970001221e-01;3.644191026687622070e-01
2.262375652790069580e-01;-2.174319922924041748e-01;1.366587281227111816e-01
-3.909067213535308838e-01;-4.555557668209075928e-01;4.351514279842376709e-01
1.232404336333274841e-01;-4.273179471492767334e-01;-1.245156861841678619e-02
1.772189438343048096e-01;-4.368016421794891357e-01;7.691516727209091187e-02
2.248341143131256104e-01;-1.398750096559524536e-01;-1.068685203790664673e-01
-2.934427261352539062e-01;-5.062224864959716797e-01;3.884585201740264893e-01
1.499281674623489380e-01;-4.525316357612609863e-01;-4.702780768275260925e-02
2.147302925586700439e-01;3.006144762039184570e-01;-1.046543866395950317e-01
2.388618886470794678e-01;-8.026116527616977692e-03;1.652196198701858521e-01
1.489697396755218506e-01;-5.058114528656005859e-01;5.126306414604187012e-02
1.289719939231872559e-01;-5.149129033088684082e-01;2.537899836897850037e-02
1.772336214780807495e-01;4.912065267562866211e-01;-7.979892194271087646e-02
2.251034080982208252e-01;-2.950567901134490967e-01;-1.224778816103935242e-01
1.531346291303634644e-01;5.627468228340148926e-01;6.008727848529815674e-02
2.381664812564849854e-01;7.612355351448059082e-01;-4.354825019836425781e-01
2.578971982002258301e-01;7.491200566291809082e-01;-4.354797899723052979e-01
2.285225242376327515e-01;4.218531847000122070e-01;1.602410376071929932e-01
2.468917518854141235e-01;7.631360888481140137e-01;-4.223960041999816895e-01
2.574929296970367432e-01;7.647792100906372070e-01;-4.107661843299865723e-01
1.364722847938537598e-01;-5.499225854873657227e-01;-4.121020808815956116e-02
2.185599207878112793e-01;-4.048473238945007324e-01;-1.280391365289688110e-01
2.420721352100372314e-01;-1.695064902305603027e-01;1.793768703937530518e-01
2.370145022869110107e-01;2.530713379383087158e-01;-1.442821770906448364e-01
-2.627594769001007080e-01;-6.158632636070251465e-01;3.803682327270507812e-01
-4.176797270774841309e-01;7.705551385879516602e-01;-4.720197021961212158e-01
1.140585690736770630e-01;6.211616992950439453e-01;-6.314816419035196304e-03
1.664625257253646851e-01;-7.459515333175659180e-01;-4.213336408138275146e-01
1.563969105482101440e-01;-6.131533980369567871e-01;6.795517355203628540e-02
2.446142733097076416e-01;2.854909300804138184e-01;2.023272961378097534e-01
1.805364191532135010e-01;-5.778826475143432617e-01;-9.977360814809799194e-02
2.482294291257858276e-01;-7.535952329635620117e-01;-3.807840347290039062e-01
1.512760818004608154e-01;6.443380713462829590e-01;6.639552861452102661e-02
2.108275592327117920e-01;7.677659988403320312e-01;-3.930876851081848145e-01
2.071131914854049683e-01;5.710792541503906250e-01;-1.329358816146850586e-01
2.413799613714218140e-01;-4.082508683204650879e-01;2.094186991453170776e-01
-1.101754903793334961e-01;-2.992396354675292969e-01;3.425734639167785645e-01
2.360824346542358398e-01;-5.251881480216979980e-01;2.040892541408538818e-01
1.104206442832946777e-01;7.688628435134887695e-01;-3.988012373447418213e-01
1.518422663211822510e-01;7.705866694450378418e-01;-3.858029842376708984e-01
-7.932992279529571533e-02;-1.020433381199836731e-01;3.369750380516052246e-01
-2.488364130258560181e-01;7.086257934570312500e-01;3.772011399269104004e-01
2.569588422775268555e-01;-7.123622894287109375e-01;-4.118920266628265381e-01
2.497474253177642822e-01;7.768043279647827148e-01;-3.536789417266845703e-01
-1.508742868900299072e-01;-4.728875458240509033e-01;3.533213436603546143e-01
2.295740097761154175e-01;6.262807846069335938e-01;2.048995792865753174e-01
2.351144552230834961e-01;-7.113121151924133301e-01;-4.354797899723052979e-01
-7.995638251304626465e-02;-7.907124161720275879e-01;-6.110509857535362244e-04
2.452192902565002441e-01;4.279821515083312988e-01;2.349802702665328979e-01
2.124920040369033813e-01;6.711801290512084961e-01;1.624450385570526123e-01
-4.611089825630187988e-02;8.166890740394592285e-01;3.450840339064598083e-02
2.047037333250045776e-01;-6.618436574935913086e-01;1.452743858098983765e-01
-3.018310666084289551e-01;7.865397930145263672e-01;-3.736923635005950928e-01
1.329866349697113037e-01;7.059766650199890137e-01;5.207038670778274536e-02
-1.547555476427078247e-01;7.590687870979309082e-01;-4.354874193668365479e-01
-1.213793829083442688e-01;-7.768494486808776855e-01;1.970638707280158997e-02
2.460314184427261353e-01;3.712788820266723633e-01;-2.019164413213729858e-01
2.542028725147247314e-01;7.186928391456604004e-01;-3.741885125637054443e-01
-2.190074473619461060e-01;-7.678760886192321777e-01;-3.923438787460327148e-01
-8.973765186965465546e-03;-7.565372586250305176e-01;-3.918662369251251221e-01
-7.374074310064315796e-02;-7.554965615272521973e-01;-4.125426709651947021e-01
-8.152507944032549858e-04;8.303113579750061035e-01;7.466007769107818604e-02
2.343323081731796265e-01;6.526022553443908691e-01;-2.367154508829116821e-01
-2.261820435523986816e-02;-8.062457442283630371e-01;9.117498248815536499e-02
-9.525217115879058838e-02;-7.861491441726684570e-01;-3.587023541331291199e-02
9.174014441668987274e-03;8.330745697021484375e-01;-1.589859090745449066e-02
2.206896692514419556e-01;-7.509054541587829590e-01;3.576011359691619873e-01
2.490720599889755249e-01;7.693276405334472656e-01;3.516587018966674805e-01
-3.051284551620483398e-01;-7.678779959678649902e-01;-3.405748605728149414e-01
2.497974783182144165e-01;-3.545498549938201904e-01;2.508625686168670654e-01
-3.990469872951507568e-01;-7.094437479972839355e-01;4.305950701236724854e-01
2.553595602512359619e-01;-6.829537153244018555e-01;-3.939574062824249268e-01
2.430865466594696045e-01;-7.519823908805847168e-01;-3.073888123035430908e-01
-7.443505525588989258e-02;3.298782706260681152e-01;3.391880393028259277e-01
1.331612020730972290e-01;7.297660112380981445e-01;-6.742365658283233643e-02
