-1.634280234575271606e-01;-6.718335151672363281e-01;-5.477396249771118164e-01
-2.394878566265106201e-01;-6.752366423606872559e-01;-5.504136681556701660e-01
-1.753948926925659180e-01;-5.572721362113952637e-01;-5.476012825965881348e-01
-1.327015310525894165e-01;-5.665922164916992188e-01;-5.007413029670715332e-01
-3.185316622257232666e-01;-6.420971155166625977e-01;-5.642610788345336914e-01
-2.089107781648635864e-01;-6.698724031448364258e-01;-3.896220028400421143e-01
-2.424437254667282104e-01;-5.081790089607238770e-01;-5.088911056518554688e-01
-1.990291923284530640e-01;-6.676470637321472168e-01;-3.460403382778167725e-01
-3.829720616340637207e-01;-6.032994985580444336e-01;-5.323583483695983887e-01
-1.851393729448318481e-01;-4.807259142398834229e-01;-4.047460854053497314e-01
2.561282813549041748e-01;-6.979008316993713379e-01;1.170683801174163818e-01
2.542828619480133057e-01;-6.990225911140441895e-01;9.415489435195922852e-02
2.598074674606323242e-01;-6.944490075111389160e-01;1.525422185659408569e-01
2.213670760393142700e-01;-6.944249868392944336e-01;1.388804167509078979e-01
2.210322469472885132e-01;-6.911364793777465820e-01;1.405129134654998779e-01
1.916740685701370239e-01;-6.940196156501770020e-01;1.189271658658981323e-01
2.386137992143630981e-01;-6.907325387001037598e-01;4.807282984256744385e-02
2.493642717599868774e-01;-7.014755010604858398e-01;2.572208642959594727e-02
1.608915925025939941e-01;-6.924317479133605957e-01;1.131335496902465820e-01
1.593913286924362183e-01;-6.924819350242614746e-01;1.059794053435325623e-01
-1.579178571701049805e-01;7.071985006332397461e-01;4.494128525257110596e-01
-1.735523790121078491e-01;6.509869694709777832e-01;4.965494275093078613e-01
-1.284888237714767456e-01;6.367653608322143555e-01;4.474007189273834229e-01
-1.104305386543273926e-01;6.464493274688720703e-01;4.122200608253479004e-01
-2.227202206850051880e-01;6.352712512016296387e-01;4.641776382923126221e-01
-2.045853883028030396e-01;6.976707577705383301e-01;3.633437454700469971e-01
-1.851923018693923950e-01;6.966791749000549316e-01;3.220492601394653320e-01
-2.319786399602890015e-01;5.225995779037475586e-01;4.574854373931884766e-01
-3.671344518661499023e-01;6.976295113563537598e-01;6.152440309524536133e-01
-6.995215266942977905e-02;5.388597249984741211e-01;2.611768245697021484e-01
1.118261516094207764e-01;-5.164635181427001953e-01;-2.184089571237564087e-01
5.492895469069480896e-02;-5.631648898124694824e-01;-1.216960251331329346e-01
2.124275863170623779e-01;-5.079378485679626465e-01;-1.084132790565490723e-01
1.201404035091400146e-01;-6.343345642089843750e-01;-1.009163483977317810e-01
1.309717446565628052e-02;-3.801546394824981689e-01;-2.623313069343566895e-01
1.965958178043365479e-01;-5.273520946502685547e-01;-6.602616608142852783e-02
2.704963386058807373e-01;-4.432097673416137695e-01;-1.833120286464691162e-01
-5.530543625354766846e-02;-6.122769117355346680e-01;-2.476846724748611450e-01
6.030865013599395752e-02;-3.433862626552581787e-01;-1.304679512977600098e-01
1.768770962953567505e-01;-6.477901339530944824e-01;-5.654743313789367676e-02
-3.804336190223693848e-01;-3.840171992778778076e-01;-6.002214550971984863e-01
-3.212870061397552490e-01;-3.789657354354858398e-01;-5.662794709205627441e-01
-3.542363345623016357e-01;-4.374035894870758057e-01;-5.006526708602905273e-01
-3.823980391025543213e-01;-5.009075403213500977e-01;-5.972250699996948242e-01
-3.631123602390289307e-01;-2.561529576778411865e-01;-5.936175584793090820e-01
-3.044947087764739990e-01;-3.385952711105346680e-01;-4.926407635211944580e-01
-2.376324683427810669e-01;-3.589989840984344482e-01;-5.112157464027404785e-01
-1.864200234413146973e-01;-3.884825110435485840e-01;-5.475991368293762207e-01
-2.424437254667282104e-01;-5.081790089607238770e-01;-5.088911056518554688e-01
-3.829720616340637207e-01;-6.032994985580444336e-01;-5.323583483695983887e-01
-1.403246968984603882e-01;3.966477811336517334e-01;-4.967643916606903076e-01
-2.045824527740478516e-01;2.811778187751770020e-01;-4.656067490577697754e-01
-2.911678850650787354e-01;4.513643383979797363e-01;-4.002861082553863525e-01
-5.059046298265457153e-02;4.474603831768035889e-01;-3.317039608955383301e-01
-1.868938803672790527e-01;2.093431651592254639e-01;-4.586861431598663330e-01
-1.452155709266662598e-01;5.886198878288269043e-01;-4.163822233676910400e-01
-1.672548353672027588e-01;5.989474654197692871e-01;-5.476490855216979980e-01
-1.499257981777191162e-01;5.257055163383483887e-01;-2.962809503078460693e-01
-1.576786488294601440e-01;2.207676470279693604e-01;-3.268965482711791992e-01
-3.734734952449798584e-01;3.354199528694152832e-01;-5.588036775588989258e-01
-9.247717261314392090e-02;-1.270471662282943726e-01;-1.700034886598587036e-01
-5.876513570547103882e-02;-9.429650753736495972e-02;-2.127390652894973755e-01
2.044767141342163086e-03;-3.866840898990631104e-02;-1.706012785434722900e-01
-1.916975528001785278e-02;-2.438284605741500854e-01;-1.198462992906570435e-01
-1.452822834253311157e-01;-9.621873497962951660e-03;-2.823711037635803223e-01
3.231267631053924561e-02;-2.691415548324584961e-01;-2.100024968385696411e-01
-4.993081092834472656e-04;-6.675088405609130859e-02;-3.295744061470031738e-01
-7.488273084163665771e-03;-3.026856184005737305e-01;-1.749769151210784912e-01
2.832464873790740967e-02;-2.454692423343658447e-01;-3.273288011550903320e-01
1.119897514581680298e-01;-6.784304976463317871e-02;-7.723435759544372559e-02
2.679184079170227051e-01;3.656591475009918213e-01;1.662864834070205688e-01
1.805402934551239014e-01;3.619275987148284912e-01;8.935866504907608032e-02
1.979129314422607422e-01;2.595224976539611816e-01;1.553042829036712646e-01
2.467831820249557495e-01;2.434286177158355713e-01;1.026526317000389099e-01
2.240241616964340210e-01;4.650825560092926025e-01;7.342971861362457275e-02
2.128673642873764038e-01;4.416773915290832520e-01;3.789202868938446045e-02
2.710904777050018311e-01;2.051859200000762939e-01;2.035454213619232178e-01
2.542698979377746582e-01;4.872916638851165771e-01;3.914748132228851318e-02
1.848729252815246582e-01;2.312037050724029541e-01;7.231400161981582642e-02
1.186748445034027100e-01;2.597016990184783936e-01;1.289236247539520264e-01
-9.812743216753005981e-02;4.086401760578155518e-01;4.049290418624877930e-01
-1.979637742042541504e-01;4.101589918136596680e-01;4.567570388317108154e-01
-7.993713766336441040e-02;2.870289981365203857e-01;4.352774024009704590e-01
-1.087191328406333923e-01;2.807011306285858154e-01;3.458511829376220703e-01
-1.708152592182159424e-01;3.097556829452514648e-01;5.318321585655212402e-01
-2.169087827205657959e-01;3.676963746547698975e-01;5.356840491294860840e-01
-2.319786250591278076e-01;5.225995779037475586e-01;4.574854373931884766e-01
-2.339049577713012695e-01;3.254685103893280029e-01;5.011944770812988281e-01
-2.236810922622680664e-01;2.794159352779388428e-01;4.590973258018493652e-01
-6.995215266942977905e-02;5.388597249984741211e-01;2.611768245697021484e-01
-4.455658495426177979e-01;-4.446658790111541748e-01;6.184993982315063477e-01
-3.739951848983764648e-01;-6.044583320617675781e-01;5.526794791221618652e-01
-3.070631623268127441e-01;-4.051203429698944092e-01;4.860215187072753906e-01
-2.718799710273742676e-01;-3.288629353046417236e-01;5.453880429267883301e-01
-2.730189859867095947e-01;-3.140882253646850586e-01;4.790158271789550781e-01
-1.928831338882446289e-01;-4.875208735466003418e-01;5.785102844238281250e-01
-2.268444150686264038e-01;-4.859205782413482666e-01;4.325881898403167725e-01
-3.103696107864379883e-01;-2.574281096458435059e-01;4.302079975605010986e-01
-1.848778724670410156e-01;-6.168171167373657227e-01;5.787589550018310547e-01
-1.591527163982391357e-01;-4.409919679164886475e-01;4.863159060478210449e-01
-9.434062987565994263e-02;-2.864443138241767883e-02;4.354863464832305908e-01
-1.491826325654983521e-01;-1.221959441900253296e-01;4.450508058071136475e-01
-3.091257065534591675e-02;3.001403808593750000e-02;3.438093960285186768e-01
-1.866884380578994751e-01;2.322405576705932617e-02;3.649362027645111084e-01
-1.467188149690628052e-01;1.118946671485900879e-01;4.441295564174652100e-01
-2.425201833248138428e-01;5.801569670438766479e-03;5.004576444625854492e-01
-1.602259874343872070e-01;-1.714088320732116699e-01;3.671064674854278564e-01
-1.076243892312049866e-01;-1.962116807699203491e-01;4.763241112232208252e-01
-1.861004382371902466e-01;-1.039396822452545166e-01;5.784358382225036621e-01
-1.507549136877059937e-01;1.649110615253448486e-01;4.355407953262329102e-01
5.768252536654472351e-02;-1.479948759078979492e-01;2.080876976251602173e-01
-3.750670701265335083e-03;-8.096059411764144897e-02;1.943582594394683838e-01
-1.223046705126762390e-02;-1.805572360754013062e-01;1.105978637933731079e-01
9.056068956851959229e-02;-2.589542865753173828e-01;2.771887481212615967e-01
5.276913195848464966e-02;-2.833296656608581543e-01;1.244421303272247314e-01
-7.218711078166961670e-02;-2.470604926347732544e-01;1.866825371980667114e-01
2.105023264884948730e-01;-3.747989237308502197e-02;2.450837492942810059e-01
9.425312280654907227e-02;4.876483976840972900e-02;2.649943530559539795e-01
2.691673636436462402e-01;-1.686329543590545654e-01;1.953471004962921143e-01
2.610070109367370605e-01;-1.104203239083290100e-01;1.180911958217620850e-01
8.384114503860473633e-02;5.934195518493652344e-01;-1.514382064342498779e-01
2.010802179574966431e-01;5.669296979904174805e-01;-1.142462566494941711e-01
5.362289398908615112e-02;4.825486838817596436e-01;-9.313014149665832520e-02
2.032227516174316406e-01;6.138147115707397461e-01;-1.022559180855751038e-01
2.090051621198654175e-01;6.568549275398254395e-01;-1.382434964179992676e-01
3.851787000894546509e-02;4.832465350627899170e-01;-2.368084639310836792e-01
2.004495263099670410e-01;5.332378745079040527e-01;-5.409376323223114014e-02
1.848641037940979004e-01;7.235438823699951172e-01;-1.204386129975318909e-01
1.710159629583358765e-01;7.064785361289978027e-01;-5.230446904897689819e-02
1.468320041894912720e-01;7.239222526550292969e-01;-3.875584900379180908e-02
