3.069843053817749023e-01;-7.231964468955993652e-01;6.186659336090087891e-01
1.045325100421905518e-01;-7.332044839859008789e-01;5.646318793296813965e-01
1.488992571830749512e-02;-7.372885346412658691e-01;5.565239191055297852e-01
-1.443761587142944336e-02;-7.337309122085571289e-01;6.186701059341430664e-01
6.379753351211547852e-03;-6.824511885643005371e-01;3.376877605915069580e-01
2.676913142204284668e-01;-5.989511609077453613e-01;2.197639346122741699e-01
2.187586128711700439e-01;-4.622214436531066895e-01;2.601341605186462402e-01
-9.646764397621154785e-02;-6.239989399909973145e-01;4.324171245098114014e-01
-1.116178631782531738e-01;-7.434489727020263672e-01;4.341036975383758545e-01
3.122881054878234863e-02;-5.063543319702148438e-01;3.015448749065399170e-01
3.056936264038085938e-01;6.999183893203735352e-01;5.918254256248474121e-01
3.038710057735443115e-01;7.034566998481750488e-01;5.508461594581604004e-01
2.481305599212646484e-02;7.052913904190063477e-01;6.186689138412475586e-01
-8.479982614517211914e-03;5.610302686691284180e-01;4.729889035224914551e-01
2.862205505371093750e-01;5.537045598030090332e-01;2.527665197849273682e-01
2.730868756771087646e-01;5.673148632049560547e-01;2.432475686073303223e-01
2.935827672481536865e-01;4.496173560619354248e-01;2.590622305870056152e-01
-1.089279055595397949e-01;5.915929079055786133e-01;6.186724305152893066e-01
-1.110819578170776367e-01;6.506607532501220703e-01;4.492393434047698975e-01
2.198882400989532471e-01;4.642795920372009277e-01;2.222027182579040527e-01
-4.178805649280548096e-01;3.722218051552772522e-02;6.885348558425903320e-01
-4.071969389915466309e-01;1.985853910446166992e-02;5.887596011161804199e-01
-3.506452441215515137e-01;-1.275793910026550293e-01;6.482762694358825684e-01
-3.274553418159484863e-01;8.436981588602066040e-02;5.314232110977172852e-01
-2.859917283058166504e-01;-8.426246047019958496e-02;5.902789235115051270e-01
-2.827500104904174805e-01;3.939714282751083374e-03;5.058341622352600098e-01
-3.285200893878936768e-01;8.277603238821029663e-02;4.647137522697448730e-01
-3.665208220481872559e-01;2.962186932563781738e-01;6.286605000495910645e-01
-1.457388997077941895e-01;1.143314540386199951e-01;5.158682465553283691e-01
-1.300565600395202637e-01;-8.827359974384307861e-02;5.645781755447387695e-01
3.059717118740081787e-01;7.061941623687744141e-01;-4.645566940307617188e-01
2.641834616661071777e-01;7.021650671958923340e-01;-5.128912329673767090e-01
3.082803487777709961e-01;7.001657485961914062e-01;-5.376780033111572266e-01
3.061910569667816162e-01;6.992849707603454590e-01;-5.402001738548278809e-01
2.922814190387725830e-01;6.992533206939697266e-01;-5.517460107803344727e-01
2.163421660661697388e-01;7.036550045013427734e-01;-5.058925151824951172e-01
3.063872456550598145e-01;6.985066533088684082e-01;-5.672848820686340332e-01
3.092121183872222900e-01;6.864692568778991699e-01;-5.672856569290161133e-01
2.846405804157257080e-01;6.982487440109252930e-01;-5.672843456268310547e-01
1.933826953172683716e-01;7.031004428863525391e-01;-5.184952616691589355e-01
-3.386031985282897949e-01;6.448600292205810547e-01;5.348257422447204590e-01
-3.854260146617889404e-01;5.802596807479858398e-01;5.635240674018859863e-01
-2.722170650959014893e-01;7.092304229736328125e-01;5.057433843612670898e-01
-2.817166149616241455e-01;7.167956233024597168e-01;6.287609338760375977e-01
-2.244914174079895020e-01;5.343953371047973633e-01;6.207122206687927246e-01
-1.296327412128448486e-01;6.411547064781188965e-01;4.856175482273101807e-01
-3.790329396724700928e-01;4.488448500633239746e-01;6.645164489746093750e-01
-1.110819578170776367e-01;6.506607532501220703e-01;4.492393434047698975e-01
-1.089278906583786011e-01;5.915929079055786133e-01;6.186724305152893066e-01
-2.349247485399246216e-01;4.586738348007202148e-01;3.997259140014648438e-01
-2.429259568452835083e-01;7.171505689620971680e-01;-4.903901815414428711e-01
-1.700040549039840698e-01;7.176409363746643066e-01;-4.685914814472198486e-01
-3.162655234336853027e-01;7.006516456604003906e-01;-4.390171766281127930e-01
-3.080682158470153809e-01;6.462821364402770996e-01;-5.154939889907836914e-01
-2.902811467647552490e-01;7.163337469100952148e-01;-5.788246393203735352e-01
-2.886132597923278809e-01;6.423182487487792969e-01;-5.773664712905883789e-01
-1.407808065414428711e-01;6.443707942962646484e-01;-4.010635912418365479e-01
-2.397496104240417480e-01;5.706391930580139160e-01;-5.696220397949218750e-01
-1.497776657342910767e-01;5.897839665412902832e-01;-5.672342181205749512e-01
-6.901253759860992432e-02;6.971138119697570801e-01;-5.672883987426757812e-01
-3.693106025457382202e-02;-2.663573324680328369e-01;-2.448306530714035034e-01
-3.433584049344062805e-02;-3.232798576354980469e-01;-2.972889244556427002e-01
7.025733590126037598e-03;-3.483610749244689941e-01;-1.726562678813934326e-01
8.641025424003601074e-02;-2.725019454956054688e-01;-2.384841740131378174e-01
-1.378550827503204346e-01;-1.967041194438934326e-01;-2.014164626598358154e-01
-8.198077976703643799e-02;-1.637613773345947266e-01;-1.670835763216018677e-01
-1.847036778926849365e-01;-2.549239695072174072e-01;-2.919549345970153809e-01
-6.550706923007965088e-03;-2.371411919593811035e-01;-6.699062883853912354e-02
-3.445668891072273254e-02;-4.336671233177185059e-01;-3.238219022750854492e-01
-1.254610121250152588e-01;-2.511427998542785645e-01;-4.234332740306854248e-01
-2.824716456234455109e-02;-2.971884310245513916e-01;4.628085792064666748e-01
-1.004487574100494385e-01;-2.337778210639953613e-01;5.108276605606079102e-01
-1.429106444120407104e-01;-2.502834200859069824e-01;4.324674606323242188e-01
-1.546365916728973389e-01;-3.181664943695068359e-01;4.821553528308868408e-01
-1.600158065557479858e-01;-3.214931786060333252e-01;3.852589428424835205e-01
-5.940240621566772461e-02;-4.615578055381774902e-01;4.725367724895477295e-01
1.028548739850521088e-02;-4.382416903972625732e-01;3.701326847076416016e-01
-8.913350105285644531e-02;-2.385378032922744751e-01;3.024559020996093750e-01
-9.394550323486328125e-02;-1.163158118724822998e-01;4.681186974048614502e-01
-1.339378505945205688e-01;-4.487056732177734375e-01;3.763404488563537598e-01
-2.095637656748294830e-02;2.286555171012878418e-01;3.498212099075317383e-01
-2.745213359594345093e-02;2.482679635286331177e-01;2.492501884698867798e-01
-1.064891815185546875e-01;1.195765659213066101e-01;3.049783408641815186e-01
1.260890066623687744e-01;2.196080684661865234e-01;3.314159214496612549e-01
-1.680051684379577637e-01;1.613560765981674194e-01;4.126036167144775391e-01
-1.262872815132141113e-01;1.601996570825576782e-01;4.744538664817810059e-01
1.172296702861785889e-03;2.498985230922698975e-01;1.707819551229476929e-01
-3.016023151576519012e-02;4.069172739982604980e-01;3.894660472869873047e-01
6.536561250686645508e-02;6.063365936279296875e-02;3.346049785614013672e-01
-1.446037441492080688e-01;1.414833962917327881e-01;4.661772549152374268e-01
2.862311899662017822e-01;5.156551599502563477e-01;-1.676287651062011719e-01
2.698831260204315186e-01;4.801188409328460693e-01;-2.109258621931076050e-01
2.924957871437072754e-01;4.605209529399871826e-01;-1.999173611402511597e-01
2.827241122722625732e-01;4.684757888317108154e-01;-9.623501449823379517e-02
2.576651573181152344e-01;4.028932750225067139e-01;-1.362694650888442993e-01
2.157370448112487793e-01;6.170821189880371094e-01;-1.082633286714553833e-01
1.438911706209182739e-01;5.321086645126342773e-01;-1.983008533716201782e-01
2.187003195285797119e-01;3.883749544620513916e-01;-8.992844820022583008e-02
2.155484110116958618e-01;5.147727727890014648e-01;-1.788005232810974121e-02
1.580660045146942139e-01;4.068456590175628662e-01;-1.265915334224700928e-01
6.379744503647089005e-03;-6.824511885643005371e-01;3.376877605915069580e-01
-9.646765142679214478e-02;-6.239989399909973145e-01;4.324171245098114014e-01
-1.116178631782531738e-01;-7.434489727020263672e-01;4.341036975383758545e-01
3.122881799936294556e-02;-5.063543319702148438e-01;3.015448749065399170e-01
8.354883641004562378e-02;-5.131383538246154785e-01;2.573999762535095215e-01
4.797575995326042175e-03;-4.802754819393157959e-01;2.501746118068695068e-01
-1.429179757833480835e-01;-6.003047227859497070e-01;4.853571653366088867e-01
1.488991454243659973e-02;-7.372885346412658691e-01;5.565239191055297852e-01
1.028548926115036011e-02;-4.382416903972625732e-01;3.701326847076416016e-01
1.045325025916099548e-01;-7.332044839859008789e-01;5.646318793296813965e-01
-4.631819725036621094e-01;-1.612450033426284790e-01;-6.596514582633972168e-01
-4.200629591941833496e-01;-1.635716110467910767e-01;-5.883280038833618164e-01
-4.670323431491851807e-01;-4.967038333415985107e-02;-6.624858975410461426e-01
-3.484115302562713623e-01;-1.648611873388290405e-01;-5.983042716979980469e-01
-4.260298311710357666e-01;-3.757218718528747559e-01;-6.392691135406494141e-01
-2.623544633388519287e-01;-2.242488712072372437e-01;-5.346438288688659668e-01
-2.526110708713531494e-01;-5.886451154947280884e-02;-5.734561681747436523e-01
-3.129783272743225098e-01;8.326366543769836426e-03;-5.161023736000061035e-01
-2.415721714496612549e-01;1.633702218532562256e-02;-5.695431828498840332e-01
-2.793505191802978516e-01;-3.696025162935256958e-02;-4.557987153530120850e-01
-2.032763361930847168e-01;-2.707863971590995789e-02;3.417474925518035889e-01
-1.294361650943756104e-01;7.700759917497634888e-03;2.375548332929611206e-01
-1.416152119636535645e-01;1.654264703392982483e-02;4.775153100490570068e-01
-1.298061460256576538e-01;-1.069187223911285400e-01;4.684484004974365234e-01
-4.216322302818298340e-02;-3.405979648232460022e-02;2.905083596706390381e-01
-1.064891815185546875e-01;1.195765584707260132e-01;3.049783408641815186e-01
-2.827500104904174805e-01;3.939714282751083374e-03;5.058341622352600098e-01
-1.407407373189926147e-01;8.633136749267578125e-02;4.762933850288391113e-01
-9.394550323486328125e-02;-1.163158118724822998e-01;4.681186974048614502e-01
-1.680051684379577637e-01;1.613560765981674194e-01;4.126036167144775391e-01
-2.512887716293334961e-01;4.227071702480316162e-01;-5.689319968223571777e-01
-3.158370852470397949e-01;2.238734364509582520e-01;-5.833576917648315430e-01
-3.158671259880065918e-01;2.238555103540420532e-01;-5.833683013916015625e-01
-2.505702078342437744e-01;1.219536364078521729e-02;-5.666947364807128906e-01
-3.158463835716247559e-01;2.238680124282836914e-01;-5.833719968795776367e-01
-1.504992097616195679e-01;1.530960500240325928e-01;-5.091104507446289062e-01
-3.158673048019409180e-01;2.238720953464508057e-01;-5.833643078804016113e-01
-2.407992482185363770e-01;2.535072565078735352e-01;-5.334151387214660645e-01
-3.158806264400482178e-01;2.238804847002029419e-01;-5.833361148834228516e-01
-3.158629536628723145e-01;2.238758057355880737e-01;-5.833572149276733398e-01
2.794817686080932617e-01;-5.630251169204711914e-01;-1.993001401424407959e-01
3.030990660190582275e-01;-7.299659252166748047e-01;-5.072749853134155273e-01
3.032445311546325684e-01;-7.299065589904785156e-01;-5.072475075721740723e-01
2.871608138084411621e-01;-7.196596264839172363e-01;-5.205133557319641113e-01
3.031653165817260742e-01;-7.298650145530700684e-01;-5.072083473205566406e-01
2.237764000892639160e-01;-7.272903919219970703e-01;-5.527183413505554199e-01
3.032823801040649414e-01;-7.299554944038391113e-01;-5.072100162506103516e-01
2.639257907867431641e-02;-7.241268157958984375e-01;-5.546569228172302246e-01
3.032081127166748047e-01;-7.299513220787048340e-01;-5.073484778404235840e-01
3.031731843948364258e-01;-7.299417257308959961e-01;-5.072831511497497559e-01
2.535088956356048584e-01;9.274266660213470459e-02;-3.285541012883186340e-02
2.127103358507156372e-01;3.667417541146278381e-02;5.900675058364868164e-02
2.126660197973251343e-01;3.664599731564521790e-02;5.899165198206901550e-02
2.253205478191375732e-01;6.542946398258209229e-02;1.246691048145294189e-01
2.126961946487426758e-01;3.666093572974205017e-02;5.898952484130859375e-02
2.519386410713195801e-01;-4.545655846595764160e-02;-4.793221130967140198e-02
2.126634120941162109e-01;3.666695207357406616e-02;5.898468568921089172e-02
2.877569496631622314e-01;-8.003617823123931885e-02;1.004632636904716492e-01
2.126562297344207764e-01;3.667817264795303345e-02;5.903697013854980469e-02
2.126778215169906616e-01;3.667013347148895264e-02;5.900312215089797974e-02
-2.388463318347930908e-01;-3.682329952716827393e-01;-5.687940120697021484e-01
-3.842897415161132812e-01;-4.661594629287719727e-01;-5.819415450096130371e-01
-3.843300938606262207e-01;-4.661726057529449463e-01;-5.819553732872009277e-01
-2.657786011695861816e-01;-6.242390871047973633e-01;-5.762924551963806152e-01
-3.843050301074981689e-01;-4.661704599857330322e-01;-5.819556713104248047e-01
-2.968990504741668701e-01;-5.900589823722839355e-01;-4.642939567565917969e-01
-3.843224942684173584e-01;-4.661650061607360840e-01;-5.819599032402038574e-01
-2.417837530374526978e-01;-4.070947766304016113e-01;-5.237239003181457520e-01
-3.843205869197845459e-01;-4.661560058593750000e-01;-5.819247364997863770e-01
-3.843105137348175049e-01;-4.661645293235778809e-01;-5.819438695907592773e-01
-2.325866967439651489e-01;-4.749891757965087891e-01;4.944079816341400146e-01
-3.411003053188323975e-01;-6.680861711502075195e-01;5.382269024848937988e-01
-3.411206305027008057e-01;-6.681033968925476074e-01;5.382286310195922852e-01
-2.965495288372039795e-01;-6.307700872421264648e-01;5.975785255432128906e-01
-3.411208391189575195e-01;-6.681101322174072266e-01;5.382230877876281738e-01
-2.436102479696273804e-01;-7.015200257301330566e-01;5.058314204216003418e-01
-3.411316573619842529e-01;-6.680905222892761230e-01;5.382198691368103027e-01
-1.978209316730499268e-01;-6.198832988739013672e-01;6.231858134269714355e-01
-3.411304652690887451e-01;-6.680961847305297852e-01;5.382592678070068359e-01
-3.411080539226531982e-01;-6.680899262428283691e-01;5.382445454597473145e-01
1.994597911834716797e-01;-6.640776991844177246e-01;-6.163205206394195557e-02
1.814615577459335327e-01;-7.636937499046325684e-01;4.643881320953369141e-02
1.814136654138565063e-01;-7.637120485305786133e-01;4.642952606081962585e-02
1.790406703948974609e-01;-7.599918842315673828e-01;3.202844411134719849e-02
1.814376860857009888e-01;-7.637103199958801270e-01;4.643007367849349976e-02
1.639765053987503052e-01;-7.606992721557617188e-01;-4.693944752216339111e-02
1.814256906509399414e-01;-7.637058496475219727e-01;4.642539471387863159e-02
2.408349215984344482e-01;-6.947716474533081055e-01;1.152246817946434021e-01
1.814251542091369629e-01;-7.636948227882385254e-01;4.646051675081253052e-02
1.814322918653488159e-01;-7.637108564376831055e-01;4.642816632986068726e-02
1.480686366558074951e-01;7.340350151062011719e-01;-2.722406387329101562e-02
1.233102977275848389e-01;7.289522886276245117e-01;7.901973277330398560e-02
1.231107637286186218e-01;7.288473844528198242e-01;7.898421585559844971e-02
1.445391774177551270e-01;7.276539206504821777e-01;6.428343057632446289e-02
1.232130974531173706e-01;7.288339138031005859e-01;7.894892245531082153e-02
1.878678202629089355e-01;7.295799255371093750e-01;-1.416136324405670166e-02
1.230812519788742065e-01;7.289225459098815918e-01;7.894293218851089478e-02
2.215076535940170288e-01;6.245934963226318359e-01;6.379601359367370605e-02
1.231268197298049927e-01;7.289320826530456543e-01;7.914634048938751221e-02
1.231931522488594055e-01;7.289078235626220703e-01;7.902326434850692749e-02
-8.201554417610168457e-02;4.605043530464172363e-01;-4.353871047496795654e-01
-1.998326182365417480e-02;3.565087318420410156e-01;-2.520520985126495361e-01
-1.995627209544181824e-02;3.565239906311035156e-01;-2.520446777343750000e-01
1.472113579511642456e-01;3.096340894699096680e-01;-2.208934575319290161e-01
-1.998269185423851013e-02;3.565179407596588135e-01;-2.520343959331512451e-01
1.564904153347015381e-01;4.088039100170135498e-01;-1.289972960948944092e-01
-1.996873319149017334e-02;3.565143048763275146e-01;-2.520468235015869141e-01
-2.537833712995052338e-02;2.364608496427536011e-01;-3.734204769134521484e-01
-1.996773667633533478e-02;3.565056920051574707e-01;-2.520560324192047119e-01
-1.996603608131408691e-02;3.565133213996887207e-01;-2.520420849323272705e-01
-1.331069767475128174e-01;-6.307075023651123047e-01;-5.198373198509216309e-01
-1.216263771057128906e-01;-7.429742217063903809e-01;-3.847942054271697998e-01
-1.216567903757095337e-01;-7.429921030998229980e-01;-3.848007321357727051e-01
-2.035892754793167114e-01;-7.361658811569213867e-01;-3.924748897552490234e-01
-1.216399669647216797e-01;-7.429932951927185059e-01;-3.848083913326263428e-01
-4.073753952980041504e-02;-6.120706796646118164e-01;-2.858111262321472168e-01
-1.216742396354675293e-01;-7.429734468460083008e-01;-3.848069608211517334e-01
-2.239115387201309204e-01;-6.802273392677307129e-01;-4.915751814842224121e-01
-1.216601207852363586e-01;-7.429740428924560547e-01;-3.847741484642028809e-01
-1.216472387313842773e-01;-7.429763078689575195e-01;-3.847919404506683350e-01
2.999758124351501465e-01;-2.089633643627166748e-01;2.156995832920074463e-01
2.976343631744384766e-01;-3.676424622535705566e-01;2.326490283012390137e-01
2.975937128067016602e-01;-3.676684498786926270e-01;2.326438426971435547e-01
1.056898683309555054e-01;-3.047273755073547363e-01;3.036714196205139160e-01
2.976123392581939697e-01;-3.676666319370269775e-01;2.326387166976928711e-01
2.538828849792480469e-01;-4.335157275199890137e-01;9.730209410190582275e-02
2.975909709930419922e-01;-3.676531314849853516e-01;2.326399385929107666e-01
2.243060916662216187e-01;-4.641832411289215088e-01;2.582114636898040771e-01
2.975912392139434814e-01;-3.676496446132659912e-01;2.326815724372863770e-01
2.976088523864746094e-01;-3.676522076129913330e-01;2.326526194810867310e-01
2.856320738792419434e-01;5.538758039474487305e-01;2.513328194618225098e-01
2.936095595359802246e-01;4.496227502822875977e-01;2.590510249137878418e-01
2.935652732849121094e-01;4.495966136455535889e-01;2.590419352054595947e-01
2.202688306570053101e-01;4.629106819629669189e-01;2.230956554412841797e-01
2.935871481895446777e-01;4.495989978313446045e-01;2.590370178222656250e-01
2.446546852588653564e-01;4.554768502712249756e-01;8.962009847164154053e-02
2.935656905174255371e-01;4.496124684810638428e-01;2.590340077877044678e-01
2.902217805385589600e-01;3.457677960395812988e-01;2.482794225215911865e-01
2.935667037963867188e-01;4.496188759803771973e-01;2.590807676315307617e-01
2.935820519924163818e-01;4.496087431907653809e-01;2.590472996234893799e-01
-3.569779992103576660e-01;-1.253042966127395630e-01;6.579406857490539551e-01
-3.845966160297393799e-01;-3.034170269966125488e-01;5.886727571487426758e-01
-3.846773803234100342e-01;-3.034511804580688477e-01;5.886470079421997070e-01
-2.394086271524429321e-01;-4.576289057731628418e-01;5.052192211151123047e-01
-3.846190869808197021e-01;-3.034363090991973877e-01;5.886417627334594727e-01
-3.112562596797943115e-01;-3.048900067806243896e-01;5.270992517471313477e-01
-3.846675455570220947e-01;-3.034271597862243652e-01;5.886530280113220215e-01
-2.588624358177185059e-01;-2.260101437568664551e-01;5.332080125808715820e-01
-3.846761882305145264e-01;-3.034043908119201660e-01;5.887067317962646484e-01
-3.846591114997863770e-01;-3.034273087978363037e-01;5.886537432670593262e-01
-1.129429936408996582e-01;6.523530483245849609e-01;4.554633796215057373e-01
-8.534232154488563538e-03;5.610276460647583008e-01;4.729976058006286621e-01
-8.441744372248649597e-03;5.610665082931518555e-01;4.730143249034881592e-01
-2.896956913173198700e-02;4.069347679615020752e-01;3.927621841430664062e-01
-8.495191112160682678e-03;5.610678791999816895e-01;4.730334579944610596e-01
-3.317058831453323364e-02;5.830450057983398438e-01;3.145526945590972900e-01
-8.460821583867073059e-03;5.610445737838745117e-01;4.730220735073089600e-01
-1.706675589084625244e-01;3.930447697639465332e-01;4.897941350936889648e-01
-8.469350636005401611e-03;5.610308051109313965e-01;4.729660153388977051e-01
-8.475669659674167633e-03;5.610538721084594727e-01;4.730150997638702393e-01
2.921805977821350098e-01;-2.780243456363677979e-01;-2.020682990550994873e-01
2.840624749660491943e-01;-3.749258518218994141e-01;-2.067493945360183716e-01
2.840542197227478027e-01;-3.749244511127471924e-01;-2.067485153675079346e-01
2.835911512374877930e-01;-3.732936084270477295e-01;-2.057623416185379028e-01
2.840486168861389160e-01;-3.749242722988128662e-01;-2.067422717809677124e-01
2.796814739704132080e-01;-4.450819790363311768e-01;-8.586321026086807251e-02
2.840754091739654541e-01;-3.749350011348724365e-01;-2.067476511001586914e-01
2.497609853744506836e-01;-3.434216678142547607e-01;-7.678782939910888672e-02
2.840632200241088867e-01;-3.749298751354217529e-01;-2.067511379718780518e-01
2.840593159198760986e-01;-3.749373257160186768e-01;-2.067547589540481567e-01
7.169850915670394897e-02;-1.853995919227600098e-01;2.314643263816833496e-01
3.296542447060346603e-03;-2.207007706165313721e-01;1.239680871367454529e-01
3.237137105315923691e-03;-2.207249253988265991e-01;1.239466816186904907e-01
5.903727933764457703e-02;-3.854058980941772461e-01;4.733367264270782471e-02
3.275345545262098312e-03;-2.207310646772384644e-01;1.239390969276428223e-01
1.322126239538192749e-01;-1.615406870841979980e-01;6.004144251346588135e-02
3.218400757759809494e-03;-2.206999808549880981e-01;1.239391043782234192e-01
-7.682789117097854614e-02;-2.904824018478393555e-01;2.620055377483367920e-01
3.245567437261343002e-03;-2.206984758377075195e-01;1.239940598607063293e-01
3.259782213717699051e-03;-2.207043915987014771e-01;1.239630654454231262e-01
-1.695963367819786072e-02;2.390064299106597900e-01;-3.632869124412536621e-01
4.672972485423088074e-02;3.756581991910934448e-02;-2.729103863239288330e-01
4.671783372759819031e-02;3.756530582904815674e-02;-2.729164659976959229e-01
9.803049266338348389e-02;-3.132522478699684143e-02;-1.618563532829284668e-01
4.672678932547569275e-02;3.756726905703544617e-02;-2.729139328002929688e-01
1.247107535600662231e-01;1.539888083934783936e-01;-4.528661072254180908e-02
4.672690108418464661e-02;3.756457939743995667e-02;-2.729078531265258789e-01
-1.307373940944671631e-01;1.812057197093963623e-02;-2.507183849811553955e-01
4.672367125749588013e-02;3.756932914257049561e-02;-2.729154825210571289e-01
4.671805724501609802e-02;3.756306692957878113e-02;-2.729198634624481201e-01
-2.832987010478973389e-01;-2.832431346178054810e-02;-4.613999724388122559e-01
-2.646165192127227783e-01;-6.755277514457702637e-02;-3.366698324680328369e-01
-2.646458745002746582e-01;-6.756938993930816650e-02;-3.366615772247314453e-01
-1.830095946788787842e-01;-2.515310645103454590e-01;-2.954952716827392578e-01
-2.646481692790985107e-01;-6.759341061115264893e-02;-3.366759121417999268e-01
-1.384763568639755249e-01;1.627258956432342529e-02;-2.648017704486846924e-01
-2.646610438823699951e-01;-6.756787002086639404e-02;-3.366803526878356934e-01
-2.676003873348236084e-01;-1.765465587377548218e-01;-4.049786925315856934e-01
-2.646333277225494385e-01;-6.757446378469467163e-02;-3.366526067256927490e-01
-2.646272778511047363e-01;-6.757141649723052979e-02;-3.366543054580688477e-01
-2.373998016119003296e-01;3.992305099964141846e-01;6.176826357841491699e-01
-3.347972631454467773e-01;3.291034102439880371e-01;5.336619615554809570e-01
-3.348092734813690186e-01;3.290907144546508789e-01;5.336582660675048828e-01
-3.265428245067596436e-01;8.070671558380126953e-02;5.271632671356201172e-01
-3.348000347614288330e-01;3.291133046150207520e-01;5.336573719978332520e-01
-1.366613656282424927e-01;3.385670185089111328e-01;4.744084775447845459e-01
-3.348053991794586182e-01;3.291013538837432861e-01;5.336653590202331543e-01
-1.982726007699966431e-01;4.012537002563476562e-01;4.891307353973388672e-01
-3.348257839679718018e-01;3.291119635105133057e-01;5.336686372756958008e-01
-3.348191976547241211e-01;3.291090726852416992e-01;5.336590409278869629e-01
6.673942506313323975e-02;3.532639741897583008e-01;1.801027655601501465e-01
6.178748607635498047e-02;2.914282083511352539e-01;7.262308895587921143e-02
6.174220144748687744e-02;2.914011180400848389e-01;7.261432707309722900e-02
6.296215951442718506e-02;1.316401064395904541e-01;1.409660577774047852e-01
6.176038458943367004e-02;2.914037406444549561e-01;7.260748744010925293e-02
2.410434335470199585e-01;3.453910946846008301e-01;4.353856295347213745e-02
6.174379214644432068e-02;2.914158701896667480e-01;7.260899245738983154e-02
-3.021311014890670776e-03;2.480295598506927490e-01;1.698933839797973633e-01
6.174643337726593018e-02;2.914223670959472656e-01;7.264695316553115845e-02
6.175721436738967896e-02;2.914118170738220215e-01;7.261620461940765381e-02
