3.122809827327728271e-01;-6.766907125711441040e-02;-1.552317477762699127e-02
2.405084073543548584e-01;-1.918971538543701172e-04;-2.180372178554534912e-02
3.045137226581573486e-01;-1.336878389120101929e-01;-9.291318058967590332e-02
2.769000828266143799e-01;3.028830140829086304e-02;-4.371191561222076416e-02
2.478661388158798218e-01;-1.566459685564041138e-01;-4.706122726202011108e-02
3.184074163436889648e-01;2.399724721908569336e-02;5.973116308450698853e-02
3.269600868225097656e-01;2.345222979784011841e-02;8.190896362066268921e-02
2.231442034244537354e-01;-1.771940588951110840e-01;8.821934461593627930e-04
3.175572752952575684e-01;-1.913711726665496826e-01;-8.927924185991287231e-02
3.043860197067260742e-01;7.037854939699172974e-02;3.879550844430923462e-02
-3.867150843143463135e-01;7.178210020065307617e-01;-5.789510607719421387e-01
-3.361701667308807373e-01;7.631054520606994629e-01;-4.509149491786956787e-01
-2.667772471904754639e-01;6.389342546463012695e-01;-4.880253374576568604e-01
-2.929255664348602295e-01;7.664368748664855957e-01;-4.191979765892028809e-01
-2.009250223636627197e-01;6.594962477684020996e-01;-5.011155605316162109e-01
-2.258832156658172607e-01;7.790498137474060059e-01;-4.065885245800018311e-01
-3.111743927001953125e-01;4.909042716026306152e-01;-5.261586308479309082e-01
-2.701250016689300537e-01;5.040671229362487793e-01;-4.505959749221801758e-01
-3.692372739315032959e-01;4.265817999839782715e-01;-5.673428177833557129e-01
-1.026326715946197510e-01;7.743532061576843262e-01;-5.261136889457702637e-01
1.496149152517318726e-01;8.547528982162475586e-01;1.169814611785113811e-03
1.463080793619155884e-01;8.346807956695556641e-01;-2.924689091742038727e-02
1.236518919467926025e-01;8.420711755752563477e-01;2.648749761283397675e-02
1.564607471227645874e-01;8.540490269660949707e-01;5.963867902755737305e-02
1.258150041103363037e-01;7.879557609558105469e-01;-1.307022385299205780e-02
1.673513948917388916e-01;8.505158424377441406e-01;-6.921678036451339722e-02
1.022441387176513672e-01;8.265492916107177734e-01;6.916866451501846313e-02
1.671793162822723389e-01;8.329691290855407715e-01;9.347751736640930176e-02
1.862611323595046997e-01;8.230115771293640137e-01;-1.102014929056167603e-01
2.004034519195556641e-01;8.153949379920959473e-01;-1.158338934183120728e-01
-1.714156121015548706e-01;-4.496318101882934570e-02;-5.254878401756286621e-01
-1.944330483675003052e-01;-8.095305413007736206e-02;-4.872266352176666260e-01
-2.019929587841033936e-01;-1.126558333635330200e-01;-4.554155170917510986e-01
-1.532289534807205200e-01;-1.876289397478103638e-01;-5.254233479499816895e-01
-2.744756340980529785e-01;-1.738027483224868774e-01;-5.174188017845153809e-01
-2.577496767044067383e-01;-8.741281926631927490e-02;-3.879573941230773926e-01
-1.452845782041549683e-01;1.787203550338745117e-01;-5.250449180603027344e-01
-3.409898281097412109e-01;1.366633921861648560e-01;-5.185354948043823242e-01
-4.122627079486846924e-01;6.647834181785583496e-02;-5.193938612937927246e-01
-8.367814868688583374e-02;-3.015927374362945557e-01;-4.703778326511383057e-01
-2.733495831489562988e-01;3.665484860539436340e-02;5.457022190093994141e-01
-2.485995888710021973e-01;1.096728444099426270e-01;4.756400287151336670e-01
-1.478610634803771973e-01;1.006820984184741974e-02;4.132494032382965088e-01
-1.612387448549270630e-01;-7.904887199401855469e-02;4.408497512340545654e-01
-3.613365888595581055e-01;-1.309515535831451416e-01;5.060093998908996582e-01
-1.018165647983551025e-01;-3.917224332690238953e-02;4.741952121257781982e-01
-1.719796806573867798e-01;1.383399516344070435e-01;3.861202299594879150e-01
-3.510398268699645996e-01;2.662117481231689453e-01;5.000885725021362305e-01
-3.989503383636474609e-01;-1.923758089542388916e-01;5.521808862686157227e-01
-1.371452510356903076e-01;-1.366567313671112061e-01;4.021002650260925293e-01
8.234940469264984131e-02;-4.161858260631561279e-01;-3.309988975524902344e-01
1.812100857496261597e-01;-4.238108098506927490e-01;-2.263637036085128784e-01
-7.234923541545867920e-02;-4.406114220619201660e-01;-2.894879281520843506e-01
1.512874364852905273e-01;-4.462230503559112549e-01;-1.840893328189849854e-01
-3.655588626861572266e-02;-3.752494454383850098e-01;-1.809528917074203491e-01
-7.366523146629333496e-03;-5.894787907600402832e-01;-3.672407865524291992e-01
1.440086066722869873e-01;-3.674801886081695557e-01;-1.408622413873672485e-01
3.918089345097541809e-02;-6.485809087753295898e-01;-3.248029649257659912e-01
-8.367814123630523682e-02;-3.015927374362945557e-01;-4.703778326511383057e-01
-1.780216842889785767e-01;-4.490033090114593506e-01;-3.375581800937652588e-01
2.513298392295837402e-02;7.761657238006591797e-01;-4.133741259574890137e-01
1.689378172159194946e-02;7.790077328681945801e-01;-3.984018266201019287e-01
-1.042163372039794922e-01;7.858015894889831543e-01;-4.323939383029937744e-01
9.172476083040237427e-02;7.891745567321777344e-01;-2.858135998249053955e-01
-1.026326715946197510e-01;7.743532061576843262e-01;-5.261136889457702637e-01
-1.050521433353424072e-01;7.753384113311767578e-01;-2.648879289627075195e-01
1.627204716205596924e-01;7.903439402580261230e-01;-2.559588253498077393e-01
-1.873794496059417725e-01;7.690746784210205078e-01;-3.239424228668212891e-01
-1.218710541725158691e-01;5.926108360290527344e-01;-3.921220898628234863e-01
1.098825111985206604e-01;8.026196956634521484e-01;-1.833875775337219238e-01
7.161776721477508545e-02;-7.047584652900695801e-01;3.917336165904998779e-01
6.470960378646850586e-02;-6.474750638008117676e-01;3.894715607166290283e-01
-5.287908017635345459e-02;-7.137655019760131836e-01;3.774869143962860107e-01
-3.317837417125701904e-02;-7.145027518272399902e-01;3.135870695114135742e-01
1.813656836748123169e-01;-7.112819552421569824e-01;2.905842065811157227e-01
-7.114411890506744385e-02;-7.106027007102966309e-01;4.454269111156463623e-01
1.745118349790573120e-01;-6.560161709785461426e-01;2.541799247264862061e-01
-3.133083879947662354e-02;-6.454551815986633301e-01;2.507925033569335938e-01
1.420926302671432495e-01;-5.867746472358703613e-01;2.432000339031219482e-01
1.067616343498229980e-01;-6.679996252059936523e-01;1.783420294523239136e-01
2.897306382656097412e-01;4.425472915172576904e-01;-7.078764587640762329e-02
2.855065166950225830e-01;3.981344401836395264e-01;-1.172905787825584412e-01
2.254369109869003296e-01;3.555607497692108154e-01;-4.295424371957778931e-02
2.023656070232391357e-01;5.330612063407897949e-01;-1.087099984288215637e-01
1.823617815971374512e-01;4.762190282344818115e-01;-3.178417682647705078e-05
2.415286451578140259e-01;3.544844686985015869e-01;2.742401510477066040e-02
1.617362201213836670e-01;3.827714323997497559e-01;-4.970866069197654724e-02
1.900038421154022217e-01;5.658820867538452148e-01;-7.337755709886550903e-02
2.103223502635955811e-01;5.269216299057006836e-01;4.235421866178512573e-02
2.974706888198852539e-01;4.169589281082153320e-01;9.116118401288986206e-02
-3.156593143939971924e-01;-3.120393157005310059e-01;4.828658401966094971e-01
-2.337099909782409668e-01;-3.856571018695831299e-01;4.716885983943939209e-01
-2.078932821750640869e-01;-2.679077386856079102e-01;4.894862473011016846e-01
-2.756097018718719482e-01;-4.626339972019195557e-01;5.177957415580749512e-01
-3.989503383636474609e-01;-1.923758089542388916e-01;5.521808862686157227e-01
-1.743036955595016479e-01;-2.120143324136734009e-01;5.281221866607666016e-01
-1.658470481634140015e-01;-4.022113978862762451e-01;5.279237627983093262e-01
-3.613365888595581055e-01;-1.309515535831451416e-01;5.060093998908996582e-01
-1.846986562013626099e-01;-4.563294649124145508e-01;4.322834610939025879e-01
-1.787582933902740479e-01;-4.019367098808288574e-01;3.500819802284240723e-01
-7.012167572975158691e-02;-7.124223113059997559e-01;-3.029449582099914551e-01
-5.365807935595512390e-02;-7.112880945205688477e-01;-2.738108634948730469e-01
2.284452319145202637e-02;-7.182750105857849121e-01;-2.702586948871612549e-01
-7.134118676185607910e-02;-6.426458954811096191e-01;-2.202530950307846069e-01
-1.111204922199249268e-02;-7.091074585914611816e-01;-4.059751331806182861e-01
3.918088972568511963e-02;-6.485809087753295898e-01;-3.248029649257659912e-01
-2.126260548830032349e-01;-6.944749951362609863e-01;-3.317685425281524658e-01
-7.366523146629333496e-03;-5.894787907600402832e-01;-3.672407865524291992e-01
6.180462241172790527e-02;-7.227103710174560547e-01;-2.229962795972824097e-01
-1.799460947513580322e-01;-6.490383744239807129e-01;-4.002054035663604736e-01
-2.277484983205795288e-01;-4.263804554939270020e-01;-4.394321441650390625e-01
-2.381028234958648682e-01;-3.604115247726440430e-01;-5.019783973693847656e-01
-2.352054417133331299e-01;-4.680404365062713623e-01;-5.347387790679931641e-01
-1.780216842889785767e-01;-4.490033090114593506e-01;-3.375581800937652588e-01
-2.561069428920745850e-01;-5.271399021148681641e-01;-5.077955126762390137e-01
-2.045729607343673706e-01;-5.283026099205017090e-01;-5.278366208076477051e-01
-1.902987062931060791e-01;-2.982660233974456787e-01;-3.855720460414886475e-01
-1.648146212100982666e-01;-5.753416419029235840e-01;-4.563568532466888428e-01
-3.487805724143981934e-01;-3.383668959140777588e-01;-5.236129760742187500e-01
-1.149843931198120117e-01;-3.160716593265533447e-01;-5.250753760337829590e-01
-3.248747810721397400e-02;1.661844998598098755e-01;3.790312707424163818e-01
-1.532358676195144653e-02;2.333631515502929688e-01;3.259530067443847656e-01
-8.660611510276794434e-02;1.893274933099746704e-01;3.108494579792022705e-01
-1.719796806573867798e-01;1.383399516344070435e-01;3.861202299594879150e-01
-1.112914830446243286e-01;1.861556023359298706e-01;2.359866648912429810e-01
-1.370903402566909790e-01;3.119187355041503906e-01;4.418124258518218994e-01
-1.838550716638565063e-01;2.707526087760925293e-01;4.279134571552276611e-01
-1.478610634803771973e-01;1.006820797920227051e-02;4.132494032382965088e-01
-1.363800838589668274e-02;1.310121715068817139e-01;1.737016141414642334e-01
-5.859370902180671692e-02;3.600675463676452637e-01;4.713037610054016113e-01
-3.379312157630920410e-01;4.548272788524627686e-01;4.945392608642578125e-01
-3.285918831825256348e-01;4.578750729560852051e-01;5.370385646820068359e-01
-3.001580834388732910e-01;5.032709240913391113e-01;5.248361825942993164e-01
-2.780763804912567139e-01;5.777784585952758789e-01;4.901535809040069580e-01
-2.708695232868194580e-01;6.319578289985656738e-01;4.647298455238342285e-01
-2.773030400276184082e-01;6.642796993255615234e-01;4.726742506027221680e-01
-2.759214639663696289e-01;6.796370148658752441e-01;4.932637214660644531e-01
-2.523796558380126953e-01;6.751716136932373047e-01;5.015866160392761230e-01
-2.064944058656692505e-01;6.686766743659973145e-01;4.912355542182922363e-01
-1.602369397878646851e-01;6.673511862754821777e-01;4.863487482070922852e-01
-3.571794629096984863e-01;-6.980165243148803711e-01;-5.333861112594604492e-01
-3.219496607780456543e-01;-6.839069724082946777e-01;-4.958812594413757324e-01
-2.722519338130950928e-01;-6.822404861450195312e-01;-4.951916038990020752e-01
-2.313164323568344116e-01;-6.798555254936218262e-01;-4.805012941360473633e-01
-2.199443578720092773e-01;-6.667487025260925293e-01;-4.615187644958496094e-01
-2.183653563261032104e-01;-6.468478441238403320e-01;-4.542540907859802246e-01
-2.153613865375518799e-01;-6.233352422714233398e-01;-4.635379314422607422e-01
-2.168017774820327759e-01;-5.906961560249328613e-01;-4.759423732757568359e-01
-2.178439348936080933e-01;-5.695930719375610352e-01;-4.830627143383026123e-01
-1.907501816749572754e-01;-5.844635963439941406e-01;-4.946559667587280273e-01
-2.718707919120788574e-01;-6.655750870704650879e-01;4.419814050197601318e-01
-2.709244489669799805e-01;-6.268675923347473145e-01;4.544431269168853760e-01
-2.631683945655822754e-01;-6.284492015838623047e-01;4.597475826740264893e-01
-2.449997365474700928e-01;-6.289026141166687012e-01;4.624612629413604736e-01
-2.330927550792694092e-01;-6.185840964317321777e-01;4.682607054710388184e-01
-2.241290211677551270e-01;-6.008884310722351074e-01;4.796925485134124756e-01
-2.015921771526336670e-01;-6.012670397758483887e-01;4.848459064960479736e-01
-1.808501631021499634e-01;-5.904181003570556641e-01;4.803662896156311035e-01
-1.694703847169876099e-01;-5.857968330383300781e-01;4.880860149860382080e-01
-1.584113091230392456e-01;-5.811620950698852539e-01;5.053758025169372559e-01
1.311463713645935059e-01;-7.491875886917114258e-01;-9.216029942035675049e-02
1.459691077470779419e-01;-7.557764649391174316e-01;-7.465366274118423462e-02
1.494258046150207520e-01;-7.563567161560058594e-01;-6.095727905631065369e-02
1.503914594650268555e-01;-7.605227231979370117e-01;-4.926730692386627197e-02
1.502050906419754028e-01;-7.606750726699829102e-01;-3.660998493432998657e-02
1.522676050662994385e-01;-7.582017779350280762e-01;-2.310451120138168335e-02
1.541638821363449097e-01;-7.565047740936279297e-01;-1.080715097486972809e-02
1.535555422306060791e-01;-7.483603954315185547e-01;-3.706000745296478271e-03
1.546731591224670410e-01;-7.435712218284606934e-01;2.601943910121917725e-03
1.597554236650466919e-01;-7.332911491394042969e-01;4.935413599014282227e-03
-1.490109413862228394e-01;2.274089753627777100e-01;2.605307102203369141e-01
-9.911662340164184570e-02;2.039291709661483765e-01;2.361030578613281250e-01
-7.417813688516616821e-02;2.285692393779754639e-01;2.554973959922790527e-01
-6.708452850580215454e-02;3.181669712066650391e-01;2.513141632080078125e-01
-6.780111044645309448e-02;3.850224316120147705e-01;2.430354356765747070e-01
-5.840648338198661804e-02;4.143839478492736816e-01;2.397377490997314453e-01
-5.059264600276947021e-02;4.355599880218505859e-01;2.488594949245452881e-01
-3.510215133428573608e-02;4.471814632415771484e-01;2.578589022159576416e-01
-2.314690500497817993e-02;4.583817124366760254e-01;2.569101452827453613e-01
1.356351375579833984e-02;4.722076654434204102e-01;2.210773527622222900e-01
-1.566676348447799683e-01;3.225677013397216797e-01;-4.008651971817016602e-01
-9.573392570018768311e-02;3.022811114788055420e-01;-3.560346066951751709e-01
-7.262402772903442383e-02;3.213475346565246582e-01;-3.475889563560485840e-01
-6.836634874343872070e-02;3.592280745506286621e-01;-3.486314415931701660e-01
-6.557802110910415649e-02;4.104453921318054199e-01;-3.379647433757781982e-01
-4.791218042373657227e-02;4.182375371456146240e-01;-2.964520156383514404e-01
-3.413990139961242676e-02;4.230543971061706543e-01;-2.577775716781616211e-01
-1.099772751331329346e-02;4.397799372673034668e-01;-2.339385300874710083e-01
2.869714610278606415e-02;4.462354183197021484e-01;-2.110715508460998535e-01
8.774224668741226196e-02;4.485214948654174805e-01;-2.201354801654815674e-01
-1.173114702105522156e-01;-4.062002599239349365e-01;3.221144378185272217e-01
-8.670902997255325317e-02;-4.110698103904724121e-01;3.263107538223266602e-01
-6.080521643161773682e-02;-3.841375410556793213e-01;3.056685924530029297e-01
-6.493918597698211670e-02;-3.458486497402191162e-01;3.016854226589202881e-01
-7.062981277704238892e-02;-3.104806840419769287e-01;3.223960995674133301e-01
-6.410257518291473389e-02;-2.826060056686401367e-01;3.458082377910614014e-01
-5.854736268520355225e-02;-2.459627389907836914e-01;3.600839376449584961e-01
-4.563961178064346313e-02;-2.073698937892913818e-01;3.659719228744506836e-01
-3.584686666727066040e-03;-1.923391222953796387e-01;3.718076050281524658e-01
7.227982580661773682e-02;-1.644265800714492798e-01;3.348052501678466797e-01
-7.468551397323608398e-02;7.329643368721008301e-01;3.620901703834533691e-01
-4.855080693960189819e-02;7.372208833694458008e-01;3.582301437854766846e-01
-3.518858179450035095e-02;7.473714351654052734e-01;3.599047362804412842e-01
-1.645727455615997314e-02;7.499104738235473633e-01;3.702087402343750000e-01
1.933982595801353455e-03;7.523115277290344238e-01;3.804202675819396973e-01
1.141281332820653915e-02;7.582665681838989258e-01;3.886561393737792969e-01
2.376641891896724701e-02;7.612832784652709961e-01;3.934207558631896973e-01
4.735660552978515625e-02;7.669417262077331543e-01;3.844261765480041504e-01
9.073468297719955444e-02;7.722771763801574707e-01;3.595442771911621094e-01
1.349450945854187012e-01;7.805311679840087891e-01;3.501914441585540771e-01
-3.626320660114288330e-01;1.421643197536468506e-01;-5.562759637832641602e-01
-3.384318351745605469e-01;1.641576588153839111e-01;-5.389552116394042969e-01
-3.188033401966094971e-01;2.858552336692810059e-01;-5.439959168434143066e-01
-3.299790024757385254e-01;3.817940950393676758e-01;-5.376473069190979004e-01
-3.053165376186370850e-01;4.091370105743408203e-01;-5.212386846542358398e-01
-2.566425800323486328e-01;4.099418520927429199e-01;-5.146335959434509277e-01
-2.185738980770111084e-01;3.996125757694244385e-01;-5.050404667854309082e-01
-2.048098891973495483e-01;3.897937834262847900e-01;-4.943750202655792236e-01
-2.115721106529235840e-01;4.068694114685058594e-01;-4.823191761970520020e-01
-1.934748440980911255e-01;4.288903474807739258e-01;-4.718348979949951172e-01
2.228739559650421143e-01;-4.972275495529174805e-01;1.609193906188011169e-02
2.370338290929794312e-01;-4.899225831031799316e-01;2.843900956213474274e-02
2.338070869445800781e-01;-4.616209268569946289e-01;6.727691739797592163e-03
2.313202023506164551e-01;-4.346859455108642578e-01;-6.321377586573362350e-03
2.340372204780578613e-01;-4.277354478836059570e-01;5.300554912537336349e-03
2.409487366676330566e-01;-4.249905347824096680e-01;1.777504198253154755e-02
2.508519589900970459e-01;-4.009277224540710449e-01;2.235419303178787231e-02
2.617704868316650391e-01;-3.663703799247741699e-01;2.591116912662982941e-02
2.762738764286041260e-01;-3.299706876277923584e-01;5.053880810737609863e-02
2.897789478302001953e-01;-3.093354105949401855e-01;9.636813402175903320e-02
-2.817776203155517578e-01;1.049880981445312500e-01;5.330943465232849121e-01
-3.080134689807891846e-01;1.830498427152633667e-01;5.343070030212402344e-01
-3.293086290359497070e-01;2.970459163188934326e-01;5.055934190750122070e-01
-3.394737243652343750e-01;3.506615757942199707e-01;5.263127684593200684e-01
-3.526612222194671631e-01;3.849911093711853027e-01;5.572280883789062500e-01
-3.533476889133453369e-01;3.970426917076110840e-01;5.706056952476501465e-01
-3.288127779960632324e-01;3.871876299381256104e-01;5.555301904678344727e-01
-2.695502042770385742e-01;3.560635149478912354e-01;5.281820893287658691e-01
-2.183818221092224121e-01;3.619888722896575928e-01;5.165539383888244629e-01
-1.875262260437011719e-01;4.652967453002929688e-01;5.364494323730468750e-01
-3.487295806407928467e-01;-4.495392441749572754e-01;-5.794765949249267578e-01
-2.978073358535766602e-01;-3.895466029644012451e-01;-5.511260032653808594e-01
-3.228596448898315430e-01;-3.442716598510742188e-01;-5.568177103996276855e-01
-3.254615366458892822e-01;-3.200157880783081055e-01;-5.302388668060302734e-01
-3.100704550743103027e-01;-2.929321229457855225e-01;-5.153634548187255859e-01
-2.657147347927093506e-01;-2.515588104724884033e-01;-4.981017708778381348e-01
-2.218037694692611694e-01;-2.104722559452056885e-01;-5.012142658233642578e-01
-1.974203288555145264e-01;-1.645768284797668457e-01;-5.061742067337036133e-01
-1.966181248426437378e-01;-1.358304470777511597e-01;-5.015248060226440430e-01
-1.853382736444473267e-01;-1.324281990528106689e-01;-5.054452419281005859e-01
-5.710095912218093872e-02;-1.542997509241104126e-01;2.543813288211822510e-01
-1.059515178203582764e-01;-9.232407808303833008e-02;2.976438105106353760e-01
-1.152267903089523315e-01;-1.051362156867980957e-01;3.139450848102569580e-01
-1.078996360301971436e-01;-8.142360299825668335e-02;3.426747024059295654e-01
-1.000479161739349365e-01;-5.194431543350219727e-02;3.533002436161041260e-01
-8.791715651750564575e-02;-3.964436799287796021e-02;3.462049067020416260e-01
-6.849293410778045654e-02;-5.282492935657501221e-02;3.471957147121429443e-01
-4.353163391351699829e-02;-6.195331737399101257e-02;3.479608595371246338e-01
-2.625840157270431519e-02;-2.715785056352615356e-02;3.311417996883392334e-01
-3.026928007602691650e-02;7.461051642894744873e-02;2.657705545425415039e-01
-1.557586528360843658e-02;-2.275478243827819824e-01;-2.054877132177352905e-01
-1.264397613704204559e-02;-1.123643368482589722e-01;-2.312145531177520752e-01
-5.216697230935096741e-03;-9.013914316892623901e-02;-2.268572598695755005e-01
-5.605895072221755981e-03;-6.849601864814758301e-02;-2.159136980772018433e-01
3.332605585455894470e-03;-3.180027753114700317e-02;-2.128052562475204468e-01
2.602631971240043640e-02;-7.074587047100067139e-03;-2.078453898429870605e-01
6.662197411060333252e-02;-7.930271327495574951e-03;-2.047417759895324707e-01
1.222652494907379150e-01;-2.523119747638702393e-02;-1.931630074977874756e-01
1.559010297060012817e-01;-9.839646518230438232e-03;-1.740969717502593994e-01
1.868773698806762695e-01;-2.179630100727081299e-03;-1.511100530624389648e-01
1.256533861160278320e-01;1.020228639245033264e-01;6.700411438941955566e-02
2.386101484298706055e-01;1.031759306788444519e-01;1.477219164371490479e-02
2.157918512821197510e-01;1.556728184223175049e-01;1.466589421033859253e-02
2.085270732641220093e-01;1.731613129377365112e-01;2.530094236135482788e-02
2.266958951950073242e-01;1.609055697917938232e-01;4.627889394760131836e-02
2.372612059116363525e-01;1.541660726070404053e-01;7.010449469089508057e-02
2.397776693105697632e-01;1.562244147062301636e-01;7.524634152650833130e-02
2.573982477188110352e-01;1.700172424316406250e-01;7.143999636173248291e-02
2.815400660037994385e-01;2.066400051116943359e-01;7.543139159679412842e-02
2.954823970794677734e-01;2.587386965751647949e-01;1.043559536337852478e-01
-2.913438081741333008e-01;4.151309132575988770e-01;4.899577200412750244e-01
-2.463009208440780640e-01;4.215012192726135254e-01;4.783599376678466797e-01
-1.901059150695800781e-01;4.275202751159667969e-01;4.413318037986755371e-01
-1.855468153953552246e-01;4.798073172569274902e-01;4.238127470016479492e-01
-1.993877291679382324e-01;5.184693932533264160e-01;4.367986619472503662e-01
-2.027499973773956299e-01;5.353091955184936523e-01;4.547927677631378174e-01
-1.894056200981140137e-01;5.388185977935791016e-01;4.649665951728820801e-01
-1.652768999338150024e-01;5.388066768646240234e-01;4.655483365058898926e-01
-1.329103112220764160e-01;5.559353828430175781e-01;4.656965732574462891e-01
-8.525061607360839844e-02;6.202828884124755859e-01;4.762914180755615234e-01
8.755882084369659424e-02;4.451715946197509766e-01;1.628062427043914795e-01
1.703001111745834351e-01;4.359478652477264404e-01;1.130817010998725891e-01
1.828405708074569702e-01;4.537161886692047119e-01;7.639732956886291504e-02
1.818989813327789307e-01;4.791546463966369629e-01;5.852138996124267578e-02
1.792599856853485107e-01;4.903965592384338379e-01;6.053103506565093994e-02
1.790867298841476440e-01;4.988328516483306885e-01;7.263210415840148926e-02
1.825449317693710327e-01;5.106260776519775391e-01;8.880445361137390137e-02
1.928697526454925537e-01;5.212360024452209473e-01;1.166527718305587769e-01
2.019235193729400635e-01;5.216469168663024902e-01;1.557514965534210205e-01
2.054275721311569214e-01;5.085633397102355957e-01;1.742251813411712646e-01
1.344865113496780396e-01;-2.170790135860443115e-01;1.398005485534667969e-01
1.928172111511230469e-01;-2.062176465988159180e-01;1.132843643426895142e-01
2.052655369043350220e-01;-1.769574731588363647e-01;6.927666068077087402e-02
1.982221901416778564e-01;-1.527866572141647339e-01;6.762047111988067627e-02
1.972886919975280762e-01;-1.422735601663589478e-01;8.560764789581298828e-02
1.963234245777130127e-01;-1.414249837398529053e-01;1.107592731714248657e-01
1.950689703226089478e-01;-1.385919302701950073e-01;1.408081948757171631e-01
2.144099324941635132e-01;-1.438565701246261597e-01;1.604592502117156982e-01
2.537215352058410645e-01;-1.448109149932861328e-01;1.715917587280273438e-01
2.677411437034606934e-01;-7.859650254249572754e-02;1.697638332843780518e-01
-8.163283020257949829e-02;-6.979732513427734375e-01;2.028066664934158325e-01
-6.343337893486022949e-02;-6.987139582633972168e-01;2.459271550178527832e-01
-4.101941734552383423e-02;-7.057464718818664551e-01;2.650932371616363525e-01
-1.960189640522003174e-02;-6.891230940818786621e-01;2.560094594955444336e-01
1.204723119735717773e-02;-6.922616362571716309e-01;2.356308251619338989e-01
3.724372386932373047e-02;-6.955661773681640625e-01;2.073806524276733398e-01
5.231578648090362549e-02;-6.909736394882202148e-01;1.965368986129760742e-01
6.321358680725097656e-02;-6.801702380180358887e-01;2.032521367073059082e-01
6.592595577239990234e-02;-6.725233793258666992e-01;2.182635366916656494e-01
6.577326357364654541e-02;-6.445326209068298340e-01;2.413591891527175903e-01
