-2.774040400981903076e-01;2.302662134170532227e-01;5.163914561271667480e-01
-4.279202818870544434e-01;6.890044361352920532e-02;-5.810028910636901855e-01
-2.850160896778106689e-01;2.307957112789154053e-01;-5.323277115821838379e-01
-3.423895239830017090e-01;-3.644389510154724121e-01;5.010361075401306152e-01
-3.460605442523956299e-01;4.988164007663726807e-01;-5.464107990264892578e-01
-4.486551284790039062e-01;-1.148618385195732117e-01;5.843380689620971680e-01
2.195596396923065186e-01;-1.043567880988121033e-01;-4.767990484833717346e-02
-2.499496638774871826e-01;1.366049796342849731e-01;-4.533901512622833252e-01
2.155318856239318848e-01;-1.762168258428573608e-01;1.500233914703130722e-02
-2.859924733638763428e-01;-2.211169153451919556e-01;-4.632328450679779053e-01
-3.560948967933654785e-01;2.670474052429199219e-01;4.816363155841827393e-01
-3.321931362152099609e-01;-2.178939729928970337e-01;4.713877439498901367e-01
2.334767878055572510e-01;3.917314112186431885e-02;-8.424673974514007568e-02
-2.582888007164001465e-01;-1.178870126605033875e-01;-4.902125000953674316e-01
-3.443228602409362793e-01;4.889776110649108887e-01;5.382518768310546875e-01
2.188870757818222046e-01;3.138533234596252441e-01;-2.905690483748912811e-02
-2.946907281875610352e-01;-3.980409801006317139e-01;-5.020102858543395996e-01
-2.341465055942535400e-01;2.760472148656845093e-02;4.698761403560638428e-01
-2.488704323768615723e-01;2.534599602222442627e-01;-4.154667854309082031e-01
-2.212418913841247559e-01;-1.179293394088745117e-01;4.273041486740112305e-01
2.385231107473373413e-01;2.130961865186691284e-01;-9.518335759639739990e-02
-2.820114195346832275e-01;-4.252266585826873779e-01;4.465647637844085693e-01
-2.385720461606979370e-01;-1.336549967527389526e-01;-3.977258801460266113e-01
-2.907757759094238281e-01;4.775618314743041992e-01;4.496898055076599121e-01
-3.393235802650451660e-01;-6.409500241279602051e-01;5.311948657035827637e-01
-2.919927537441253662e-01;-6.006107926368713379e-01;-5.327494740486145020e-01
2.468751370906829834e-01;-9.061581641435623169e-02;-1.215777546167373657e-01
2.468155473470687866e-01;7.786402106285095215e-02;1.104084923863410950e-01
1.266189217567443848e-01;5.325066298246383667e-02;2.251065336167812347e-02
1.399762779474258423e-01;-2.552125155925750732e-01;6.385843455791473389e-02
1.566850692033767700e-01;-1.239664927124977112e-01;1.038783639669418335e-01
-3.323467969894409180e-01;6.557161211967468262e-01;5.287832021713256836e-01
2.393447160720825195e-01;3.506610989570617676e-01;-9.840980172157287598e-02
2.228545993566513062e-01;4.586147964000701904e-01;9.745492599904537201e-03
1.180760264396667480e-01;1.368772983551025391e-01;-4.024385474622249603e-03
1.395871341228485107e-01;-3.524835109710693359e-01;1.648724079132080078e-02
2.484630346298217773e-01;2.317359894514083862e-01;1.161111518740653992e-01
1.445429772138595581e-01;3.118877410888671875e-01;7.085263729095458984e-02
-4.113326966762542725e-01;-5.081339180469512939e-02;-5.259661674499511719e-01
-1.222496107220649719e-01;-5.273256916552782059e-03;-2.658409178256988525e-01
-1.716047674417495728e-01;-4.110958799719810486e-02;-4.330798685550689697e-01
8.945992588996887207e-02;3.959351405501365662e-02;1.371256560087203979e-01
8.580160140991210938e-02;1.606219857931137085e-01;-1.456934809684753418e-01
-2.474059760570526123e-01;1.786518245935440063e-01;3.534666001796722412e-01
-2.370284646749496460e-01;-3.856685459613800049e-01;3.564313352108001709e-01
-8.105811476707458496e-02;2.047839015722274780e-01;3.186914026737213135e-01
-2.199883013963699341e-01;-1.258283555507659912e-01;5.140734910964965820e-01
6.222641095519065857e-02;-8.553595840930938721e-02;1.126659512519836426e-01
2.491219490766525269e-01;-3.389950096607208252e-01;-1.333138197660446167e-01
2.248301655054092407e-01;-5.508444905281066895e-01;-2.331749536097049713e-02
-1.870624907314777374e-02;1.877913177013397217e-01;-2.580519318580627441e-01
-1.765120625495910645e-01;-7.955719530582427979e-02;2.714327871799468994e-01
-6.403612345457077026e-02;2.593513429164886475e-01;-2.958283424377441406e-01
2.260422855615615845e-01;-5.658997893333435059e-01;2.115656621754169464e-02
-2.169092185795307159e-02;2.244727164506912231e-01;2.128151357173919678e-01
-9.957230091094970703e-02;-3.204874396324157715e-01;-2.888251245021820068e-01
-2.525010406970977783e-01;-5.321414470672607422e-01;-4.075166881084442139e-01
3.069111146032810211e-03;-1.412433236837387085e-01;-2.657313346862792969e-01
-3.017044067382812500e-01;7.416214346885681152e-01;-5.352593660354614258e-01
-2.607331871986389160e-01;-1.362271904945373535e-01;3.383037745952606201e-01
-1.505373865365982056e-01;4.226879477500915527e-01;3.543980121612548828e-01
3.627791628241539001e-02;-2.456954121589660645e-01;1.564137190580368042e-01
1.812938600778579712e-01;-8.219439536333084106e-02;-1.727170497179031372e-01
1.341249197721481323e-01;4.765792191028594971e-01;-4.285493865609169006e-02
1.459565665572881699e-02;1.541066616773605347e-01;1.408266723155975342e-01
1.603938289918005466e-03;-1.801585704088211060e-01;2.501091361045837402e-01
6.076015532016754150e-02;2.696724832057952881e-01;9.250667691230773926e-02
-3.605270758271217346e-02;-2.270056456327438354e-01;-2.012145966291427612e-01
3.158004209399223328e-02;3.047656714916229248e-01;-1.598651856184005737e-01
2.576579153537750244e-01;-1.317704766988754272e-01;1.531333774328231812e-01
-3.067949712276458740e-01;-5.345355272293090820e-01;4.034166932106018066e-01
-1.104798913002014160e-01;-2.420058250427246094e-01;3.694469332695007324e-01
2.299730479717254639e-01;5.994192957878112793e-01;-5.241626501083374023e-02
-3.403210937976837158e-01;6.026270389556884766e-01;4.432616531848907471e-01
-4.589763879776000977e-01;1.087191700935363770e-01;5.995992422103881836e-01
-1.777360588312149048e-01;2.198265790939331055e-01;-5.261310935020446777e-01
4.184343293309211731e-02;7.509939372539520264e-02;-6.020678207278251648e-02
-3.103667497634887695e-01;1.080569550395011902e-01;3.647687733173370361e-01
2.570110857486724854e-01;-2.846150994300842285e-01;1.546092182397842407e-01
1.761769205331802368e-01;3.710255026817321777e-01;-1.695751249790191650e-01
1.423953920602798462e-01;5.470643043518066406e-01;7.857801765203475952e-02
4.415435343980789185e-02;2.376606166362762451e-01;-4.383831471204757690e-02
5.716075748205184937e-02;-4.073041379451751709e-01;7.533419132232666016e-02
3.442972525954246521e-02;-6.326544284820556641e-02;2.335938438773155212e-02
-1.762787848711013794e-01;-2.295530587434768677e-01;2.523566484451293945e-01
-2.681177556514739990e-01;8.507080376148223877e-02;-3.369794189929962158e-01
1.725119948387145996e-01;-3.290327787399291992e-01;1.674362272024154663e-01
-9.410561621189117432e-02;2.186434864997863770e-01;-3.851268291473388672e-01
1.923514753580093384e-01;-2.387528270483016968e-01;-1.872805655002593994e-01
-2.932040393352508545e-01;6.802646517753601074e-01;4.293732047080993652e-01
1.069283783435821533e-01;4.150381982326507568e-01;-1.796407997608184814e-01
-6.754117459058761597e-02;-3.054820001125335693e-01;1.809568852186203003e-01
1.918678283691406250e-01;1.135625764727592468e-01;1.884828209877014160e-01
3.154433146119117737e-02;-2.147946804761886597e-01;-1.762406714260578156e-02
-2.194926589727401733e-01;2.192071080207824707e-01;-2.931149303913116455e-01
-1.376903504133224487e-01;5.544388890266418457e-01;3.256267905235290527e-01
7.848826050758361816e-02;-8.498193323612213135e-02;-2.581881284713745117e-01
-2.634272277355194092e-01;-4.072448015213012695e-01;-3.452760279178619385e-01
1.720581203699111938e-01;5.026353597640991211e-01;1.440052986145019531e-01
7.605412602424621582e-02;6.565465033054351807e-02;-2.585396468639373779e-01
1.792710423469543457e-01;3.857916891574859619e-01;1.728721559047698975e-01
6.554468721151351929e-02;2.243690490722656250e-01;-2.580883204936981201e-01
-1.912123858928680420e-01;6.256352663040161133e-01;-3.643491864204406738e-01
-2.045991569757461548e-01;6.829635500907897949e-01;-4.985922276973724365e-01
-1.034785956144332886e-01;-4.060212075710296631e-01;2.183519005775451660e-01
4.867844283580780029e-02;4.391135573387145996e-01;4.236653912812471390e-03
1.689760684967041016e-01;-5.617541074752807617e-01;-1.455928534269332886e-01
1.275489181280136108e-01;-5.330578982830047607e-02;2.278435230255126953e-01
-1.014992222189903259e-01;-4.834966063499450684e-01;3.634319007396697998e-01
-1.652358286082744598e-02;-3.845022320747375488e-01;1.121263802051544189e-01
-1.553211808204650879e-01;-6.250528693199157715e-01;3.486014008522033691e-01
7.764541357755661011e-02;2.440757602453231812e-01;2.476813197135925293e-01
1.383782327175140381e-01;-6.152836680412292480e-01;9.872245788574218750e-02
-3.356710076332092285e-01;7.403146028518676758e-01;-4.799782037734985352e-01
-2.471994459629058838e-01;3.563488125801086426e-01;-3.148995339870452881e-01
4.802845790982246399e-02;-5.320885181427001953e-01;-4.318463057279586792e-02
-5.573924258351325989e-02;-4.870722591876983643e-01;-3.088161051273345947e-01
-2.358003854751586914e-01;-2.778270542621612549e-01;2.852500379085540771e-01
2.647814899682998657e-02;8.421078324317932129e-03;3.051619231700897217e-01
-2.000342607498168945e-01;4.100619256496429443e-01;5.143442749977111816e-01
8.613581210374832153e-02;1.581966131925582886e-01;2.587217688560485840e-01
-2.570838853716850281e-02;1.155840307474136353e-01;-9.258478879928588867e-02
-4.609659016132354736e-01;4.294643998146057129e-01;5.699228644371032715e-01
2.122072130441665649e-02;-5.187814235687255859e-01;1.836904138326644897e-01
1.542990356683731079e-01;6.881083846092224121e-01;-1.119143795222043991e-02
-1.943888217210769653e-01;4.522577822208404541e-01;-5.261929631233215332e-01
-2.459704875946044922e-02;-2.041028439998626709e-01;-9.836188703775405884e-02
-1.609955132007598877e-01;6.877887248992919922e-01;-4.106757044792175293e-01
-9.198551625013351440e-02;-5.106943193823099136e-03;-4.201103150844573975e-01
-1.884457319974899292e-01;-6.805225610733032227e-01;3.252617120742797852e-01
1.469696760177612305e-01;6.697587966918945312e-01;-9.743744134902954102e-02
-9.898413904011249542e-03;-4.777618646621704102e-01;-1.154900342226028442e-01
-7.067922502756118774e-02;-4.236637055873870850e-01;-1.660942286252975464e-01
7.820396870374679565e-02;5.929039120674133301e-01;1.333273202180862427e-01
-2.389993369579315186e-01;-9.557363390922546387e-02;-2.825567722320556641e-01
4.050646349787712097e-02;4.187220931053161621e-01;-2.776474654674530029e-01
-1.512742415070533752e-02;-5.645459890365600586e-01;-2.287420332431793213e-01
2.577147483825683594e-01;-5.273215770721435547e-01;1.900720149278640747e-01
6.243231520056724548e-02;-3.638357818126678467e-01;-2.763309478759765625e-01
-2.063107192516326904e-01;-7.382417321205139160e-01;5.144405364990234375e-01
-3.052432276308536530e-02;1.596614718437194824e-01;5.773492529988288879e-02
2.323588132858276367e-01;-7.227376699447631836e-01;6.992470473051071167e-02
1.651727221906185150e-02;5.550257563591003418e-01;2.488844543695449829e-01
2.009917795658111572e-01;7.750680446624755859e-01;-1.833796850405633450e-03
2.036376297473907471e-01;-7.807056903839111328e-01;-3.331059589982032776e-02
2.212190479040145874e-01;7.977101206779479980e-01;-2.711540274322032928e-02
2.053651958703994751e-01;-7.878160476684570312e-01;5.879548843950033188e-03
-7.363025099039077759e-03;-1.008101254701614380e-01;3.504479825496673584e-01
2.042128592729568481e-01;-7.766830921173095703e-01;-5.115601792931556702e-02
2.222642451524734497e-01;-7.967420816421508789e-01;1.370614673942327499e-02
2.252063751220703125e-01;7.958737611770629883e-01;4.456763714551925659e-02
2.259087860584259033e-01;7.951694726943969727e-01;-5.843766778707504272e-02
2.322963029146194458e-01;-7.505707144737243652e-01;-9.264395385980606079e-02
2.259034514427185059e-01;-7.948973774909973145e-01;5.530925095081329346e-02
2.275368571281433105e-01;7.946573495864868164e-01;-6.801243871450424194e-02
2.023435831069946289e-01;2.532837986946105957e-01;2.192603349685668945e-01
2.009880542755126953e-01;-1.047945022583007812e-02;2.277611792087554932e-01
2.184154540300369263e-01;-7.816996574401855469e-01;-8.923041075468063354e-02
1.765267401933670044e-01;-7.879648804664611816e-01;6.923110038042068481e-02
-1.474494189023971558e-01;-6.941187977790832520e-01;-4.858975112438201904e-01
2.756138704717159271e-02;-7.649415135383605957e-01;-3.834873065352439880e-02
2.157213240861892700e-01;7.867706418037414551e-01;-9.402246773242950439e-02
2.305723726749420166e-01;7.911193370819091797e-01;8.648312091827392578e-02
-3.735896050930023193e-01;5.988482236862182617e-01;-4.294150173664093018e-01
-2.308479249477386475e-01;4.707943201065063477e-01;-2.950939238071441650e-01
-7.718350738286972046e-02;-6.258683204650878906e-01;-2.228751629590988159e-01
-1.882432699203491211e-01;2.834559679031372070e-01;2.141954302787780762e-01
2.435086518526077271e-01;7.319535613059997559e-01;-1.431685835123062134e-01
-7.513076066970825195e-02;4.963844418525695801e-01;1.458321958780288696e-01
-1.551048159599304199e-01;-7.435960173606872559e-01;-4.516129791736602783e-01
1.518711149692535400e-01;3.263149559497833252e-01;-2.500500679016113281e-01
-1.156148016452789307e-01;-6.831744909286499023e-01;3.540216088294982910e-01
1.775934398174285889e-01;-7.440183162689208984e-01;-1.239578723907470703e-01
2.311488837003707886e-01;-7.915577292442321777e-01;8.647846430540084839e-02
-2.931726574897766113e-01;7.265639901161193848e-01;3.365370929241180420e-01
2.331591099500656128e-01;-7.893148660659790039e-01;9.696571528911590576e-02
-6.181986071169376373e-03;6.311111450195312500e-01;-2.000712901353836060e-01
-3.624334558844566345e-02;5.561674237251281738e-01;-1.342487931251525879e-01
-3.052201867103576660e-01;5.616362020373344421e-02;3.204105198383331299e-01
2.348553538322448730e-01;-7.853072881698608398e-01;-1.313053965568542480e-01
8.447371423244476318e-03;7.612818479537963867e-01;7.792685646563768387e-03
-1.400468796491622925e-01;-7.467162609100341797e-01;-3.921901881694793701e-01
-5.992777273058891296e-02;-6.805648803710937500e-01;-2.792416512966156006e-01
-2.747403681278228760e-01;7.245603203773498535e-01;2.970074117183685303e-01
2.405303269624710083e-01;7.833589315414428711e-01;-1.423635035753250122e-01
2.393893301486968994e-01;7.835825681686401367e-01;1.290593296289443970e-01
-1.467218399047851562e-01;-4.202098250389099121e-01;1.818335801362991333e-01
9.122949093580245972e-03;-4.160984233021736145e-02;-3.624244332313537598e-01
2.411704510450363159e-01;7.819141149520874023e-01;1.388269662857055664e-01
1.715492457151412964e-01;-7.342817187309265137e-01;1.436062902212142944e-01
-3.990533947944641113e-02;-4.024504423141479492e-01;-3.174368664622306824e-02
3.039900213479995728e-03;6.325070261955261230e-01;-5.399363115429878235e-02
2.436828464269638062e-01;-7.787278890609741211e-01;-1.637552380561828613e-01
-4.715644717216491699e-01;-6.328958272933959961e-01;6.058596968650817871e-01
-5.900247767567634583e-02;-6.884952187538146973e-01;2.118215113878250122e-01
2.414782345294952393e-01;-7.824007272720336914e-01;1.406714022159576416e-01
2.436777204275131226e-01;7.774460315704345703e-01;1.621330976486206055e-01
-2.583740651607513428e-01;-5.349684953689575195e-01;-2.984034419059753418e-01
2.456877082586288452e-01;7.761494517326354980e-01;-1.749454438686370850e-01
-1.034572049975395203e-01;3.570266366004943848e-01;-1.420497894287109375e-01
-3.565103411674499512e-01;-2.590563595294952393e-01;-5.488656759262084961e-01
-4.048382341861724854e-01;-4.096238315105438232e-01;-5.698220133781433105e-01
2.162773013114929199e-01;-5.652900785207748413e-02;5.860506370663642883e-02
1.726627200841903687e-01;-3.097685612738132477e-02;-1.851923018693923950e-02
1.701929718255996704e-01;2.725506201386451721e-02;-2.159026823937892914e-02
1.795532703399658203e-01;1.449883282184600830e-01;3.536751610226929188e-04
-2.937224507331848145e-01;-8.612968958914279938e-03;4.305569827556610107e-01
-2.856166362762451172e-01;-1.879912316799163818e-01;4.254296720027923584e-01
1.733047366142272949e-01;-2.235916852951049805e-01;-7.110531907528638840e-03
-2.744251489639282227e-01;-3.573881089687347412e-01;-5.279159545898437500e-01
-1.992070078849792480e-01;1.025974303483963013e-01;3.939710855484008789e-01
2.103902399539947510e-01;-5.223375186324119568e-02;-1.004706546664237976e-01
-2.032642811536788940e-01;-1.467117071151733398e-01;3.962677121162414551e-01
1.667653024196624756e-01;2.316823899745941162e-01;-4.186408594250679016e-02
1.675047129392623901e-01;-2.904638051986694336e-01;-1.694482006132602692e-02
2.077609449625015259e-01;3.069062232971191406e-01;5.526944994926452637e-02
2.111722528934478760e-01;-2.369433939456939697e-01;-1.073472350835800171e-01
2.347675412893295288e-01;-2.590028345584869385e-01;9.718279540538787842e-02
-3.241388797760009766e-01;-6.135497093200683594e-01;-5.378633141517639160e-01
-2.497090995311737061e-01;-3.823100328445434570e-01;4.096228182315826416e-01
1.791621446609497070e-01;-3.465334177017211914e-01;-7.680648565292358398e-02
-2.651644349098205566e-01;4.215573668479919434e-01;4.154332280158996582e-01
1.723640859127044678e-01;-4.017583727836608887e-01;8.318378590047359467e-03
2.299981117248535156e-01;-1.766839176416397095e-01;-1.334198415279388428e-01
1.772172600030899048e-01;3.967804312705993652e-01;-7.490988075733184814e-02
2.345097362995147705e-01;1.690726578235626221e-01;-1.363197565078735352e-01
2.196037918329238892e-01;2.989769577980041504e-01;-1.269730478525161743e-01
2.500055730342864990e-01;1.145464703440666199e-01;1.291439235210418701e-01
1.718820780515670776e-01;4.786655008792877197e-01;1.236856728792190552e-02
-2.317691594362258911e-01;-4.950692653656005859e-01;4.050773382186889648e-01
-2.120331227779388428e-01;1.441850215196609497e-01;-5.262729525566101074e-01
2.056633681058883667e-01;-4.105861783027648926e-01;-1.171919852495193481e-01
-3.913190960884094238e-01;2.322261780500411987e-01;4.708197414875030518e-01
-2.177019715309143066e-01;-7.843018509447574615e-03;-5.260503888130187988e-01
-1.893418133258819580e-01;-4.493120610713958740e-01;3.933987617492675781e-01
2.076678127050399780e-01;-4.935868978500366211e-01;7.191135734319686890e-02
-1.319599151611328125e-01;-2.904981076717376709e-01;3.782370984554290771e-01
2.549076378345489502e-01;2.109439671039581299e-01;1.468822658061981201e-01
2.247569262981414795e-01;4.887149333953857422e-01;1.022796258330345154e-01
-1.198959276080131531e-01;2.913739979267120361e-01;3.770512938499450684e-01
1.882172673940658569e-01;-5.669744610786437988e-01;5.079359933733940125e-02
1.685842424631118774e-01;5.617602467536926270e-01;1.930232718586921692e-02
2.510716915130615234e-01;-4.978919774293899536e-02;-1.657438129186630249e-01
1.849181503057479858e-01;5.803261399269104004e-01;4.832959920167922974e-02
1.734006553888320923e-01;5.452197194099426270e-01;-8.864281326532363892e-02
1.501053571701049805e-01;-5.845658779144287109e-01;-3.832535445690155029e-02
1.948413103818893433e-01;5.352068543434143066e-01;-1.219175085425376892e-01
2.168464660644531250e-01;4.891153872013092041e-01;-1.507908552885055542e-01
1.505995094776153564e-01;-6.354505419731140137e-01;-1.770171686075627804e-03
2.397121787071228027e-01;5.173206329345703125e-01;1.416895091533660889e-01
-1.316268146038055420e-01;5.170214772224426270e-01;3.839066028594970703e-01
1.882184147834777832e-01;-6.497077941894531250e-01;6.726836413145065308e-02
-3.751772344112396240e-01;-7.406121492385864258e-01;-5.359609723091125488e-01
-4.095171988010406494e-01;6.915631890296936035e-01;-5.693420171737670898e-01
2.496949285268783569e-01;-4.893696606159210205e-01;1.708686202764511108e-01
1.374100446701049805e-01;-6.964552998542785645e-01;-1.730993017554283142e-02
-2.249861806631088257e-01;7.455946803092956543e-01;4.149584770202636719e-01
-3.243682533502578735e-02;2.701455168426036835e-02;3.640131950378417969e-01
-2.210667729377746582e-01;7.459663748741149902e-01;-4.428448975086212158e-01
-2.461457252502441406e-01;-7.408127188682556152e-01;3.624953329563140869e-01
2.582426965236663818e-01;2.247272729873657227e-01;-2.102083116769790649e-01
2.141426801681518555e-01;-6.116155982017517090e-01;-1.785157769918441772e-01
1.124020367860794067e-01;-7.816286087036132812e-01;-4.818626493215560913e-02
7.187951356172561646e-02;-7.750934958457946777e-01;-1.533261383883655071e-03
1.196936964988708496e-01;-7.832022309303283691e-01;-1.999443955719470978e-02
1.356280893087387085e-01;7.864394187927246094e-01;5.355546716600656509e-03
1.225247606635093689e-01;-7.760785818099975586e-01;4.639005288481712341e-03
1.163877323269844055e-01;7.706867456436157227e-01;-4.141908138990402222e-02
-1.825569421052932739e-01;-7.431322336196899414e-01;-4.719606339931488037e-01
9.832637012004852295e-02;-7.787402868270874023e-01;-5.593954399228096008e-02
8.881796896457672119e-02;7.774092555046081543e-01;-4.072926938533782959e-02
1.478898823261260986e-01;7.629722952842712402e-01;4.552544653415679932e-02
1.519876420497894287e-01;7.144727110862731934e-01;-9.776097536087036133e-02
8.007793128490447998e-02;-7.756406664848327637e-01;2.481259219348430634e-02
1.425169557332992554e-01;-7.284480333328247070e-01;-9.077437222003936768e-02
-4.092070162296295166e-01;-7.326961159706115723e-01;-5.437885522842407227e-01
2.566091120243072510e-01;3.033118844032287598e-01;-2.188099771738052368e-01
1.608842164278030396e-01;-7.128977179527282715e-01;-1.183133348822593689e-01
1.606226563453674316e-01;7.865557670593261719e-01;6.624283641576766968e-02
1.665779650211334229e-01;7.872410416603088379e-01;6.731644272804260254e-02
-2.165879905223846436e-01;7.409952282905578613e-01;-3.592773079872131348e-01
4.035021364688873291e-02;-7.680614590644836426e-01;1.156555517809465528e-04
2.624875903129577637e-01;3.475354015827178955e-01;2.127128243446350098e-01
1.214035749435424805e-01;-7.811056375503540039e-01;7.362458109855651855e-02
1.762861013412475586e-01;7.097136974334716797e-01;-1.401702016592025757e-01
5.663855001330375671e-02;7.711629867553710938e-01;2.785193733870983124e-02
2.679683268070220947e-01;-7.533801347017288208e-02;2.107738554477691650e-01
1.977350749075412750e-02;7.636058926582336426e-01;-1.772118173539638519e-02
-7.828998565673828125e-02;-6.085166931152343750e-01;3.788303136825561523e-01
9.309572167694568634e-03;7.614289522171020508e-01;-9.187155403196811676e-03
1.985705792903900146e-01;7.591332197189331055e-01;1.151619777083396912e-01
3.434296324849128723e-02;7.659187912940979004e-01;4.378786683082580566e-02
-3.009672276675701141e-02;-2.663548886775970459e-01;3.669007122516632080e-01
1.910680681467056274e-01;7.838907837867736816e-01;1.123219430446624756e-01
1.084945723414421082e-01;7.759868502616882324e-01;-1.100592911243438721e-01
-1.086296662688255310e-01;-7.354395985603332520e-01;-4.993840456008911133e-01
1.275323331356048584e-01;-7.769531011581420898e-01;-1.238731741905212402e-01
-4.505445435643196106e-02;-4.264695048332214355e-01;3.707085549831390381e-01
1.153026968240737915e-01;7.762525081634521484e-01;-1.175126433372497559e-01
-7.083610445261001587e-02;7.363672256469726562e-01;-4.766482412815093994e-01
