-4.095171988010406494e-01;6.915631890296936035e-01;-5.693420171737670898e-01
-3.017044067382812500e-01;7.416214346885681152e-01;-5.352593660354614258e-01
-3.356710076332092285e-01;7.403146028518676758e-01;-4.799782037734985352e-01
-3.735896050930023193e-01;5.988482236862182617e-01;-4.294150173664093018e-01
-3.460605442523956299e-01;4.988164007663726807e-01;-5.464107990264892578e-01
-2.045991569757461548e-01;6.829635500907897949e-01;-4.985922276973724365e-01
-2.210667729377746582e-01;7.459663748741149902e-01;-4.428448975086212158e-01
-2.165879905223846436e-01;7.409952282905578613e-01;-3.592773079872131348e-01
-1.609955132007598877e-01;6.877887248992919922e-01;-4.106757044792175293e-01
-1.912123858928680420e-01;6.256352663040161133e-01;-3.643491864204406738e-01
-4.715644717216491699e-01;-6.328958272933959961e-01;6.058596968650817871e-01
-3.393235802650451660e-01;-6.409500241279602051e-01;5.311948657035827637e-01
-3.067949712276458740e-01;-5.345355272293090820e-01;4.034166932106018066e-01
-2.063107192516326904e-01;-7.382417321205139160e-01;5.144405364990234375e-01
-3.423895239830017090e-01;-3.644389510154724121e-01;5.010361075401306152e-01
-2.820114195346832275e-01;-4.252266585826873779e-01;4.465647637844085693e-01
-2.317691594362258911e-01;-4.950692653656005859e-01;4.050773382186889648e-01
-2.461457252502441406e-01;-7.408127188682556152e-01;3.624953329563140869e-01
-2.497090995311737061e-01;-3.823100328445434570e-01;4.096228182315826416e-01
-1.893418133258819580e-01;-4.493120610713958740e-01;3.933987617492675781e-01
-2.358003854751586914e-01;-2.778270542621612549e-01;2.852500379085540771e-01
-1.762787848711013794e-01;-2.295530587434768677e-01;2.523566484451293945e-01
-2.370284646749496460e-01;-3.856685459613800049e-01;3.564313352108001709e-01
-1.319599151611328125e-01;-2.904981076717376709e-01;3.782370984554290771e-01
-2.607331871986389160e-01;-1.362271904945373535e-01;3.383037745952606201e-01
-1.104798913002014160e-01;-2.420058250427246094e-01;3.694469332695007324e-01
-2.497090995311737061e-01;-3.823100328445434570e-01;4.096228182315826416e-01
-2.856166362762451172e-01;-1.879912316799163818e-01;4.254296720027923584e-01
-2.032642811536788940e-01;-1.467117071151733398e-01;3.962677121162414551e-01
-1.034785956144332886e-01;-4.060212075710296631e-01;2.183519005775451660e-01
-1.512742415070533752e-02;-5.645459890365600586e-01;-2.287420332431793213e-01
-7.718350738286972046e-02;-6.258683204650878906e-01;-2.228751629590988159e-01
-5.573924258351325989e-02;-4.870722591876983643e-01;-3.088161051273345947e-01
-5.992777273058891296e-02;-6.805648803710937500e-01;-2.792416512966156006e-01
-9.898413904011249542e-03;-4.777618646621704102e-01;-1.154900342226028442e-01
-7.067922502756118774e-02;-4.236637055873870850e-01;-1.660942286252975464e-01
4.802845790982246399e-02;-5.320885181427001953e-01;-4.318463802337646484e-02
1.689760684967041016e-01;-5.617541074752807617e-01;-1.455928534269332886e-01
6.243231520056724548e-02;-3.638357818126678467e-01;-2.763309478759765625e-01
2.141426801681518555e-01;-6.116155982017517090e-01;-1.785157769918441772e-01
-2.850160896778106689e-01;2.307957112789154053e-01;-5.323277115821838379e-01
-1.777360588312149048e-01;2.198265790939331055e-01;-5.261310935020446777e-01
-2.120331227779388428e-01;1.441850215196609497e-01;-5.262729525566101074e-01
-2.488704323768615723e-01;2.534599602222442627e-01;-4.154667854309082031e-01
-2.499496638774871826e-01;1.366049796342849731e-01;-4.533901512622833252e-01
-4.279202818870544434e-01;6.890043616294860840e-02;-5.810028910636901855e-01
-1.943888217210769653e-01;4.522577822208404541e-01;-5.261929631233215332e-01
-9.410561621189117432e-02;2.186434864997863770e-01;-3.851268291473388672e-01
-2.681177556514739990e-01;8.507080376148223877e-02;-3.369794189929962158e-01
-2.177019715309143066e-01;-7.843017578125000000e-03;-5.260503888130187988e-01
2.042128592729568481e-01;-7.766830921173095703e-01;-5.115601792931556702e-02
2.036376297473907471e-01;-7.807056903839111328e-01;-3.331059589982032776e-02
2.184154540300369263e-01;-7.816996574401855469e-01;-8.923041075468063354e-02
2.322963029146194458e-01;-7.505707144737243652e-01;-9.264395385980606079e-02
2.053651958703994751e-01;-7.878160476684570312e-01;5.879547446966171265e-03
2.222642451524734497e-01;-7.967420816421508789e-01;1.370614394545555115e-02
1.775934398174285889e-01;-7.440183162689208984e-01;-1.239578723907470703e-01
2.348553538322448730e-01;-7.853072881698608398e-01;-1.313053965568542480e-01
1.425169557332992554e-01;-7.284480333328247070e-01;-9.077437222003936768e-02
1.196936964988708496e-01;-7.832022309303283691e-01;-1.999443955719470978e-02
-1.882432699203491211e-01;2.834559679031372070e-01;2.141954302787780762e-01
-8.105811476707458496e-02;2.047839015722274780e-01;3.186914026737213135e-01
-2.169091999530792236e-02;2.244727164506912231e-01;2.128151357173919678e-01
-1.198959276080131531e-01;2.913739979267120361e-01;3.770512938499450684e-01
-2.474059760570526123e-01;1.786518245935440063e-01;3.534666001796722412e-01
-1.505373865365982056e-01;4.226879477500915527e-01;3.543980121612548828e-01
-7.513076066970825195e-02;4.963844418525695801e-01;1.458321958780288696e-01
1.459565758705139160e-02;1.541066616773605347e-01;1.408266723155975342e-01
-3.052432835102081299e-02;1.596614718437194824e-01;5.773492157459259033e-02
-1.992070078849792480e-01;1.025974303483963013e-01;3.939710855484008789e-01
3.627791628241539001e-02;-2.456954121589660645e-01;1.564137190580368042e-01
1.603938639163970947e-03;-1.801585704088211060e-01;2.501091361045837402e-01
-6.754116714000701904e-02;-3.054820001125335693e-01;1.809568852186203003e-01
1.399762779474258423e-01;-2.552125155925750732e-01;6.385843455791473389e-02
-1.652358099818229675e-02;-3.845022320747375488e-01;1.121263802051544189e-01
1.725119948387145996e-01;-3.290327787399291992e-01;1.674362272024154663e-01
6.222641095519065857e-02;-8.553595840930938721e-02;1.126659512519836426e-01
3.154433146119117737e-02;-2.147946804761886597e-01;-1.762406527996063232e-02
1.566850692033767700e-01;-1.239664927124977112e-01;1.038783639669418335e-01
5.716075748205184937e-02;-4.073041379451751709e-01;7.533419132232666016e-02
2.582426965236663818e-01;2.247272729873657227e-01;-2.102083116769790649e-01
2.566091120243072510e-01;3.033118844032287598e-01;-2.188099771738052368e-01
2.345097362995147705e-01;1.690726578235626221e-01;-1.363197565078735352e-01
2.385231107473373413e-01;2.130961865186691284e-01;-9.518335759639739990e-02
2.196037918329238892e-01;2.989769577980041504e-01;-1.269730478525161743e-01
1.518711149692535400e-01;3.263149559497833252e-01;-2.500500679016113281e-01
2.393447160720825195e-01;3.506610989570617676e-01;-9.840980172157287598e-02
1.761769205331802368e-01;3.710255026817321777e-01;-1.695751249790191650e-01
1.667653024196624756e-01;2.316823899745941162e-01;-4.186408221721649170e-02
8.580160140991210938e-02;1.606219857931137085e-01;-1.456934809684753418e-01
1.718820780515670776e-01;4.786655008792877197e-01;1.236856728792190552e-02
2.228545993566513062e-01;4.586147964000701904e-01;9.745492599904537201e-03
1.341249197721481323e-01;4.765792191028594971e-01;-4.285493865609169006e-02
1.685842424631118774e-01;5.617602467536926270e-01;1.930232718586921692e-02
1.423953920602798462e-01;5.470643043518066406e-01;7.857801765203475952e-02
2.247569262981414795e-01;4.887149333953857422e-01;1.022796258330345154e-01
1.849181503057479858e-01;5.803261399269104004e-01;4.832959920167922974e-02
1.772172600030899048e-01;3.967804312705993652e-01;-7.490988075733184814e-02
1.734006553888320923e-01;5.452197194099426270e-01;-8.864281326532363892e-02
4.867844283580780029e-02;4.391135573387145996e-01;4.236653447151184082e-03
-4.609659016132354736e-01;4.294643998146057129e-01;5.699228644371032715e-01
-3.443228602409362793e-01;4.889776110649108887e-01;5.382518768310546875e-01
-3.560948967933654785e-01;2.670474052429199219e-01;4.816363155841827393e-01
-2.907757759094238281e-01;4.775618314743041992e-01;4.496898055076599121e-01
-3.913190960884094238e-01;2.322261780500411987e-01;4.708197414875030518e-01
-3.403210937976837158e-01;6.026270389556884766e-01;4.432616531848907471e-01
-2.651644349098205566e-01;4.215573668479919434e-01;4.154332280158996582e-01
-3.323467969894409180e-01;6.557161211967468262e-01;5.287832021713256836e-01
-2.000342607498168945e-01;4.100619256496429443e-01;5.143442749977111816e-01
-2.774040400981903076e-01;2.302662134170532227e-01;5.163914561271667480e-01
4.184343293309211731e-02;7.509939372539520264e-02;-6.020678207278251648e-02
-2.570838853716850281e-02;1.155840307474136353e-01;-9.258478879928588867e-02
1.180760264396667480e-01;1.368772983551025391e-01;-4.024386405944824219e-03
1.266189217567443848e-01;5.325066298246383667e-02;2.251065149903297424e-02
8.580160140991210938e-02;1.606219857931137085e-01;-1.456934809684753418e-01
1.701929718255996704e-01;2.725506201386451721e-02;-2.159026637673377991e-02
3.442972525954246521e-02;-6.326544284820556641e-02;2.335938438773155212e-02
-3.052432462573051453e-02;1.596614718437194824e-01;5.773492529988288879e-02
4.415435343980789185e-02;2.376606166362762451e-01;-4.383831471204757690e-02
1.795532703399658203e-01;1.449883282184600830e-01;3.536753356456756592e-04
-2.634272277355194092e-01;-4.072448015213012695e-01;-3.452760279178619385e-01
-2.583740651607513428e-01;-5.349684953689575195e-01;-2.984034419059753418e-01
-2.525010406970977783e-01;-5.321414470672607422e-01;-4.075166881084442139e-01
-2.946907281875610352e-01;-3.980409801006317139e-01;-5.020102858543395996e-01
-2.744251489639282227e-01;-3.573881089687347412e-01;-5.279159545898437500e-01
-9.957230091094970703e-02;-3.204874396324157715e-01;-2.888251245021820068e-01
-2.859924733638763428e-01;-2.211169153451919556e-01;-4.632328450679779053e-01
-5.573923885822296143e-02;-4.870722591876983643e-01;-3.088161051273345947e-01
-7.067921757698059082e-02;-4.236637055873870850e-01;-1.660942286252975464e-01
-4.048382341861724854e-01;-4.096238315105438232e-01;-5.698220133781433105e-01
