-2.542220652103424072e-01;9.185945987701416016e-02;-4.662591516971588135e-01
6.980131268501281738e-01;1.163400635123252869e-01;-3.332402408123016357e-01
-2.543484568595886230e-01;1.056507900357246399e-01;4.113532602787017822e-01
1.740826070308685303e-01;9.870102256536483765e-02;2.162630707025527954e-01
3.110032975673675537e-01;2.133755236864089966e-01;2.104821354150772095e-01
-2.557620406150817871e-01;-4.269052445888519287e-01;-6.076229270547628403e-03
-2.549493610858917236e-01;5.009911656379699707e-01;4.278385937213897705e-01
3.172981739044189453e-02;2.905142903327941895e-01;-2.599757313728332520e-01
1.996143609285354614e-01;-5.568891018629074097e-02;2.121426463127136230e-01
-2.546878159046173096e-01;3.778665959835052490e-01;-4.553795158863067627e-01
-2.281180024147033691e-01;1.119109541177749634e-01;-2.755644619464874268e-01
-2.543817758560180664e-01;-2.070861496031284332e-02;3.896997272968292236e-01
-2.549560070037841797e-01;-2.717746496200561523e-01;2.890883982181549072e-01
7.033774852752685547e-01;4.922831356525421143e-01;4.921613335609436035e-01
3.257689476013183594e-01;-2.217345684766769409e-01;-3.310758471488952637e-01
-2.554538846015930176e-01;-3.405073881149291992e-01;1.296071857213973999e-01
-2.557030320167541504e-01;4.189419448375701904e-01;-2.194101177155971527e-02
-2.549087107181549072e-01;3.994870930910110474e-02;-2.112942337989807129e-01
-2.552619874477386475e-01;-3.842672109603881836e-01;-2.683186233043670654e-01
5.547155737876892090e-01;-1.696506887674331665e-01;1.584116369485855103e-01
-1.701492816209793091e-01;-4.713412225246429443e-01;1.015308350324630737e-01
5.636062026023864746e-01;-2.718540430068969727e-01;-3.719094395637512207e-01
-2.345913797616958618e-01;1.294198036193847656e-01;1.476284265518188477e-01
-1.298949867486953735e-01;1.889820992946624756e-01;-2.465443462133407593e-01
7.351981103420257568e-02;-3.288801759481430054e-02;-2.994307577610015869e-01
-2.550182342529296875e-01;2.197069078683853149e-01;2.293774187564849854e-01
6.637567877769470215e-01;-3.229319751262664795e-01;3.885966241359710693e-01
-1.623204648494720459e-01;4.724412262439727783e-01;1.548793017864227295e-01
-2.551096975803375244e-01;-4.087201058864593506e-01;3.278960585594177246e-01
-2.547437846660614014e-01;2.064624279737472534e-01;3.218595385551452637e-01
-2.548810541629791260e-01;-2.549467794597148895e-02;2.149962037801742554e-01
-2.548355460166931152e-01;-1.137204915285110474e-01;-2.620353698730468750e-01
3.155265152454376221e-01;7.380978763103485107e-02;-4.136024117469787598e-01
-1.307350993156433105e-01;2.830752730369567871e-01;4.766656756401062012e-01
-1.500487029552459717e-01;-3.281156718730926514e-01;-2.468521893024444580e-01
6.474924087524414062e-01;1.970049589872360229e-01;3.198882341384887695e-01
1.962015032768249512e-01;1.291598379611968994e-01;4.322441518306732178e-01
-2.557706534862518311e-01;-4.400660097599029541e-01;-5.583446845412254333e-02
-2.542306482791900635e-01;-3.977048397064208984e-02;-4.553813338279724121e-01
-2.545469403266906738e-01;6.444273889064788818e-02;-3.536804020404815674e-01
4.193939268589019775e-01;-2.410316616296768188e-01;-3.144116699695587158e-01
-2.550089359283447266e-01;-1.339202281087636948e-02;1.457497477531433105e-01
-2.547874748706817627e-01;-1.402833610773086548e-01;2.797092795372009277e-01
4.023403823375701904e-01;4.739058613777160645e-01;1.864071637392044067e-01
2.062153965234756470e-01;-1.409165412187576294e-01;3.857531249523162842e-01
-2.548889517784118652e-01;-3.878042697906494141e-01;-3.992237448692321777e-01
-2.551200985908508301e-01;-2.448851764202117920e-01;2.061379104852676392e-01
-2.550089359283447266e-01;-1.339202281087636948e-02;1.457497477531433105e-01
-2.551278471946716309e-01;-3.502970933914184570e-01;2.824589610099792480e-01
-2.554335594177246094e-01;2.925681173801422119e-01;-4.353864118456840515e-02
1.370841115713119507e-01;4.259288311004638672e-01;1.295457929372787476e-01
-2.551637887954711914e-01;4.293552637100219727e-01;-3.221984505653381348e-01
-2.545634210109710693e-01;-2.536037564277648926e-01;-4.231227934360504150e-01
1.823048591613769531e-01;4.750019609928131104e-01;-2.732470929622650146e-01
-2.551436424255371094e-01;4.379296600818634033e-01;3.321670889854431152e-01
6.885502934455871582e-01;-1.311554610729217529e-01;-3.646646440029144287e-02
-2.549104392528533936e-01;-4.449468255043029785e-01;-4.221396148204803467e-01
1.589990705251693726e-01;-4.460022151470184326e-01;5.165466070175170898e-01
6.420606374740600586e-01;8.240578323602676392e-02;1.670444607734680176e-01
-2.553607225418090820e-01;2.580801546573638916e-01;5.751868709921836853e-02
-2.541984617710113525e-01;-8.895049989223480225e-02;4.549213349819183350e-01
-2.552444040775299072e-01;4.300473630428314209e-01;-2.956254780292510986e-01
-2.552769184112548828e-01;-3.091121017932891846e-01;-1.973124593496322632e-01
4.285423085093498230e-02;-4.706732332706451416e-01;-5.276618897914886475e-02
-2.547983527183532715e-01;4.089008867740631104e-01;-4.348097145557403564e-01
-2.548797130584716797e-01;1.011707261204719543e-01;-2.375629097223281860e-01
1.831154376268386841e-01;3.389387726783752441e-01;-4.192084372043609619e-01
-4.247798770666122437e-02;-1.530774682760238647e-01;-1.729275844991207123e-02
-2.546536326408386230e-01;-1.415172666311264038e-01;3.263503611087799072e-01
3.835133835673332214e-02;2.491908967494964600e-01;1.186352316290140152e-02
-1.154574677348136902e-01;7.545057684183120728e-03;7.707598805427551270e-02
5.589221715927124023e-01;3.245334699749946594e-02;-3.519552350044250488e-01
-2.557400763034820557e-01;5.077729821205139160e-01;1.401330977678298950e-01
-2.551437020301818848e-01;-5.009549856185913086e-01;3.711847662925720215e-01
3.029154837131500244e-01;2.457157969474792480e-01;-2.350944578647613525e-01
-2.550919651985168457e-01;3.306373357772827148e-01;2.770929038524627686e-01
6.371067166328430176e-01;-2.555615305900573730e-01;-3.488848358392715454e-02
4.219896495342254639e-01;4.291062057018280029e-01;2.563257217407226562e-01
-2.551137804985046387e-01;3.984282910823822021e-02;-6.817752867937088013e-02
-2.556013464927673340e-01;-4.195904135704040527e-01;-1.531883776187896729e-01
-2.545244991779327393e-01;-3.390304446220397949e-01;-4.928552210330963135e-01
-2.549757957458496094e-01;-2.651787735521793365e-02;1.672191619873046875e-01
-1.692119836807250977e-01;-1.948805600404739380e-01;-1.501918733119964600e-01
4.446192085742950439e-01;-5.458868667483329773e-02;-4.403890967369079590e-01
5.035982728004455566e-01;3.140173852443695068e-01;-3.599792718887329102e-02
-2.554832100868225098e-01;3.119879066944122314e-01;-5.191063042730093002e-03
-2.547563016414642334e-01;-4.173739254474639893e-01;4.435092210769653320e-01
-2.546171545982360840e-01;-7.587372511625289917e-02;3.205955028533935547e-01
4.843171834945678711e-01;1.114053949713706970e-01;2.784570455551147461e-01
5.544062256813049316e-01;-1.091407462954521179e-01;4.015696644783020020e-01
7.638467103242874146e-02;1.417700946331024170e-01;4.373250305652618408e-01
-2.549227178096771240e-01;1.357038691639900208e-02;1.919555515050888062e-01
-2.549454569816589355e-01;-1.987353712320327759e-01;-2.576650977134704590e-01
6.494243144989013672e-01;4.470195472240447998e-01;-6.755136698484420776e-02
-2.061367630958557129e-01;3.801166117191314697e-01;3.595049977302551270e-01
-2.546554505825042725e-01;5.071350187063217163e-02;-3.132350742816925049e-01
1.115925386548042297e-01;8.088314533233642578e-02;-3.206786513328552246e-02
-2.543515861034393311e-01;-3.253975808620452881e-01;5.178439617156982422e-01
1.092953607439994812e-01;-3.598701357841491699e-01;-4.674911201000213623e-01
-2.554115355014801025e-01;3.745001554489135742e-01;-1.915594339370727539e-01
-2.539780735969543457e-01;7.598624378442764282e-02;5.177299380302429199e-01
3.212236166000366211e-01;-1.678283363580703735e-01;2.545372545719146729e-01
6.397770047187805176e-01;-4.927039146423339844e-01;-7.358854170888662338e-03
-2.552863061428070068e-01;-1.988131254911422729e-01;-2.853590622544288635e-02
-2.546398937702178955e-01;1.708425879478454590e-01;3.403368294239044189e-01
-2.545093297958374023e-01;3.419297337532043457e-01;4.735778272151947021e-01
-2.547295391559600830e-01;-3.758671134710311890e-02;-2.853507697582244873e-01
-2.546839118003845215e-01;-1.929648965597152710e-01;-3.509413003921508789e-01
2.649874985218048096e-02;-3.356080949306488037e-01;2.993849217891693115e-01
-2.557802796363830566e-01;4.726361930370330811e-01;-2.423247136175632477e-02
-2.548329830169677734e-01;2.373923659324645996e-01;-3.179183900356292725e-01
-2.541434168815612793e-01;-1.275662779808044434e-01;4.817306697368621826e-01
-2.557821571826934814e-01;-4.409723579883575439e-01;-3.911739960312843323e-02
6.960070729255676270e-01;1.610415130853652954e-01;4.184956550598144531e-01
6.929432153701782227e-01;4.891813695430755615e-01;1.904111951589584351e-01
3.994529545307159424e-01;3.447085022926330566e-01;-1.477327644824981689e-01
3.090681135654449463e-01;2.957374043762683868e-02;8.664503693580627441e-02
2.081271111965179443e-01;-1.295498162508010864e-01;-1.935006529092788696e-01
-1.100988965481519699e-02;1.304032187908887863e-02;4.294491410255432129e-01
-1.745290458202362061e-01;2.547665536403656006e-01;3.397013843059539795e-01
-2.555963993072509766e-01;-3.809520006179809570e-01;9.273649007081985474e-02
-2.550075352191925049e-01;5.750304087996482849e-02;-1.628643572330474854e-01
-4.383959621191024780e-02;-3.777872622013092041e-01;-1.813775449991226196e-01
1.084330398589372635e-02;-1.582972705364227295e-01;-4.690527915954589844e-01
-2.532198131084442139e-01;3.049060404300689697e-01;2.041633725166320801e-01
-2.544212341308593750e-01;-2.266682535409927368e-01;4.362355172634124756e-01
-1.780944913625717163e-01;-3.748685419559478760e-01;3.750438988208770752e-01
-2.071494758129119873e-01;-1.109883338212966919e-01;-3.750668168067932129e-01
-2.557637095451354980e-01;5.121640563011169434e-01;1.634325534105300903e-01
2.440717518329620361e-01;4.025751948356628418e-01;-4.567997753620147705e-01
-2.554208338260650635e-01;-2.781159877777099609e-01;-1.850409992039203644e-02
5.021278262138366699e-01;4.570169374346733093e-02;-1.941511183977127075e-01
3.930809348821640015e-02;4.321656227111816406e-01;4.285712242126464844e-01
5.107994675636291504e-01;-1.682461611926555634e-02;4.099405705928802490e-01
-2.550731897354125977e-01;3.920865803956985474e-02;1.036091595888137817e-01
-2.539582252502441406e-01;7.401788607239723206e-04;5.177450180053710938e-01
7.354727983474731445e-01;4.837269186973571777e-01;-2.210530787706375122e-01
-2.552769184112548828e-01;-3.091121017932891846e-01;-1.973124593496322632e-01
5.075376033782958984e-01;-5.195536017417907715e-01;-2.567534744739532471e-01
-2.546808421611785889e-01;1.047565266489982605e-01;3.048031926155090332e-01
2.085588574409484863e-01;2.142334878444671631e-01;-4.248700663447380066e-02
-2.551666200160980225e-01;2.005268037319183350e-01;-1.447271108627319336e-01
-2.554319202899932861e-01;-3.738206624984741211e-01;-1.868043094873428345e-01
-1.623046696186065674e-01;1.885624527931213379e-01;3.855310380458831787e-01
-2.549308538436889648e-01;4.033075571060180664e-01;3.779983222484588623e-01
-4.324290528893470764e-02;-2.683725580573081970e-02;1.279748082160949707e-01
-2.550019919872283936e-01;7.887022197246551514e-02;-1.712602972984313965e-01
-2.557099163532257080e-01;4.260382056236267090e-01;6.972631067037582397e-02
-2.546544969081878662e-01;2.108899354934692383e-01;-3.657023012638092041e-01
7.050207853317260742e-01;4.557176232337951660e-01;-4.488753974437713623e-01
-2.327042967081069946e-01;-4.249211549758911133e-01;-3.789503574371337891e-01
-2.549981474876403809e-01;-7.968369871377944946e-02;1.675679087638854980e-01
-2.546610832214355469e-01;2.104937732219696045e-01;-3.633300364017486572e-01
-2.552877068519592285e-01;-2.367617040872573853e-01;-1.042358353734016418e-01
-2.554335594177246094e-01;2.925681173801422119e-01;-4.353864118456840515e-02
1.531446576118469238e-01;2.464207708835601807e-01;1.816220283508300781e-01
5.603705048561096191e-01;-5.905129387974739075e-02;-4.015078842639923096e-01
-2.544774413108825684e-01;-3.366078734397888184e-01;-5.078285932540893555e-01
-2.551096975803375244e-01;-4.087201058864593506e-01;3.278960585594177246e-01
1.514669954776763916e-01;-2.549132406711578369e-01;4.257491230964660645e-01
-3.331492096185684204e-02;2.912648916244506836e-01;-1.328463703393936157e-01
-8.066046983003616333e-02;-4.200689494609832764e-01;1.272313296794891357e-01
-2.551444768905639648e-01;-1.072632148861885071e-01;7.837411016225814819e-02
-2.553607225418090820e-01;2.580801546573638916e-01;5.751868709921836853e-02
5.029752254486083984e-01;4.448188841342926025e-02;8.222060650587081909e-02
-2.542760670185089111e-01;1.462788283824920654e-01;-4.639066457748413086e-01
1.761972457170486450e-01;-1.766242235898971558e-01;-5.766382068395614624e-02
6.867814064025878906e-01;2.649731934070587158e-01;1.233201399445533752e-01
-2.545298337936401367e-01;3.239191770553588867e-01;-4.754948318004608154e-01
-8.325095474720001221e-02;2.874961495399475098e-01;2.263659983873367310e-01
2.875905334949493408e-01;1.012696772813796997e-01;-2.312327772378921509e-01
-2.547260224819183350e-01;-6.373973935842514038e-02;2.801650762557983398e-01
-2.546484768390655518e-01;2.750970050692558289e-02;3.036757111549377441e-01
6.990935802459716797e-01;-4.876055717468261719e-01;3.431190252304077148e-01
-1.604064851999282837e-01;-2.624175250530242920e-01;9.322928264737129211e-03
-2.550058960914611816e-01;-1.457502879202365875e-02;1.476847380399703979e-01
-2.555069923400878906e-01;3.577543199062347412e-01;1.127296164631843567e-01
2.056717425584793091e-01;-3.443065881729125977e-01;2.229621708393096924e-01
-2.556744217872619629e-01;4.663340151309967041e-01;1.523299962282180786e-01
-2.638047561049461365e-02;3.079378604888916016e-02;2.978071868419647217e-01
-2.556685507297515869e-01;-4.922287166118621826e-01;-1.985376477241516113e-01
-2.544714212417602539e-01;5.320660024881362915e-02;-3.777372241020202637e-01
-1.847234368324279785e-01;1.937472820281982422e-01;-6.326733157038688660e-03
-2.550182342529296875e-01;2.197069078683853149e-01;2.293774187564849854e-01
2.073862999677658081e-01;5.087953060865402222e-02;3.294143676757812500e-01
-2.542157173156738281e-01;-4.452736675739288330e-02;4.423042833805084229e-01
-2.551383972167968750e-01;4.356123507022857666e-01;-3.342328667640686035e-01
-2.548840939998626709e-01;-1.162078306078910828e-01;2.335482835769653320e-01
-2.547083795070648193e-01;-2.695503234863281250e-01;-3.836076259613037109e-01
4.239753186702728271e-01;7.539790123701095581e-02;3.330457806587219238e-01
-2.541907727718353271e-01;1.828914731740951538e-01;-5.079210996627807617e-01
1.459022015333175659e-01;3.497918844223022461e-01;-1.868292540311813354e-01
-2.550526261329650879e-01;3.493349850177764893e-01;3.048890829086303711e-01
-2.547159492969512939e-01;-2.526251375675201416e-01;-3.712944388389587402e-01
-2.558524906635284424e-01;-4.638246595859527588e-01;1.175383757799863815e-02
-2.550620138645172119e-01;-6.629831343889236450e-02;-1.303858011960983276e-01
5.941292643547058105e-01;3.797968029975891113e-01;-3.950565755367279053e-01
-2.549560070037841797e-01;-2.717746496200561523e-01;2.890883982181549072e-01
6.916133165359497070e-01;-2.741192877292633057e-01;3.902204632759094238e-01
-2.556085288524627686e-01;3.999062776565551758e-01;-9.856526553630828857e-02
6.318685412406921387e-01;5.230823755264282227e-01;-1.019906848669052124e-01
-2.541424036026000977e-01;-1.386585533618927002e-01;-5.078459978103637695e-01
5.526342988014221191e-01;-4.798348248004913330e-01;3.734009563922882080e-01
-2.552674710750579834e-01;-5.109100937843322754e-01;-3.567301034927368164e-01
6.555602550506591797e-01;2.967818975448608398e-01;3.712367117404937744e-01
-2.551514506340026855e-01;7.724770158529281616e-02;8.610698569100350142e-05
4.091385900974273682e-01;-2.549296021461486816e-01;-4.825176894664764404e-01
-2.544896304607391357e-01;-1.766876429319381714e-01;3.926680684089660645e-01
-2.553533017635345459e-01;-5.028957128524780273e-01;3.143232762813568115e-01
1.176939010620117188e-01;5.132688283920288086e-01;-3.588961660861968994e-01
-2.228683233261108398e-01;5.125102996826171875e-01;-2.811774015426635742e-01
-2.550459206104278564e-01;-4.575299620628356934e-01;-3.873315751552581787e-01
-2.554232478141784668e-01;-5.108312368392944336e-01;1.105476394295692444e-01
4.488851130008697510e-02;4.592735469341278076e-01;4.549733996391296387e-01
7.350561022758483887e-01;2.683933377265930176e-01;2.828946411609649658e-01
-2.558946311473846436e-01;5.121238231658935547e-01;9.815381467342376709e-02
-2.553533017635345459e-01;-5.028957128524780273e-01;3.143232762813568115e-01
7.346572875976562500e-01;-2.614215612411499023e-01;2.568513154983520508e-01
7.230412364006042480e-01;-1.153882965445518494e-01;-1.503341197967529297e-01
-2.558331787586212158e-01;-5.031353235244750977e-01;5.631909891963005066e-02
-2.555401325225830078e-01;-4.761588871479034424e-01;-2.324380427598953247e-01
7.203215956687927246e-01;5.165698528289794922e-01;-4.629172086715698242e-01
-2.542208731174468994e-01;1.169487237930297852e-01;4.537143409252166748e-01
6.825186014175415039e-01;5.197221636772155762e-01;3.039616346359252930e-01
-2.556892633438110352e-01;5.121358036994934082e-01;-1.876543611288070679e-01
-2.546839118003845215e-01;-1.929648965597152710e-01;-3.509413003921508789e-01
1.700783669948577881e-01;-4.563173279166221619e-02;4.536350071430206299e-01
5.521628260612487793e-01;-5.161222815513610840e-01;-4.825447201728820801e-01
-2.542281448841094971e-01;2.076325267553329468e-01;-5.079296827316284180e-01
-2.550547420978546143e-01;5.120568275451660156e-01;4.012585580348968506e-01
-2.542249560356140137e-01;4.033700004220008850e-02;4.383047521114349365e-01
-2.553677558898925781e-01;-5.079768896102905273e-01;-2.580898702144622803e-01
6.749255582690238953e-03;5.131261944770812988e-01;-1.916761845350265503e-01
-2.544076442718505859e-01;1.649590879678726196e-01;4.114139974117279053e-01
-2.542428374290466309e-01;-2.128736972808837891e-01;-5.078365802764892578e-01
-2.547260224819183350e-01;-3.593131601810455322e-01;4.178148508071899414e-01
7.011000066995620728e-02;-2.656998671591281891e-02;-5.067794919013977051e-01
5.179114267230033875e-02;-9.113759547472000122e-02;4.546434283256530762e-01
-2.544379830360412598e-01;1.403155084699392319e-02;-3.851801455020904541e-01
-2.547485530376434326e-01;-5.048534274101257324e-01;-4.710826575756072998e-01
-2.552995979785919189e-01;-2.085430175065994263e-01;2.442590892314910889e-02
6.945077180862426758e-01;5.217427611351013184e-01;-2.067827731370925903e-01
6.755874156951904297e-01;-5.230852365493774414e-01;-8.856751024723052979e-02
6.671035885810852051e-01;5.246062278747558594e-01;1.586603187024593353e-02
-2.558887004852294922e-01;-5.047443509101867676e-01;1.035427302122116089e-01
7.179157733917236328e-01;-3.787780702114105225e-01;1.205446273088455200e-01
-3.325769910588860512e-03;-1.467581689357757568e-01;-5.070803761482238770e-01
-2.552576959133148193e-01;5.120924711227416992e-01;-3.449361026287078857e-01
1.945864558219909668e-01;-3.025759160518646240e-01;4.365323483943939209e-01
3.660973608493804932e-01;5.156121850013732910e-01;6.143751740455627441e-02
-2.547770142555236816e-01;-5.065008997917175293e-01;-5.011716485023498535e-01
-2.556241452693939209e-01;-5.109081864356994629e-01;-2.398992925882339478e-01
-2.549854218959808350e-01;5.121987462043762207e-01;4.216406941413879395e-01
-2.548459470272064209e-01;4.787896871566772461e-01;4.511044323444366455e-01
-2.540654838085174561e-01;3.447813168168067932e-02;-5.078791379928588867e-01
5.215568542480468750e-01;-5.178582668304443359e-01;3.363946825265884399e-02
-2.558582127094268799e-01;-5.107415914535522461e-01;1.394930034875869751e-01
7.387880682945251465e-01;-5.173472166061401367e-01;3.422861993312835693e-01
6.335379481315612793e-01;-5.157669186592102051e-01;-4.569022655487060547e-01
-2.540967464447021484e-01;-8.918818831443786621e-02;-5.078542232513427734e-01
-2.558657228946685791e-01;5.112526416778564453e-01;-1.040585786104202271e-01
1.389063894748687744e-01;-5.121204257011413574e-01;3.723495900630950928e-01
7.102174162864685059e-01;4.760590791702270508e-01;1.187661662697792053e-01
-2.546414434909820557e-01;3.590743243694305420e-01;4.422799348831176758e-01
7.045288085937500000e-01;-5.180814862251281738e-01;-2.988095581531524658e-01
-2.557188272476196289e-01;5.041285157203674316e-01;-5.262282863259315491e-02
7.370711565017700195e-01;-9.665685892105102539e-02;3.349946141242980957e-01
-2.557280361652374268e-01;-5.110427737236022949e-01;5.600032582879066467e-02
-2.548065483570098877e-01;5.119048357009887695e-01;-5.080592036247253418e-01
5.161867737770080566e-01;-2.498817294836044312e-01;3.725531399250030518e-01
-2.455620318651199341e-01;5.124866366386413574e-01;-5.661072954535484314e-02
-2.554855644702911377e-01;-5.107318758964538574e-01;2.820499241352081299e-01
1.644368171691894531e-01;-5.124884247779846191e-01;-2.699144780635833740e-01
-2.550188601016998291e-01;1.510904878377914429e-01;1.871529072523117065e-01
-2.541836798191070557e-01;-1.243983954191207886e-01;4.682416021823883057e-01
7.366337776184082031e-01;4.922465607523918152e-02;-4.825447797775268555e-01
7.305471897125244141e-01;-7.609262131154537201e-03;1.259407103061676025e-01
3.747749924659729004e-01;5.185686349868774414e-01;-3.276867568492889404e-01
-1.081094890832901001e-01;-5.116411447525024414e-01;9.939620643854141235e-02
1.559480726718902588e-01;1.691592037677764893e-01;-5.064327120780944824e-01
-2.549493610858917236e-01;5.009911656379699707e-01;4.278385937213897705e-01
-2.541984617710113525e-01;-8.895049989223480225e-02;4.549213349819183350e-01
-2.546944618225097656e-01;-4.050244390964508057e-01;-4.803945124149322510e-01
-2.543246150016784668e-01;-2.499193251132965088e-01;4.789007306098937988e-01
4.608633518218994141e-01;2.501381039619445801e-01;-4.825478494167327881e-01
-2.556055486202239990e-01;4.903433918952941895e-01;2.115396261215209961e-01
-2.550731897354125977e-01;1.219852194190025330e-01;-1.467215418815612793e-01
2.537862062454223633e-01;-5.131695866584777832e-01;-4.104073718190193176e-02
-2.541907727718353271e-01;1.828914731740951538e-01;-5.079210996627807617e-01
7.345954775810241699e-01;4.519992172718048096e-01;-3.739673197269439697e-01
-2.556241452693939209e-01;-5.109081864356994629e-01;-2.398992925882339478e-01
6.692780256271362305e-01;5.245109796524047852e-01;6.146282702684402466e-02
-2.548065483570098877e-01;5.119048357009887695e-01;-5.080592036247253418e-01
6.868340373039245605e-01;-4.507103860378265381e-01;-7.985333353281021118e-02
-2.546350359916687012e-01;-4.108810722827911377e-01;-5.078281760215759277e-01
-2.541245818138122559e-01;-6.047876179218292236e-02;4.713059961795806885e-01
-2.557120323181152344e-01;-5.032462477684020996e-01;9.038507007062435150e-03
-2.547267377376556396e-01;4.099467396736145020e-01;-4.609181880950927734e-01
-2.542428374290466309e-01;-2.128736972808837891e-01;-5.078365802764892578e-01
-2.558662593364715576e-01;-4.824911355972290039e-01;-3.088071756064891815e-02
