-5.135167837142944336e-01;2.817385457456111908e-02;-4.182960987091064453e-01
7.926366329193115234e-01;1.254054754972457886e-01;-3.012980818748474121e-01
-3.983824253082275391e-01;1.098354086279869080e-01;3.482404947280883789e-01
3.554053902626037598e-01;2.537972107529640198e-02;2.035934478044509888e-01
5.280429720878601074e-01;2.437783181667327881e-01;1.337626129388809204e-01
-6.148197650909423828e-01;-3.321077823638916016e-01;4.020731151103973389e-02
-6.144319176673889160e-01;4.225939214229583740e-01;2.871198356151580811e-01
2.164317220449447632e-01;2.252614498138427734e-01;-2.436095476150512695e-01
3.473110795021057129e-01;-3.741906583309173584e-02;1.613966226577758789e-01
-1.194296777248382568e-01;2.666283845901489258e-01;-3.809953331947326660e-01
3.624911606311798096e-02;9.435316920280456543e-02;-2.282019853591918945e-01
-4.231351613998413086e-02;-1.857367111369967461e-03;2.786482870578765869e-01
-6.148311495780944824e-01;-1.795372515916824341e-01;2.041560858488082886e-01
7.679284214973449707e-01;4.052449762821197510e-01;2.739868462085723877e-01
4.808382391929626465e-01;-1.446034014225006104e-01;-3.359590172767639160e-01
-5.009744167327880859e-01;-2.119930833578109741e-01;8.428076654672622681e-02
-2.120805531740188599e-01;3.517094552516937256e-01;6.831672042608261108e-02
-2.217392325401306152e-01;7.762546092271804810e-02;-2.109931409358978271e-01
-3.811002373695373535e-01;-1.944437921047210693e-01;-2.398411333560943604e-01
7.476044297218322754e-01;-1.419116109609603882e-01;1.031313613057136536e-01
1.408535540103912354e-01;-4.163843989372253418e-01;1.417425423860549927e-01
5.792146921157836914e-01;-2.767647504806518555e-01;-2.896722853183746338e-01
8.209648542106151581e-03;1.782099902629852295e-01;1.509904563426971436e-01
1.167615279555320740e-01;1.574337929487228394e-01;-2.045715451240539551e-01
2.832194268703460693e-01;-2.425688877701759338e-02;-2.480382025241851807e-01
-5.663327574729919434e-01;1.520191580057144165e-01;2.776424288749694824e-01
7.886234521865844727e-01;-2.754578888416290283e-01;2.798852920532226562e-01
4.077181220054626465e-02;4.226345121860504150e-01;1.484503298997879028e-01
-1.733022332191467285e-01;-3.110286295413970947e-01;2.627857327461242676e-01
-2.274266481399536133e-01;1.508131474256515503e-01;2.033589780330657959e-01
-6.148337125778198242e-01;-2.536762133240699768e-02;1.763510107994079590e-01
-1.035622134804725647e-01;-1.451630145311355591e-01;-2.360280901193618774e-01
5.406015515327453613e-01;1.233666613698005676e-01;-3.329245448112487793e-01
9.531589597463607788e-02;1.991601437330245972e-01;3.872935771942138672e-01
7.321070879697799683e-02;-2.715290486812591553e-01;-2.374325692653656006e-01
7.179197072982788086e-01;1.862863600254058838e-01;2.464016824960708618e-01
4.418240785598754883e-01;9.056597948074340820e-02;3.465565443038940430e-01
-8.307278156280517578e-02;-3.110396265983581543e-01;-1.561367064714431763e-01
-6.080917716026306152e-01;-5.399698391556739807e-02;-3.859916031360626221e-01
-6.148149371147155762e-01;5.090543627738952637e-02;-3.012687265872955322e-01
5.507514476776123047e-01;-2.376807928085327148e-01;-2.711144685745239258e-01
-3.116870820522308350e-01;2.658604830503463745e-02;8.501951396465301514e-02
-4.498343169689178467e-01;-1.125009208917617798e-01;2.448098659515380859e-01
5.342522859573364258e-01;3.531601727008819580e-01;1.355957984924316406e-01
3.577121198177337646e-01;-1.254349797964096069e-01;3.886287808418273926e-01
-4.732244461774826050e-02;-3.429620862007141113e-01;-3.094260096549987793e-01
-7.358743250370025635e-02;-2.684176862239837646e-01;1.469469070434570312e-01
-1.220145002007484436e-01;1.945142867043614388e-03;1.302478015422821045e-01
-2.852331399917602539e-01;-2.718145251274108887e-01;2.023162096738815308e-01
-6.148420572280883789e-01;2.234063446521759033e-01;4.224389325827360153e-03
3.197086751461029053e-01;3.467206954956054688e-01;1.352535933256149292e-01
-6.148039102554321289e-01;3.598606288433074951e-01;-2.735300064086914062e-01
5.306049436330795288e-02;-2.054013758897781372e-01;-3.473902046680450439e-01
4.222129881381988525e-01;3.897489309310913086e-01;-2.309216856956481934e-01
-6.006185412406921387e-01;3.515928685665130615e-01;3.171708285808563232e-01
7.057646512985229492e-01;-1.465274393558502197e-01;-1.115750595927238464e-01
-4.896269440650939941e-01;-3.732682168483734131e-01;-3.693179190158843994e-01
3.676786422729492188e-01;-4.165219962596893311e-01;3.869464993476867676e-01
7.797203660011291504e-01;1.038168594241142273e-01;1.175236776471138000e-01
-2.723613977432250977e-01;2.069777250289916992e-01;1.032470986247062683e-01
-6.148334741592407227e-01;-1.029322966933250427e-01;3.168895840644836426e-01
-4.111230745911598206e-02;2.762674689292907715e-01;-1.969870775938034058e-01
-6.148191094398498535e-01;-2.324245721101760864e-01;-1.310579478740692139e-01
2.932475209236145020e-01;-3.839838802814483643e-01;-4.254835844039916992e-02
-5.191825628280639648e-01;3.535097837448120117e-01;-3.210555613040924072e-01
-3.832768499851226807e-01;1.192029416561126709e-01;-1.445580124855041504e-01
3.585498332977294922e-01;2.323550432920455933e-01;-3.484889864921569824e-01
2.142519801855087280e-01;-1.039556786417961121e-01;-2.439133450388908386e-02
-8.077277243137359619e-02;-9.163324534893035889e-02;2.741284370422363281e-01
1.975407600402832031e-01;2.418289780616760254e-01;-3.984934091567993164e-02
1.396409571170806885e-01;-2.754623629152774811e-02;8.767464011907577515e-02
6.814662218093872070e-01;2.908949926495552063e-02;-2.906053066253662109e-01
-1.701745539903640747e-01;3.883466720581054688e-01;1.844116598367691040e-01
-6.147818565368652344e-01;-3.999910056591033936e-01;2.629908621311187744e-01
4.343847036361694336e-01;1.403538882732391357e-01;-2.007853239774703979e-01
-2.098989486694335938e-01;3.136064112186431885e-01;1.997459828853607178e-01
7.447673082351684570e-01;-2.066430151462554932e-01;-3.143250569701194763e-02
5.926708579063415527e-01;3.914842903614044189e-01;2.826042771339416504e-01
-1.947384625673294067e-01;-1.260318234562873840e-02;-4.561918973922729492e-02
-4.132017791271209717e-01;-3.806495368480682373e-01;-1.187831163406372070e-01
-6.148027777671813965e-01;-3.082501292228698730e-01;-3.870310485363006592e-01
-5.323131680488586426e-01;9.768133983016014099e-03;1.365055292844772339e-01
8.469557762145996094e-02;-1.569931805133819580e-01;-1.257239431142807007e-01
5.883172154426574707e-01;-8.145218342542648315e-02;-3.621430099010467529e-01
6.712715625762939453e-01;1.908220052719116211e-01;9.260735474526882172e-03
-1.465549916028976440e-01;2.455100864171981812e-01;-4.893042892217636108e-02
-7.748859375715255737e-02;-3.508648276329040527e-01;3.886904418468475342e-01
-6.148333549499511719e-01;-8.081133663654327393e-02;2.851384878158569336e-01
5.617458820343017578e-01;1.067716479301452637e-01;2.553361058235168457e-01
7.672578692436218262e-01;-1.073467060923576355e-01;2.793965935707092285e-01
3.627823591232299805e-01;1.407269984483718872e-01;3.503319025039672852e-01
-2.793026566505432129e-01;1.479211077094078064e-02;1.882704645395278931e-01
-2.231366634368896484e-01;-1.251938194036483765e-01;-2.251239866018295288e-01
7.537127733230590820e-01;3.685835897922515869e-01;-5.911600589752197266e-02
2.830955758690834045e-02;3.492400348186492920e-01;2.778801918029785156e-01
-3.655653297901153564e-01;9.087434411048889160e-02;-2.440803945064544678e-01
3.403660655021667480e-01;1.088175848126411438e-01;-3.446412086486816406e-02
-4.019359946250915527e-01;-2.736436128616333008e-01;4.206871688365936279e-01
2.824670076370239258e-01;-3.074560761451721191e-01;-3.576194345951080322e-01
-1.834820210933685303e-01;3.136961460113525391e-01;-1.877792030572891235e-01
-5.166146755218505859e-01;4.784153029322624207e-02;3.869248926639556885e-01
4.229355752468109131e-01;-1.737187355756759644e-01;2.021539658308029175e-01
6.919265389442443848e-01;-3.475918769836425781e-01;6.852387636899948120e-02
-2.000531367957592010e-02;-1.103672683238983154e-01;-1.896353811025619507e-02
-1.781613379716873169e-01;1.420911252498626709e-01;3.131724298000335693e-01
-3.957772552967071533e-01;2.081320434808731079e-01;3.097976148128509521e-01
-5.857358574867248535e-01;-5.092491395771503448e-03;-2.871816158294677734e-01
-5.054219961166381836e-01;-1.645878702402114868e-01;-3.127111196517944336e-01
2.736532986164093018e-01;-2.761310040950775146e-01;2.705945968627929688e-01
-3.156654834747314453e-01;3.898320198059082031e-01;1.160101685672998428e-02
-5.178834795951843262e-01;2.073686420917510986e-01;-1.912876814603805542e-01
-6.148353815078735352e-01;-7.033193111419677734e-02;3.692077100276947021e-01
-3.793905973434448242e-01;-3.460233211517333984e-01;-3.356418758630752563e-02
7.937289476394653320e-01;1.338575929403305054e-01;3.396594822406768799e-01
7.497584223747253418e-01;2.908990681171417236e-01;1.518744230270385742e-01
5.795731544494628906e-01;3.503448069095611572e-01;-1.341849267482757568e-01
4.237483441829681396e-01;8.974991738796234131e-02;1.978001929819583893e-02
3.540771901607513428e-01;-1.677893996238708496e-01;-2.045448273420333862e-01
2.730341255664825439e-01;-2.926974184811115265e-02;3.499603271484375000e-01
1.312763541936874390e-01;2.300996333360671997e-01;3.129389286041259766e-01
-6.148291230201721191e-01;-2.066318392753601074e-01;4.383999854326248169e-02
-6.148260235786437988e-01;6.726074218750000000e-02;-1.428865641355514526e-01
2.737816274166107178e-01;-3.132896125316619873e-01;-1.257449984550476074e-01
2.244626730680465698e-01;-7.947486639022827148e-02;-4.179625511169433594e-01
5.473896861076354980e-02;2.363039106130599976e-01;1.081571653485298157e-01
-4.551696181297302246e-01;-2.030867487192153931e-01;3.503439426422119141e-01
7.996486872434616089e-02;-3.439712226390838623e-01;3.181446194648742676e-01
9.834649413824081421e-02;-1.105896979570388794e-01;-2.654778957366943359e-01
-6.148334741592407227e-01;3.914442956447601318e-01;8.955638855695724487e-02
4.023226499557495117e-01;3.496042191982269287e-01;-3.121352195739746094e-01
-6.148284673690795898e-01;-1.824055612087249756e-01;1.544457301497459412e-02
6.677346825599670410e-01;1.826288551092147827e-02;-1.335209906101226807e-01
3.137469291687011719e-01;3.532142639160156250e-01;2.577250599861145020e-01
5.941477417945861816e-01;-7.672490179538726807e-02;3.340632617473602295e-01
-6.148377060890197754e-01;8.598643541336059570e-02;1.506392210721969604e-01
-6.148369312286376953e-01;-1.769914850592613220e-02;3.813249170780181885e-01
8.226505517959594727e-01;3.617453873157501221e-01;-1.619432270526885986e-01
-6.148089170455932617e-01;-3.000311553478240967e-01;-1.859319955110549927e-01
5.300946831703186035e-01;-3.473616838455200195e-01;-1.671055108308792114e-01
-6.148456335067749023e-01;1.998770684003829956e-01;3.304958939552307129e-01
3.940014839172363281e-01;1.779306679964065552e-01;-3.760218992829322815e-02
-6.148328185081481934e-01;2.250308841466903687e-01;-1.383521854877471924e-01
-6.148098111152648926e-01;-3.128904998302459717e-01;-1.371080726385116577e-01
1.156032681465148926e-01;1.403051167726516724e-01;2.743802964687347412e-01
-5.807355642318725586e-01;3.185732364654541016e-01;2.492010295391082764e-01
1.877483278512954712e-01;-1.934015937149524689e-02;1.019450947642326355e-01
-3.860782384872436523e-01;1.069230288267135620e-01;-7.334270328283309937e-02
5.167642980813980103e-02;3.516066372394561768e-01;5.703055113554000854e-02
-6.148186326026916504e-01;1.713800430297851562e-01;-3.511993288993835449e-01
7.166668772697448730e-01;3.571824431419372559e-01;-3.978520035743713379e-01
-1.198108121752738953e-02;-3.064551949501037598e-01;-3.054175674915313721e-01
-6.148320436477661133e-01;-9.330233931541442871e-02;1.536242961883544922e-01
-1.982380151748657227e-01;1.654447019100189209e-01;-2.276465296745300293e-01
-3.148595690727233887e-01;-1.327933371067047119e-01;-1.200213432312011719e-01
-5.114240050315856934e-01;1.631930470466613770e-01;-5.030706524848937988e-02
3.589853942394256592e-01;2.173935025930404663e-01;2.032471895217895508e-01
7.298319339752197266e-01;-3.859136253595352173e-02;-3.560259044170379639e-01
-6.148028969764709473e-01;-3.220757842063903809e-01;-4.182542562484741211e-01
-6.148105859756469727e-01;-3.641954064369201660e-01;2.492270469665527344e-01
3.469149470329284668e-01;-2.060208618640899658e-01;3.458970189094543457e-01
2.574920058250427246e-01;1.961659193038940430e-01;-1.113344728946685791e-01
1.985263526439666748e-01;-2.696716785430908203e-01;8.589284867048263550e-02
-6.148311495780944824e-01;-9.259879589080810547e-02;6.253859400749206543e-02
-6.148446202278137207e-01;2.945438325405120850e-01;9.402702748775482178e-02
5.987550616264343262e-01;6.289093196392059326e-02;5.221167206764221191e-02
-2.344231903553009033e-01;8.969743549823760986e-02;-3.168351054191589355e-01
4.040480256080627441e-01;-2.120269238948822021e-01;-6.334114074707031250e-02
7.888978719711303711e-01;1.595464348793029785e-01;1.569129973649978638e-01
-5.439615845680236816e-01;1.869918406009674072e-01;-3.794687390327453613e-01
1.928925514221191406e-01;2.055354416370391846e-01;1.373887360095977783e-01
4.132322967052459717e-01;7.131780683994293213e-02;-1.800029575824737549e-01
-3.335280418395996094e-01;-5.252909287810325623e-02;2.853645682334899902e-01
-2.189996540546417236e-01;4.651708528399467468e-02;2.385475337505340576e-01
8.193468451499938965e-01;-4.089677333831787109e-01;3.886732757091522217e-01
8.982233703136444092e-02;-2.317182421684265137e-01;-3.719013929367065430e-02
-4.273894056677818298e-02;-8.840677142143249512e-02;6.996406614780426025e-02
-1.876249313354492188e-01;3.523715138435363770e-01;1.038128733634948730e-01
3.826447129249572754e-01;-2.409214228391647339e-01;2.006233632564544678e-01
-6.536453217267990112e-02;3.515765070915222168e-01;3.925966471433639526e-02
2.121837884187698364e-01;7.031315565109252930e-02;2.426408976316452026e-01
-6.146163940429687500e-01;-4.125934541225433350e-01;-2.176870405673980713e-01
-2.811300568282604218e-02;3.689512610435485840e-02;-2.752438187599182129e-01
1.176663339138031006e-01;1.798299849033355713e-01;2.114786021411418915e-02
-4.588210880756378174e-01;1.969020217657089233e-01;1.767760962247848511e-01
3.927493095397949219e-01;4.428315907716751099e-02;2.671206295490264893e-01
-4.071075469255447388e-02;-2.982687205076217651e-02;3.473125398159027100e-01
-6.047132238745689392e-02;3.102295994758605957e-01;-2.600604593753814697e-01
-6.148325800895690918e-01;-1.203956753015518188e-01;2.796585857868194580e-01
-2.717179059982299805e-01;-2.288599014282226562e-01;-3.097182512283325195e-01
5.701914429664611816e-01;6.422028690576553345e-02;2.702670097351074219e-01
-4.789588451385498047e-01;1.030999347567558289e-01;-3.157105147838592529e-01
3.018697202205657959e-01;3.532116115093231201e-01;-2.085228562355041504e-01
-2.331574708223342896e-01;2.349186986684799194e-01;2.807106971740722656e-01
-6.874734163284301758e-02;-2.054035663604736328e-01;-3.474248051643371582e-01
2.268728986382484436e-02;-3.018908798694610596e-01;2.365628071129322052e-02
-6.148225665092468262e-01;-1.035205051302909851e-01;-1.198113039135932922e-01
7.396887540817260742e-01;3.223684728145599365e-01;-2.392567545175552368e-01
-4.102448225021362305e-01;-2.712646126747131348e-01;2.240277528762817383e-01
8.271273374557495117e-01;-2.176412791013717651e-01;3.459284305572509766e-01
-5.028385668992996216e-03;3.150737881660461426e-01;-3.499553725123405457e-02
7.713991999626159668e-01;4.323071241378784180e-01;-4.688153415918350220e-02
-3.147974908351898193e-01;-7.825312018394470215e-02;-4.182795286178588867e-01
7.311122417449951172e-01;-3.897712528705596924e-01;3.036941289901733398e-01
-1.384249031543731689e-01;-4.161900579929351807e-01;-2.888071835041046143e-01
7.554852962493896484e-01;2.064334899187088013e-01;3.012739419937133789e-01
-6.148329377174377441e-01;4.358245432376861572e-02;-2.003857865929603577e-03
5.083519220352172852e-01;-2.077416926622390747e-01;-3.981340229511260986e-01
-6.148335933685302734e-01;-2.032787799835205078e-01;3.542878031730651855e-01
-3.127546310424804688e-01;-4.160259366035461426e-01;2.399551421403884888e-01
3.194239437580108643e-01;4.228143692016601562e-01;-2.958673536777496338e-01
8.618479222059249878e-02;4.225756824016571045e-01;-2.254307270050048828e-01
-6.148004531860351562e-01;-4.159636199474334717e-01;-2.945509254932403564e-01
-6.734746694564819336e-02;-4.160893261432647705e-01;1.663199812173843384e-01
2.597480416297912598e-01;3.785928487777709961e-01;3.697743713855743408e-01
8.250764608383178711e-01;2.223075628280639648e-01;2.294907122850418091e-01
-6.148380637168884277e-01;4.222002625465393066e-01;3.447769209742546082e-02
-6.148101687431335449e-01;-4.159277379512786865e-01;2.589285373687744141e-01
8.244264125823974609e-01;-2.626815438270568848e-01;2.317435443401336670e-01
8.195936083793640137e-01;-1.110544651746749878e-01;-1.575331091880798340e-01
-5.298542976379394531e-01;-4.161128401756286621e-01;4.888220131397247314e-02
-6.147730350494384766e-01;-4.043437540531158447e-01;-1.915830522775650024e-01
8.237832188606262207e-01;4.258452951908111572e-01;-3.742152154445648193e-01
-6.148412823677062988e-01;9.851001948118209839e-02;3.680709898471832275e-01
7.490983009338378906e-01;4.291605949401855469e-01;2.653920054435729980e-01
-9.656573832035064697e-02;4.225468039512634277e-01;-1.685041934251785278e-01
-6.148096919059753418e-01;-1.716109663248062134e-01;-3.035677671432495117e-01
3.619851469993591309e-01;-3.469435498118400574e-02;3.687728643417358398e-01
6.016581058502197266e-01;-4.223459064960479736e-01;-3.736664354801177979e-01
-2.475933134555816650e-01;1.168623939156532288e-01;-4.183053374290466309e-01
-5.427268147468566895e-01;4.225979447364807129e-01;3.698686063289642334e-01
-6.148381829261779785e-01;3.316392004489898682e-02;3.701312243938446045e-01
9.163995273411273956e-03;-4.162813127040863037e-01;-1.177578344941139221e-01
2.294748127460479736e-01;4.227725863456726074e-01;-1.595857143402099609e-01
-6.148436069488525391e-01;1.385572701692581177e-01;3.701173961162567139e-01
-1.811482161283493042e-01;-1.740507036447525024e-01;-4.182704687118530273e-01
-4.166988730430603027e-01;-2.813628315925598145e-01;3.702236115932464600e-01
2.925894558429718018e-01;3.059021662920713425e-03;-4.177626073360443115e-01
2.651404738426208496e-01;-7.198318839073181152e-02;3.694620132446289062e-01
-6.148175001144409180e-01;9.910739958286285400e-02;-2.931524217128753662e-01
-2.162593007087707520e-01;-4.161889851093292236e-01;-4.182740747928619385e-01
-6.148262023925781250e-01;-2.018225044012069702e-01;-2.905043959617614746e-02
7.897918224334716797e-01;4.320409297943115234e-01;-1.284417957067489624e-01
6.828542947769165039e-01;-4.225254058837890625e-01;-5.773531645536422729e-02
7.654712200164794922e-01;4.321444034576416016e-01;-7.814742624759674072e-03
-2.187915146350860596e-01;-4.161084890365600586e-01;8.214535564184188843e-02
8.022570610046386719e-01;-2.983272969722747803e-01;5.798271298408508301e-02
2.262395322322845459e-01;-1.265348643064498901e-01;-4.179673492908477783e-01
-6.148073673248291016e-01;4.222047626972198486e-01;-2.848236858844757080e-01
4.585759043693542480e-01;-2.386318892240524292e-01;3.219599425792694092e-01
5.272659659385681152e-01;4.245156347751617432e-01;5.434251856058835983e-03
-2.085545063018798828e-01;-4.161829948425292969e-01;-4.182755649089813232e-01
-3.023299872875213623e-01;-4.161887764930725098e-01;-1.961703300476074219e-01
-9.123327583074569702e-02;4.225706458091735840e-01;3.286261260509490967e-01
-3.483223021030426025e-01;3.842996060848236084e-01;3.700515925884246826e-01
-2.924244999885559082e-01;-3.769824281334877014e-02;-4.182836711406707764e-01
6.476731896400451660e-01;-4.210625290870666504e-01;3.853080049157142639e-02
-6.148255467414855957e-01;-4.158806204795837402e-01;1.157866567373275757e-01
8.295590877532958984e-01;-4.220910668373107910e-01;2.816836237907409668e-01
7.407783865928649902e-01;-4.206062853336334229e-01;-3.533703386783599854e-01
-6.148060560226440430e-01;-5.019058659672737122e-02;-4.182898998260498047e-01
-6.148262023925781250e-01;4.222278892993927002e-01;-7.946910709142684937e-02
3.255370259284973145e-01;-4.164787232875823975e-01;3.359156250953674316e-01
8.094387650489807129e-01;3.632199168205261230e-01;1.202164515852928162e-01
-6.148508787155151367e-01;2.968060970306396484e-01;3.588674366474151611e-01
8.176647424697875977e-01;-4.220955073833465576e-01;-2.753173708915710449e-01
-2.245170772075653076e-01;4.225725531578063965e-01;3.069167770445346832e-02
8.272311687469482422e-01;-1.289498955011367798e-01;3.007006049156188965e-01
-2.377051264047622681e-01;-4.161244630813598633e-01;4.203069582581520081e-02
-6.148256659507751465e-01;4.220811128616333008e-01;-4.183524847030639648e-01
6.458841562271118164e-01;-2.421614080667495728e-01;3.031121492385864258e-01
-1.899528503417968750e-02;4.225994050502777100e-01;-5.151816084980964661e-02
-4.683077335357666016e-01;-4.160435199737548828e-01;2.329945564270019531e-01
3.578712940216064453e-01;-4.167912304401397705e-01;-2.234809398651123047e-01
-6.148396134376525879e-01;1.246105805039405823e-01;1.535978019237518311e-01
-1.839716434478759766e-01;-1.372871845960617065e-01;3.702563345432281494e-01
8.270785212516784668e-01;4.244364053010940552e-02;-3.978496193885803223e-01
8.215031623840332031e-01;-3.573469119146466255e-03;1.004344746470451355e-01
4.489729106426239014e-01;4.237169921398162842e-01;-2.593181729316711426e-01
1.227543726563453674e-01;-4.163393974304199219e-01;1.257808357477188110e-01
3.630854189395904541e-01;1.342987716197967529e-01;-4.174815416336059570e-01
-6.145727038383483887e-01;4.224987328052520752e-01;3.504860103130340576e-01
-4.683083668351173401e-02;-2.449442632496356964e-02;3.701936602592468262e-01
-6.148024797439575195e-01;-3.345944881439208984e-01;-4.182526767253875732e-01
-4.211964905261993408e-01;-1.947593986988067627e-01;3.701848983764648438e-01
6.014245152473449707e-01;2.072132676839828491e-01;-3.978531658649444580e-01
-6.148176193237304688e-01;4.047216475009918213e-01;1.629731059074401855e-01
-6.148276925086975098e-01;1.239032000303268433e-01;-1.571444272994995117e-01
4.746156036853790283e-01;-4.176016449928283691e-01;-2.306508272886276245e-02
-6.148151755332946777e-01;1.525727063417434692e-01;-4.183161854743957520e-01
8.244489431381225586e-01;3.729825913906097412e-01;-3.100216090679168701e-01
-6.529720127582550049e-02;-4.162249565124511719e-01;-1.557118147611618042e-01
7.934589385986328125e-01;4.028482735157012939e-01;6.901538372039794922e-02
-2.922894656658172607e-01;4.224816858768463135e-01;-4.183705151081085205e-01
7.941066622734069824e-01;-3.113345801830291748e-01;-9.838528931140899658e-02
-6.147500276565551758e-01;-4.123596251010894775e-01;-4.127906858921051025e-01
-5.131512284278869629e-01;-1.811278052628040314e-03;3.700750172138214111e-01
-6.148233413696289062e-01;-4.158971905708312988e-01;-1.069325581192970276e-02
-6.148109436035156250e-01;3.793040812015533447e-01;-4.085570275783538818e-01
-3.655054271221160889e-01;-2.084462344646453857e-01;-4.182671308517456055e-01
-6.148095130920410156e-01;-3.730922639369964600e-01;-4.154978320002555847e-02
