7.311122417449951172e-01;-3.897712528705596924e-01;3.036941289901733398e-01
8.295590877532958984e-01;-4.220910668373107910e-01;2.816836237907409668e-01
8.193468451499938965e-01;-4.089677333831787109e-01;3.886732757091522217e-01
6.458841562271118164e-01;-2.421614080667495728e-01;3.031121492385864258e-01
8.022570610046386719e-01;-2.983272969722747803e-01;5.798271298408508301e-02
8.244264125823974609e-01;-2.626815438270568848e-01;2.317435443401336670e-01
7.886234521865844727e-01;-2.754578888416290283e-01;2.798852920532226562e-01
8.271273374557495117e-01;-2.176412791013717651e-01;3.459284305572509766e-01
8.272311687469482422e-01;-1.289498805999755859e-01;3.007006049156188965e-01
7.672578692436218262e-01;-1.073467135429382324e-01;2.793965935707092285e-01
-4.683084040880203247e-02;-2.449442446231842041e-02;3.701936602592468262e-01
-4.231352359056472778e-02;-1.857370138168334961e-03;2.786482870578765869e-01
8.209645748138427734e-03;1.782099902629852295e-01;1.509904563426971436e-01
1.156032681465148926e-01;1.403051167726516724e-01;2.743802964687347412e-01
1.312763541936874390e-01;2.300996333360671997e-01;3.129389286041259766e-01
9.531589597463607788e-02;1.991601437330245972e-01;3.872935771942138672e-01
2.830956131219863892e-02;3.492400348186492920e-01;2.778801918029785156e-01
2.121837884187698364e-01;7.031315565109252930e-02;2.426408976316452026e-01
1.928925514221191406e-01;2.055354416370391846e-01;1.373887360095977783e-01
2.597480416297912598e-01;3.785928487777709961e-01;3.697743713855743408e-01
-6.148255467414855957e-01;-4.158806204795837402e-01;1.157866567373275757e-01
-6.148197650909423828e-01;-3.321077823638916016e-01;4.020731151103973389e-02
-6.148101687431335449e-01;-4.159277379512786865e-01;2.589285373687744141e-01
-6.147818565368652344e-01;-3.999910056591033936e-01;2.629908621311187744e-01
-6.148105859756469727e-01;-3.641954064369201660e-01;2.492270469665527344e-01
-6.148311495780944824e-01;-1.795372515916824341e-01;2.041560858488082886e-01
-6.148335933685302734e-01;-2.032787799835205078e-01;3.542878031730651855e-01
-5.298542976379394531e-01;-4.161128401756286621e-01;4.888220131397247314e-02
-4.683077335357666016e-01;-4.160435199737548828e-01;2.329945564270019531e-01
-4.102448225021362305e-01;-2.712646126747131348e-01;2.240277528762817383e-01
-6.148446202278137207e-01;2.945438325405120850e-01;9.402702748775482178e-02
-6.148456335067749023e-01;1.998770684003829956e-01;3.304958939552307129e-01
-6.148334741592407227e-01;3.914442956447601318e-01;8.955639600753784180e-02
-6.148176193237304688e-01;4.047216475009918213e-01;1.629731059074401855e-01
-5.807355642318725586e-01;3.185732364654541016e-01;2.492010295391082764e-01
-6.006185412406921387e-01;3.515928685665130615e-01;3.171708285808563232e-01
-6.144319176673889160e-01;4.225939214229583740e-01;2.871198356151580811e-01
-6.145727038383483887e-01;4.224987328052520752e-01;3.504860103130340576e-01
-6.148508787155151367e-01;2.968060970306396484e-01;3.588674366474151611e-01
-5.427268147468566895e-01;4.225979447364807129e-01;3.698686063289642334e-01
5.926708579063415527e-01;3.914842903614044189e-01;2.826042771339416504e-01
7.179197072982788086e-01;1.862863600254058838e-01;2.464016824960708618e-01
7.888978719711303711e-01;1.595464348793029785e-01;1.569129973649978638e-01
7.497584223747253418e-01;2.908990681171417236e-01;1.518744230270385742e-01
8.250764608383178711e-01;2.223075628280639648e-01;2.294907122850418091e-01
7.554852962493896484e-01;2.064334899187088013e-01;3.012739419937133789e-01
8.094387650489807129e-01;3.632199168205261230e-01;1.202164590358734131e-01
7.934589385986328125e-01;4.028482735157012939e-01;6.901538372039794922e-02
7.679284214973449707e-01;4.052449762821197510e-01;2.739868462085723877e-01
7.490983009338378906e-01;4.291605949401855469e-01;2.653920054435729980e-01
7.941066622734069824e-01;-3.113345801830291748e-01;-9.838528931140899658e-02
7.298319339752197266e-01;-3.859136253595352173e-02;-3.560259044170379639e-01
7.057646512985229492e-01;-1.465274393558502197e-01;-1.115750595927238464e-01
8.195936083793640137e-01;-1.110544651746749878e-01;-1.575331091880798340e-01
7.447673082351684570e-01;-2.066430151462554932e-01;-3.143250942230224609e-02
7.476044297218322754e-01;-1.419116109609603882e-01;1.031313538551330566e-01
6.814662218093872070e-01;2.908949553966522217e-02;-2.906053066253662109e-01
6.677346825599670410e-01;1.826287806034088135e-02;-1.335209906101226807e-01
7.926366329193115234e-01;1.254054754972457886e-01;-3.012980818748474121e-01
8.215031623840332031e-01;-3.573469817638397217e-03;1.004344820976257324e-01
-3.127546310424804688e-01;-4.160259366035461426e-01;2.399551421403884888e-01
-2.852331399917602539e-01;-2.718145251274108887e-01;2.023162096738815308e-01
-6.734746694564819336e-02;-4.160893261432647705e-01;1.663199812173843384e-01
-7.358743250370025635e-02;-2.684176862239837646e-01;1.469469070434570312e-01
-1.733022332191467285e-01;-3.110286295413970947e-01;2.627857327461242676e-01
-7.748859375715255737e-02;-3.508648276329040527e-01;3.886904418468475342e-01
-1.839716434478759766e-01;-1.372871845960617065e-01;3.702563345432281494e-01
-8.077277243137359619e-02;-9.163326025009155273e-02;2.741284370422363281e-01
-4.071075469255447388e-02;-2.982687950134277344e-02;3.473125398159027100e-01
7.996486872434616089e-02;-3.439712226390838623e-01;3.181446194648742676e-01
-5.323131680488586426e-01;9.768133983016014099e-03;1.365055292844772339e-01
-3.860782384872436523e-01;1.069230288267135620e-01;-7.334269583225250244e-02
-3.116870820522308350e-01;2.658604830503463745e-02;8.501951396465301514e-02
-2.793026566505432129e-01;1.479211077094078064e-02;1.882704645395278931e-01
-3.335280418395996094e-01;-5.252908915281295776e-02;2.853645682334899902e-01
-2.723613977432250977e-01;2.069777250289916992e-01;1.032470986247062683e-01
-1.947384625673294067e-01;-1.260318234562873840e-02;-4.561918973922729492e-02
-1.220144927501678467e-01;1.945143565535545349e-03;1.302478015422821045e-01
-2.189996540546417236e-01;4.651708528399467468e-02;2.385475337505340576e-01
-2.274266481399536133e-01;1.508131474256515503e-01;2.033589780330657959e-01
-6.148186326026916504e-01;1.713800430297851562e-01;-3.511993288993835449e-01
-5.439615845680236816e-01;1.869918406009674072e-01;-3.794687390327453613e-01
-6.148256659507751465e-01;4.220811128616333008e-01;-4.183524847030639648e-01
-6.148109436035156250e-01;3.793040812015533447e-01;-4.085570275783538818e-01
-6.148039102554321289e-01;3.598606288433074951e-01;-2.735300064086914062e-01
-6.148073673248291016e-01;4.222047626972198486e-01;-2.848236858844757080e-01
-6.148328185081481934e-01;2.250308841466903687e-01;-1.383521854877471924e-01
-6.148262023925781250e-01;4.222278892993927002e-01;-7.946911454200744629e-02
-5.191825628280639648e-01;3.535097837448120117e-01;-3.210555613040924072e-01
-5.178834795951843262e-01;2.073686420917510986e-01;-1.912876814603805542e-01
-6.148333549499511719e-01;-8.081133663654327393e-02;2.851384878158569336e-01
-6.148325800895690918e-01;-1.203956753015518188e-01;2.796585857868194580e-01
-6.148334741592407227e-01;-1.029323041439056396e-01;3.168895840644836426e-01
-6.148353815078735352e-01;-7.033193111419677734e-02;3.692077100276947021e-01
-6.148369312286376953e-01;-1.769914850592613220e-02;3.813249170780181885e-01
-6.148381829261779785e-01;3.316392004489898682e-02;3.701312243938446045e-01
-6.148412823677062988e-01;9.851001203060150146e-02;3.680709898471832275e-01
-6.148436069488525391e-01;1.385572701692581177e-01;3.701173961162567139e-01
-5.131512284278869629e-01;-1.811277121305465698e-03;3.700750172138214111e-01
-5.166146755218505859e-01;4.784153029322624207e-02;3.869248926639556885e-01
-2.344231903553009033e-01;8.969743549823760986e-02;-3.168351054191589355e-01
-2.217392325401306152e-01;7.762546092271804810e-02;-2.109931409358978271e-01
-6.874734163284301758e-02;-2.054035663604736328e-01;-3.474248051643371582e-01
-1.035622134804725647e-01;-1.451630145311355591e-01;-2.360280901193618774e-01
-2.811300568282604218e-02;3.689512610435485840e-02;-2.752438187599182129e-01
3.624911606311798096e-02;9.435316920280456543e-02;-2.282019853591918945e-01
-1.982380151748657227e-01;1.654447019100189209e-01;-2.276465296745300293e-01
-4.111230745911598206e-02;2.762674689292907715e-01;-1.969870775938034058e-01
9.834648668766021729e-02;-1.105896979570388794e-01;-2.654778957366943359e-01
1.167615205049514771e-01;1.574337929487228394e-01;-2.045715451240539551e-01
-3.156654834747314453e-01;3.898320198059082031e-01;1.160101778805255890e-02
-2.120805531740188599e-01;3.517094552516937256e-01;6.831672042608261108e-02
-2.245170772075653076e-01;4.225725531578063965e-01;3.069167770445346832e-02
-2.723613977432250977e-01;2.069777250289916992e-01;1.032470986247062683e-01
-2.098989486694335938e-01;3.136064112186431885e-01;1.997459828853607178e-01
-1.876249313354492188e-01;3.523715138435363770e-01;1.038128733634948730e-01
-1.701745539903640747e-01;3.883466720581054688e-01;1.844116598367691040e-01
-1.465549916028976440e-01;2.455100864171981812e-01;-4.893042892217636108e-02
-6.536453962326049805e-02;3.515765070915222168e-01;3.925966471433639526e-02
-1.899528503417968750e-02;4.225994050502777100e-01;-5.151816457509994507e-02
9.163995273411273956e-03;-4.162813127040863037e-01;-1.177578419446945190e-01
-8.307278156280517578e-02;-3.110396265983581543e-01;-1.561367064714431763e-01
8.982233703136444092e-02;-2.317182421684265137e-01;-3.719013929367065430e-02
2.268728986382484436e-02;-3.018908798694610596e-01;2.365628071129322052e-02
-6.734746694564819336e-02;-4.160893261432647705e-01;1.663199812173843384e-01
-7.358743250370025635e-02;-2.684176862239837646e-01;1.469469070434570312e-01
-2.000531181693077087e-02;-1.103672683238983154e-01;-1.896353624761104584e-02
1.985263526439666748e-01;-2.696716785430908203e-01;8.589284867048263550e-02
1.227543652057647705e-01;-4.163393974304199219e-01;1.257808357477188110e-01
1.408535540103912354e-01;-4.163843989372253418e-01;1.417425423860549927e-01
-6.147500276565551758e-01;-4.123596251010894775e-01;-4.127906858921051025e-01
-6.148024797439575195e-01;-3.345944881439208984e-01;-4.182526767253875732e-01
-6.148028969764709473e-01;-3.220757842063903809e-01;-4.182542562484741211e-01
-6.148004531860351562e-01;-4.159636199474334717e-01;-2.945509254932403564e-01
-6.146163940429687500e-01;-4.125934541225433350e-01;-2.176870405673980713e-01
-6.147730350494384766e-01;-4.043437540531158447e-01;-1.915830522775650024e-01
-6.148027777671813965e-01;-3.082501292228698730e-01;-3.870310485363006592e-01
-6.148089170455932617e-01;-3.000311553478240967e-01;-1.859319955110549927e-01
-6.148096919059753418e-01;-1.716109663248062134e-01;-3.035677671432495117e-01
-4.896269440650939941e-01;-3.732682168483734131e-01;-3.693179190158843994e-01
1.928925514221191406e-01;2.055354416370391846e-01;1.373887360095977783e-01
3.940014839172363281e-01;1.779306679964065552e-01;-3.760218620300292969e-02
3.589853942394256592e-01;2.173935025930404663e-01;2.032471895217895508e-01
1.975407600402832031e-01;2.418289780616760254e-01;-3.984934091567993164e-02
3.197086751461029053e-01;3.467206954956054688e-01;1.352535933256149292e-01
2.597480416297912598e-01;3.785928487777709961e-01;3.697743713855743408e-01
3.137469291687011719e-01;3.532142639160156250e-01;2.577250599861145020e-01
5.280429720878601074e-01;2.437783181667327881e-01;1.337626129388809204e-01
5.272659659385681152e-01;4.245156347751617432e-01;5.434244871139526367e-03
5.342522859573364258e-01;3.531601727008819580e-01;1.355957984924316406e-01
3.554053902626037598e-01;2.537972107529640198e-02;2.035934478044509888e-01
3.927493095397949219e-01;4.428315907716751099e-02;2.671206295490264893e-01
5.941477417945861816e-01;-7.672490924596786499e-02;3.340632617473602295e-01
5.987550616264343262e-01;6.289093196392059326e-02;5.221167206764221191e-02
5.701914429664611816e-01;6.422028690576553345e-02;2.702670097351074219e-01
5.617458820343017578e-01;1.067716479301452637e-01;2.553361058235168457e-01
3.627823591232299805e-01;1.407269984483718872e-01;3.503319025039672852e-01
4.418240785598754883e-01;9.056597948074340820e-02;3.465565443038940430e-01
5.280429720878601074e-01;2.437783181667327881e-01;1.337626129388809204e-01
7.179197072982788086e-01;1.862863600254058838e-01;2.464016824960708618e-01
-6.148098111152648926e-01;-3.128904998302459717e-01;-1.371080726385116577e-01
-6.148095130920410156e-01;-3.730922639369964600e-01;-4.154978320002555847e-02
-6.148197650909423828e-01;-3.321077823638916016e-01;4.020731151103973389e-02
-6.148191094398498535e-01;-2.324245721101760864e-01;-1.310579478740692139e-01
-6.148262023925781250e-01;-2.018225044012069702e-01;-2.905043959617614746e-02
-6.148284673690795898e-01;-1.824055612087249756e-01;1.544457301497459412e-02
-6.148291230201721191e-01;-2.066318392753601074e-01;4.383999854326248169e-02
-6.148225665092468262e-01;-1.035205051302909851e-01;-1.198113039135932922e-01
-6.148311495780944824e-01;-9.259879589080810547e-02;6.253859400749206543e-02
-5.009744167327880859e-01;-2.119930833578109741e-01;8.428076654672622681e-02
-6.148109436035156250e-01;3.793040812015533447e-01;-4.085570275783538818e-01
-6.148256659507751465e-01;4.220811128616333008e-01;-4.183524847030639648e-01
-2.475933134555816650e-01;1.168623864650726318e-01;-4.183053374290466309e-01
-2.922894656658172607e-01;4.224816858768463135e-01;-4.183705151081085205e-01
-5.191825628280639648e-01;3.535097837448120117e-01;-3.210555613040924072e-01
-1.194296777248382568e-01;2.666283845901489258e-01;-3.809953331947326660e-01
-1.982380151748657227e-01;1.654447019100189209e-01;-2.276465296745300293e-01
-1.834820210933685303e-01;3.136961460113525391e-01;-1.877792030572891235e-01
-6.047132611274719238e-02;3.102295994758605957e-01;-2.600604593753814697e-01
-9.656573832035064697e-02;4.225468039512634277e-01;-1.685041934251785278e-01
5.795731544494628906e-01;3.503448069095611572e-01;-1.341849267482757568e-01
6.712715625762939453e-01;1.908220052719116211e-01;9.260736405849456787e-03
7.396887540817260742e-01;3.223684728145599365e-01;-2.392567545175552368e-01
8.226505517959594727e-01;3.617453873157501221e-01;-1.619432270526885986e-01
7.897918224334716797e-01;4.320409297943115234e-01;-1.284417957067489624e-01
7.537127733230590820e-01;3.685835897922515869e-01;-5.911600589752197266e-02
7.713991999626159668e-01;4.323071241378784180e-01;-4.688153415918350220e-02
7.654712200164794922e-01;4.321444034576416016e-01;-7.814742624759674072e-03
7.934589385986328125e-01;4.028482735157012939e-01;6.901538372039794922e-02
8.094387650489807129e-01;3.632199168205261230e-01;1.202164590358734131e-01
