-5.271224975585937500e-01;-7.131926715373992920e-02;-4.258176982402801514e-01
-5.271253585815429688e-01;-6.561568379402160645e-02;-4.003178775310516357e-01
-5.271198749542236328e-01;3.042708523571491241e-02;-4.258146584033966064e-01
-5.271288752555847168e-01;1.560655683279037476e-01;-4.258098006248474121e-01
-5.271340608596801758e-01;-7.686680182814598083e-03;-3.238243758678436279e-01
-5.271345973014831543e-01;3.740603104233741760e-02;-3.227077424526214600e-01
-5.271352529525756836e-01;5.989345535635948181e-02;-3.219843804836273193e-01
-5.169214010238647461e-01;1.056084930896759033e-01;-3.212023377418518066e-01
-5.271371006965637207e-01;1.975231468677520752e-01;-3.915813565254211426e-01
-5.271409749984741211e-01;1.979995220899581909e-01;-3.576389253139495850e-01
7.891656756401062012e-01;-3.038482666015625000e-01;5.967190861701965332e-02
8.117201924324035645e-01;-2.679049074649810791e-01;2.372184544801712036e-01
7.167536616325378418e-01;-3.973541557788848877e-01;3.103086352348327637e-01
8.066534399986267090e-01;-4.171138405799865723e-01;3.970649838447570801e-01
7.752952575683593750e-01;-2.809299826622009277e-01;2.862669825553894043e-01
8.191649317741394043e-01;-4.300543069839477539e-01;2.910218238830566406e-01
6.296909451484680176e-01;-2.469003796577453613e-01;3.099930584430694580e-01
7.535275220870971680e-01;-1.093366742134094238e-01;2.859734892845153809e-01
8.147723674774169922e-01;-2.218121886253356934e-01;3.534971177577972412e-01
8.148778080940246582e-01;-1.313099563121795654e-01;3.075274229049682617e-01
2.551695704460144043e-02;-2.089347988367080688e-01;-3.535311222076416016e-01
2.594214379787445068e-01;-3.130238056182861328e-01;-3.639363050460815430e-01
4.603287577629089355e-02;-2.763815522193908691e-01;-2.414335012435913086e-01
3.360633254051208496e-01;-4.245811998844146729e-01;-2.270723730325698853e-01
2.504924535751342773e-01;-3.190205097198486328e-01;-1.275458931922912598e-01
3.324184119701385498e-01;-1.706644296646118164e-01;-2.078148871660232544e-01
1.959064900875091553e-01;-1.213109493255615234e-01;-4.254478812217712402e-01
2.003423273563385010e-01;-8.054372668266296387e-02;-4.254185557365417480e-01
4.883204996585845947e-01;-2.119500935077667236e-01;-4.060646593570709229e-01
4.619874656200408936e-01;-1.471913009881973267e-01;-3.412727713584899902e-01
-5.272076725959777832e-01;-4.235725998878479004e-01;1.187118589878082275e-01
-5.271859169006347656e-01;-4.104338884353637695e-01;2.547149658203125000e-01
-5.271360278129577637e-01;-3.953827321529388428e-01;2.648832798004150391e-01
-5.271654129028320312e-01;-3.797687590122222900e-01;2.643739879131317139e-01
-5.061032176017761230e-01;-4.237690269947052002e-01;2.382162958383560181e-01
-4.468898773193359375e-01;-2.761612236499786377e-01;2.290904074907302856e-01
-4.534570574760437012e-01;-2.864814698696136475e-01;3.781537413597106934e-01
-5.271771550178527832e-01;-1.826231479644775391e-01;2.088581174612045288e-01
-4.926755726337432861e-01;-2.066657990217208862e-01;3.579021096229553223e-01
-3.475007116794586182e-01;-4.237677752971649170e-01;2.452984005212783813e-01
5.756915807723999023e-01;3.999004364013671875e-01;2.886408269405364990e-01
7.031370997428894043e-01;1.907541900873184204e-01;2.523220181465148926e-01
7.415465116500854492e-01;2.113188952207565308e-01;3.081874847412109375e-01
7.357618212699890137e-01;2.972820699214935303e-01;1.555507928133010864e-01
7.751334309577941895e-01;1.633508205413818359e-01;1.613454073667526245e-01
8.123713731765747070e-01;2.275142371654510498e-01;2.350477427244186401e-01
7.805542945861816406e-01;4.112777113914489746e-01;7.071360945701599121e-02
7.969211935997009277e-01;3.709061443805694580e-01;1.228976249694824219e-01
7.544382214546203613e-01;4.138326048851013184e-01;2.798708379268646240e-01
7.391608357429504395e-01;4.382257759571075439e-01;2.675082981586456299e-01
-9.024620801210403442e-02;3.167762756347656250e-01;-2.644117176532745361e-01
-7.051251083612442017e-02;2.821389138698577881e-01;-2.001061886548995972e-01
-1.270177662372589111e-01;4.312820434570312500e-01;-1.709572970867156982e-01
5.917588621377944946e-02;4.313217699527740479e-01;-2.289215624332427979e-01
-4.789400845766067505e-02;4.313193261623382568e-01;-5.157788097858428955e-02
-3.373873978853225708e-02;3.216814696788787842e-01;-3.492960333824157715e-02
1.920902431011199951e-01;2.301489412784576416e-01;-2.476281076669692993e-01
2.791568338871002197e-01;3.606319427490234375e-01;-2.118147462606430054e-01
2.965846657752990723e-01;4.316278696060180664e-01;-3.012558519840240479e-01
2.056917548179626465e-01;4.315367639064788818e-01;-1.620058417320251465e-01
6.904754638671875000e-01;-1.490769684314727783e-01;-1.136403158307075500e-01
6.659669280052185059e-01;3.015033155679702759e-02;-2.960132658481597900e-01
6.517880558967590332e-01;1.905270665884017944e-02;-1.359340101480484009e-01
7.810106277465820312e-01;-3.172086179256439209e-01;-9.946487843990325928e-02
7.156510949134826660e-01;-3.897866606712341309e-02;-3.623963892459869385e-01
8.062705397605895996e-01;-1.131048575043678284e-01;-1.607795357704162598e-01
7.304293513298034668e-01;-2.103194743394851685e-01;-3.155542910099029541e-02
7.330310344696044922e-01;-1.444029062986373901e-01;1.064192652702331543e-01
8.076022267341613770e-01;-3.262318670749664307e-03;1.042078435420989990e-01
7.795671820640563965e-01;1.285277009010314941e-01;-3.067873120307922363e-01
-9.729649126529693604e-02;-4.238362014293670654e-01;1.702182888984680176e-01
-1.036457270383834839e-01;-2.732671499252319336e-01;1.504868119955062866e-01
-2.053052484989166260e-01;-3.167259991168975830e-01;2.685918211936950684e-01
9.649957716464996338e-02;-4.241062402725219727e-01;1.288809031248092651e-01
1.149529963731765747e-01;-4.241566956043243408e-01;1.451542079448699951e-01
5.292838439345359802e-02;-3.503311276435852051e-01;3.250287771224975586e-01
-1.076059192419052124e-01;-3.573629558086395264e-01;3.969590067863464355e-01
3.032779991626739502e-01;-4.243237674236297607e-01;3.433735966682434082e-01
1.737768203020095825e-01;-2.745645046234130859e-01;8.822414278984069824e-02
2.504093348979949951e-01;-2.811900377273559570e-01;2.765150964260101318e-01
-2.505017817020416260e-01;-4.238306283950805664e-01;-4.258457720279693604e-01
-2.313212156295776367e-01;-4.238222539424896240e-01;-4.258499443531036377e-01
-3.368794918060302734e-01;-4.238613545894622803e-01;-1.993879675865173340e-01
-1.697541177272796631e-01;-4.238568544387817383e-01;-2.938438057899475098e-01
-4.187098443508148193e-01;-2.364879250526428223e-01;-4.258131682872772217e-01
-2.190552651882171631e-01;-1.791956126689910889e-01;-4.258011281490325928e-01
-3.056412637233734131e-01;-2.328481674194335938e-01;-3.151315152645111084e-01
-7.686024904251098633e-02;-3.491925001144409180e-01;-3.148547708988189697e-01
-4.082217812538146973e-02;-3.119729161262512207e-01;-3.107599020004272461e-01
-9.868529438972473145e-02;-2.089324742555618286e-01;-3.535710275173187256e-01
2.532073557376861572e-01;-7.988154888153076172e-03;-4.252464175224304199e-01
3.655343949794769287e-01;1.371587961912155151e-01;-4.248154461383819580e-01
2.602004706859588623e-01;-2.427564561367034912e-02;-2.521542012691497803e-01
1.920902580022811890e-01;2.301489412784576416e-01;-2.476281076669692993e-01
3.927555084228515625e-01;7.317427545785903931e-02;-1.827357411384582520e-01
3.370355367660522461e-01;2.374233305454254150e-01;-3.544709086418151855e-01
4.143218100070953369e-01;1.435891836881637573e-01;-2.038804292678833008e-01
3.816205561161041260e-01;3.570491671562194824e-01;-3.173429667949676514e-01
5.846168994903564453e-01;2.116868644952774048e-01;-4.049599468708038330e-01
5.221454501152038574e-01;1.263889521360397339e-01;-3.389765620231628418e-01
-5.271371006965637207e-01;1.975231468677520752e-01;-3.915813565254211426e-01
-5.271489620208740234e-01;4.161133766174316406e-01;-4.258025884628295898e-01
-5.271415114402770996e-01;3.994038403034210205e-01;-4.203788638114929199e-01
-3.434271216392517090e-01;4.312636256217956543e-01;-4.258032739162445068e-01
-5.271409749984741211e-01;1.979995220899581909e-01;-3.576389253139495850e-01
-5.271171331405639648e-01;3.577917814254760742e-01;-3.309004008769989014e-01
-5.271403789520263672e-01;3.605146706104278564e-01;-2.683642506599426270e-01
-5.271404981613159180e-01;4.309509992599487305e-01;-2.896566390991210938e-01
-1.503477543592453003e-01;2.723409831523895264e-01;-3.877219855785369873e-01
-2.156717032194137573e-01;3.203033208847045898e-01;-1.907105296850204468e-01
3.360633254051208496e-01;-4.245811998844146729e-01;-2.270723730325698853e-01
2.504924535751342773e-01;-3.190205097198486328e-01;-1.275458931922912598e-01
2.703014612197875977e-01;-3.911327123641967773e-01;-4.273938015103340149e-02
5.117470622062683105e-01;-3.538642823696136475e-01;-1.697490066289901733e-01
4.583393335342407227e-01;-4.255532324314117432e-01;-2.511315420269966125e-02
3.833380639553070068e-01;-2.158186882734298706e-01;-6.389721482992172241e-02
3.615337312221527100e-01;-2.453189790248870850e-01;2.051381915807723999e-01
6.341717243194580078e-01;-4.291363358497619629e-01;2.517149224877357483e-02
6.780583858489990234e-01;-4.309836626052856445e-01;-6.054074317216873169e-02
6.767959594726562500e-01;-3.541950881481170654e-01;7.057577371597290039e-02
5.948629975318908691e-01;-4.304712116718292236e-01;-3.751504719257354736e-01
7.264137864112854004e-01;-4.289417564868927002e-01;-3.582715988159179688e-01
5.117470622062683105e-01;-3.538642823696136475e-01;-1.697490066289901733e-01
5.619208812713623047e-01;-2.820523977279663086e-01;-2.947654724121093750e-01
8.028097748756408691e-01;-4.302801489830017090e-01;-2.754618227481842041e-01
7.810106277465820312e-01;-3.172086179256439209e-01;-9.946489334106445312e-02
6.780583858489990234e-01;-4.309836626052856445e-01;-6.054073572158813477e-02
4.883204996585845947e-01;-2.119500935077667236e-01;-4.060646593570709229e-01
5.330305099487304688e-01;-2.421214282512664795e-01;-2.754991352558135986e-01
6.904754638671875000e-01;-1.490769684314727783e-01;-1.136403083801269531e-01
-3.194307088851928711e-01;-2.767287194728851318e-01;2.069445997476577759e-01
-3.686457872390747070e-01;-5.316373705863952637e-02;2.916609048843383789e-01
-2.053052484989166260e-01;-3.167259991168975830e-01;2.685918211936950684e-01
-2.161572128534317017e-01;-1.395999491214752197e-01;3.781962692737579346e-01
-1.109386533498764038e-01;-9.304050356149673462e-02;2.801892161369323730e-01
-2.518745362758636475e-01;4.782386124134063721e-02;2.439368814229965210e-01
-1.076059192419052124e-01;-3.573629558086395264e-01;3.969590067863464355e-01
-7.171918451786041260e-02;-1.510024070739746094e-03;2.848114669322967529e-01
-7.631489634513854980e-02;-2.460491657257080078e-02;3.781452775001525879e-01
-7.007758319377899170e-02;-3.003809601068496704e-02;3.548154830932617188e-01
-2.199013829231262207e-01;3.596881628036499023e-01;1.066108867526054382e-01
-9.525474160909652710e-02;3.588880598545074463e-01;4.079008102416992188e-02
-2.021029591560363770e-01;3.963538706302642822e-01;1.887978911399841309e-01
-3.373873978853225708e-02;3.216814696788787842e-01;-3.492960333824157715e-02
2.720652148127555847e-02;2.413433045148849487e-01;1.110169216990470886e-01
2.406923100352287292e-02;3.589169979095458984e-01;5.890901386737823486e-02
-4.789400845766067505e-02;4.313193261623382568e-01;-5.157788097858428955e-02
1.295800041407346725e-02;4.313205480575561523e-01;1.521377712488174438e-01
-1.215830966830253601e-01;4.312191009521484375e-01;3.360272347927093506e-01
2.778638154268264771e-04;3.564585745334625244e-01;2.840932011604309082e-01
-4.321093261241912842e-01;2.125912904739379883e-01;3.166219592094421387e-01
-2.604700624942779541e-01;1.541672796010971069e-01;2.080762535333633423e-01
-2.518745362758636475e-01;4.782386124134063721e-02;2.439368814229965210e-01
-2.102290093898773193e-01;1.452541351318359375e-01;3.200405538082122803e-01
-3.062938451766967773e-01;2.114488780498504639e-01;1.060104072093963623e-01
-2.199013829231262207e-01;3.596881628036499023e-01;1.066108942031860352e-01
-2.663076817989349365e-01;2.399060130119323730e-01;2.869593501091003418e-01
-2.426025718450546265e-01;3.201477229595184326e-01;2.044201344251632690e-01
-2.021029591560363770e-01;3.963538706302642822e-01;1.887978911399841309e-01
-3.837236464023590088e-01;3.921987712383270264e-01;3.780817985534667969e-01
-5.169214010238647461e-01;1.056084930896759033e-01;-3.212023377418518066e-01
-5.271627902984619141e-01;8.612833917140960693e-02;-1.636748164892196655e-01
-5.271676182746887207e-01;1.378604918718338013e-01;-1.535952985286712646e-01
-5.271728634834289551e-01;2.151806503534317017e-01;-1.609749495983123779e-01
-5.271676182746887207e-01;2.157663851976394653e-01;-1.941331923007965088e-01
-5.271403789520263672e-01;3.605146706104278564e-01;-2.683642506599426270e-01
-4.222396016120910645e-01;1.094675511121749878e-01;-7.406370341777801514e-02
-5.271841883659362793e-01;1.708509773015975952e-01;-3.438338637351989746e-02
-5.271890163421630859e-01;2.004204392433166504e-01;5.030766129493713379e-03
-4.193795025348663330e-01;1.219993904232978821e-01;-1.466762423515319824e-01
-4.900624603033065796e-02;-1.120965182781219482e-01;-1.865388453006744385e-02
-7.218114286661148071e-02;-8.971987664699554443e-02;7.202170789241790771e-02
6.295445561408996582e-02;-2.358299940824508667e-01;-3.725897520780563354e-02
1.898363530635833740e-01;-1.055743470788002014e-01;-2.418516576290130615e-02
1.137749776244163513e-01;-2.767761237919330597e-02;9.008146077394485474e-02
1.628269106149673462e-01;-1.931502856314182281e-02;1.046278029680252075e-01
1.877701878547668457e-01;7.207551598548889160e-02;2.480779290199279785e-01
9.136438369750976562e-02;1.837781816720962524e-01;2.229050546884536743e-02
1.680675595998764038e-01;2.099722772836685181e-01;1.408042460680007935e-01
3.255260288715362549e-01;-3.777096793055534363e-02;1.651880741119384766e-01
1.149529963731765747e-01;-4.241566956043243408e-01;1.451542079448699951e-01
5.292838811874389648e-02;-3.503311276435852051e-01;3.250287771224975586e-01
2.504093348979949951e-01;-2.811900377273559570e-01;2.765150964260101318e-01
3.032779991626739502e-01;-4.243237674236297607e-01;3.433735966682434082e-01
3.462849855422973633e-01;-4.244076609611511230e-01;3.950332403182983398e-01
3.615337312221527100e-01;-2.453189790248870850e-01;2.051381915807723999e-01
4.026289284229278564e-01;-1.767962574958801270e-01;2.067059129476547241e-01
3.251684904098510742e-01;-2.097210884094238281e-01;3.532517254352569580e-01
3.362200260162353516e-01;-1.275477409362792969e-01;3.968117237091064453e-01
4.393535256385803223e-01;-2.430992871522903442e-01;3.281282186508178711e-01
