-1.876562088727951050e-01;-6.557318568229675293e-01;-3.402686715126037598e-01
-1.986007690429687500e-01;-6.579669117927551270e-01;-3.904098272323608398e-01
-1.721906363964080811e-01;-5.994148850440979004e-01;-3.084077537059783936e-01
-4.859326779842376709e-02;-6.022837758064270020e-01;-3.406422436237335205e-01
-5.453012883663177490e-02;-5.994969010353088379e-01;-2.485240399837493896e-01
-1.248863041400909424e-01;-4.814160764217376709e-01;-3.428265154361724854e-01
-1.816607266664505005e-01;-4.685241878032684326e-01;-4.039124846458435059e-01
-1.311517357826232910e-01;-5.529459714889526367e-01;-5.009797811508178711e-01
-1.617211401462554932e-01;-6.571791172027587891e-01;-5.476841330528259277e-01
-2.365841418504714966e-01;-6.606869101524353027e-01;-5.498521924018859863e-01
-3.175981938838958740e-01;4.419498518109321594e-02;5.177405476570129395e-01
-3.070171475410461426e-01;-2.825378999114036560e-02;4.827652275562286377e-01
-2.435826808214187622e-01;1.401928812265396118e-02;4.926245510578155518e-01
-2.942832410335540771e-01;1.624076664447784424e-01;5.072749257087707520e-01
-2.987520396709442139e-01;-8.187527954578399658e-02;4.797075390815734863e-01
-3.684820234775543213e-01;1.815005987882614136e-01;5.032463669776916504e-01
-3.073345422744750977e-01;1.798914819955825806e-01;5.845128297805786133e-01
-3.616062700748443604e-01;-1.319339126348495483e-01;5.398920774459838867e-01
-4.305963814258575439e-01;-3.639939054846763611e-02;6.555919051170349121e-01
-1.674194037914276123e-01;1.702127009630203247e-01;5.197755694389343262e-01
2.525773942470550537e-01;-6.840253472328186035e-01;1.128449440002441406e-01
2.504978477954864502e-01;-6.848508715629577637e-01;8.992299437522888184e-02
2.571185231208801270e-01;-6.808703541755676270e-01;1.477551013231277466e-01
2.143531888723373413e-01;-6.816359758377075195e-01;1.196931749582290649e-01
2.168573439121246338e-01;-6.770008206367492676e-01;1.358818858861923218e-01
2.098653912544250488e-01;-6.813938021659851074e-01;1.199346333742141724e-01
2.458229362964630127e-01;-6.670549511909484863e-01;1.754604727029800415e-01
2.357354909181594849e-01;-6.769760847091674805e-01;4.453811049461364746e-02
2.464871555566787720e-01;-6.875445246696472168e-01;2.253398299217224121e-02
1.574882715940475464e-01;-6.780757904052734375e-01;1.087572425603866577e-01
-9.157910197973251343e-02;-1.170853450894355774e-01;-1.717882603406906128e-01
-5.759025737643241882e-02;-8.439277112483978271e-02;-2.134439200162887573e-01
2.504557371139526367e-03;-2.914445102214813232e-02;-1.719231158494949341e-01
-1.854418963193893433e-02;-2.333866655826568604e-01;-1.217700466513633728e-01
-1.439553350210189819e-01;-4.353001713752746582e-04;-2.834910452365875244e-01
3.099352121353149414e-03;-2.344268560409545898e-02;-3.946645557880401611e-02
3.254655748605728149e-02;-2.581190168857574463e-01;-2.111907303333282471e-01
-3.392472863197326660e-04;-5.699023604393005371e-02;-3.300312459468841553e-01
-6.513603031635284424e-03;-2.916737198829650879e-01;-1.763280928134918213e-01
2.755481749773025513e-02;-2.342989593744277954e-01;-3.284032344818115234e-01
-2.164407074451446533e-01;3.737823665142059326e-01;5.256451368331909180e-01
-2.371169179677963257e-01;3.313880860805511475e-01;4.946878254413604736e-01
-1.702621877193450928e-01;3.162027299404144287e-01;5.230166316032409668e-01
-2.000389546155929565e-01;4.161064326763153076e-01;4.499479532241821289e-01
-2.253044843673706055e-01;2.861125469207763672e-01;4.524098634719848633e-01
-2.755019664764404297e-01;2.873376309871673584e-01;4.713117480278015137e-01
-3.578641414642333984e-01;3.172717988491058350e-01;5.783777832984924316e-01
-3.243008553981781006e-01;4.965136051177978516e-01;5.588220953941345215e-01
-2.334507256746292114e-01;5.273881554603576660e-01;4.506792128086090088e-01
-1.005119159817695618e-01;4.144992232322692871e-01;3.981083631515502930e-01
-3.420928120613098145e-02;3.871973603963851929e-02;3.380537331104278564e-01
-9.541775286197662354e-02;-1.956429332494735718e-02;4.273996353149414062e-01
9.067389369010925293e-02;5.739346519112586975e-02;2.594422698020935059e-01
-1.873335689306259155e-01;3.169511631131172180e-02;3.572894036769866943e-01
3.547796607017517090e-02;1.767192482948303223e-01;2.832337021827697754e-01
-1.492989361286163330e-01;1.202089786529541016e-01;4.377351403236389160e-01
1.233216375112533569e-02;1.155688092112541199e-01;1.772343963384628296e-01
-7.331034168601036072e-03;-7.139571011066436768e-02;1.906100362539291382e-01
-1.517519652843475342e-01;1.728734970092773438e-01;4.267539381980895996e-01
-1.510189473628997803e-01;-1.125529184937477112e-01;4.376303255558013916e-01
2.194716781377792358e-01;4.707669317722320557e-01;7.002285122871398926e-02
2.088833153247833252e-01;4.475522935390472412e-01;3.486120700836181641e-02
2.495423406362533569e-01;4.927330315113067627e-01;3.582583740353584290e-02
2.159429192543029785e-01;5.387519001960754395e-01;7.716530561447143555e-02
1.762921214103698730e-01;3.688901662826538086e-01;8.624417334794998169e-02
1.746251732110977173e-01;3.878691196441650391e-01;-1.364080607891082764e-02
1.090390980243682861e-01;4.836064577102661133e-01;-1.569613814353942871e-04
2.630555331707000732e-01;3.720789551734924316e-01;1.622344851493835449e-01
1.963373124599456787e-01;5.380133390426635742e-01;-5.674184858798980713e-02
1.899760961532592773e-01;6.299409866333007812e-01;3.615516051650047302e-02
2.559817433357238770e-01;2.624512910842895508e-01;-1.772019714117050171e-01
2.407779246568679810e-01;2.230590730905532837e-01;-1.226910948753356934e-01
2.602238059043884277e-01;2.121165245771408081e-01;-9.922364354133605957e-02
1.240929663181304932e-01;2.965977489948272705e-01;-1.228532642126083374e-01
2.064336389303207397e-01;3.109380006790161133e-01;-3.604702651500701904e-02
1.522762179374694824e-01;1.559841930866241455e-01;-2.473528683185577393e-01
1.439888477325439453e-01;1.317978948354721069e-01;-1.913150697946548462e-01
2.190209031105041504e-01;4.115589559078216553e-01;-9.673535823822021484e-02
1.932518780231475830e-01;4.027263224124908447e-01;-9.455502778291702271e-02
2.006379812955856323e-01;4.334181845188140869e-01;-1.801276504993438721e-01
-1.404727995395660400e-01;4.024249911308288574e-01;-4.975234866142272949e-01
-2.013407796621322632e-01;2.882830798625946045e-01;-4.628422558307647705e-01
-2.876869142055511475e-01;4.577290117740631104e-01;-3.998836278915405273e-01
-5.079364776611328125e-02;4.529007375240325928e-01;-3.330966234207153320e-01
-1.853574663400650024e-01;2.165099829435348511e-01;-4.576638340950012207e-01
-1.445126831531524658e-01;5.934786796569824219e-01;-4.170918762683868408e-01
-1.664437651634216309e-01;6.030383110046386719e-01;-5.477163195610046387e-01
-1.484394818544387817e-01;5.316456556320190430e-01;-2.967935800552368164e-01
-3.679898679256439209e-01;3.413943350315093994e-01;-5.607303380966186523e-01
-1.558795422315597534e-01;2.282361686229705811e-01;-3.274853527545928955e-01
2.589603960514068604e-01;7.275211811065673828e-01;1.715914607048034668e-01
2.581863403320312500e-01;7.282865047454833984e-01;1.594983935356140137e-01
2.250555157661437988e-01;7.056539654731750488e-01;1.468041837215423584e-01
2.239606827497482300e-01;7.318938970565795898e-01;1.150126457214355469e-01
2.517649829387664795e-01;7.341949343681335449e-01;1.012865677475929260e-01
2.046835124492645264e-01;7.320111393928527832e-01;9.588710218667984009e-02
2.597602009773254395e-01;6.290729045867919922e-01;1.489876359701156616e-01
2.479466199874877930e-01;7.352614998817443848e-01;6.704863160848617554e-02
1.854769736528396606e-01;7.316319942474365234e-01;7.648497074842453003e-02
2.488810122013092041e-01;6.998172402381896973e-01;5.275349318981170654e-02
2.129320204257965088e-01;-5.750267952680587769e-02;-3.377963975071907043e-02
2.499432563781738281e-01;-6.685982644557952881e-02;-3.983470425009727478e-02
2.113872617483139038e-01;-1.444424837827682495e-01;-2.340479195117950439e-02
2.214335799217224121e-01;-1.189737319946289062e-01;3.050370141863822937e-02
1.109760925173759460e-01;-5.807991325855255127e-02;-7.989984005689620972e-02
2.504789829254150391e-01;-7.424668967723846436e-02;7.164683938026428223e-02
2.209859043359756470e-01;5.825067311525344849e-02;1.992849633097648621e-02
2.464692145586013794e-01;6.563461571931838989e-02;-7.922865450382232666e-03
2.583608627319335938e-01;5.937018990516662598e-02;-8.558107167482376099e-02
2.397667914628982544e-01;6.199108809232711792e-02;-1.058620661497116089e-01
-3.829340040683746338e-01;4.762852787971496582e-01;-5.959951281547546387e-01
-3.748280704021453857e-01;4.278719425201416016e-01;-5.905072093009948730e-01
-3.872222602367401123e-01;5.242427587509155273e-01;-5.128254294395446777e-01
-4.144302904605865479e-01;5.700778365135192871e-01;-6.179606914520263672e-01
-3.679898679256439209e-01;3.413943350315093994e-01;-5.607303380966186523e-01
-3.637919425964355469e-01;3.073389232158660889e-01;-5.937152504920959473e-01
-3.365395367145538330e-01;6.566610336303710938e-01;-5.468769073486328125e-01
-2.876869142055511475e-01;4.577290117740631104e-01;-3.998836278915405273e-01
-3.324780166149139404e-01;7.051292061805725098e-01;-5.489093661308288574e-01
-1.664437651634216309e-01;6.030383110046386719e-01;-5.477163195610046387e-01
-1.543982625007629395e-01;7.108050584793090820e-01;4.401620924472808838e-01
-1.301178783178329468e-01;6.412758231163024902e-01;4.394415020942687988e-01
-1.755623370409011841e-01;6.554354429244995117e-01;4.884760975837707520e-01
-1.125323399901390076e-01;6.506299972534179688e-01;4.051294624805450439e-01
-2.065503746271133423e-01;7.009437084197998047e-01;3.574044108390808105e-01
-2.248644679784774780e-01;6.394749879837036133e-01;4.573895037174224854e-01
-1.870256066322326660e-01;7.000766992568969727e-01;3.164169788360595703e-01
-2.334507256746292114e-01;5.273881554603576660e-01;4.506792128086090088e-01
-7.349172979593276978e-02;5.439554452896118164e-01;2.567026019096374512e-01
-3.686427772045135498e-01;6.984812617301940918e-01;6.133730411529541016e-01
-3.703863322734832764e-01;3.445393443107604980e-01;-5.580383539199829102e-01
-3.530366718769073486e-01;1.962987184524536133e-01;-5.797947049140930176e-01
-3.530630469322204590e-01;1.962807625532150269e-01;-5.797994732856750488e-01
-3.207780122756958008e-01;7.617369294166564941e-03;-5.383186936378479004e-01
-3.530511856079101562e-01;1.962834000587463379e-01;-5.798035264015197754e-01
-1.838672459125518799e-01;1.510688811540603638e-01;-5.435497760772705078e-01
-3.530588150024414062e-01;1.962947398424148560e-01;-5.797957181930541992e-01
-2.048859000205993652e-01;2.881467342376708984e-01;-4.638759493827819824e-01
-3.530673980712890625e-01;1.962969303131103516e-01;-5.797723531723022461e-01
-3.530541956424713135e-01;1.962950974702835083e-01;-5.797918438911437988e-01
-1.652771681547164917e-01;-4.313971400260925293e-01;4.780052304267883301e-01
-1.855826973915100098e-01;-6.026110649108886719e-01;5.695632100105285645e-01
-1.856016218662261963e-01;-6.026321649551391602e-01;5.695593953132629395e-01
-2.173426449298858643e-01;-6.007386445999145508e-01;5.622265934944152832e-01
-1.855919510126113892e-01;-6.026084423065185547e-01;5.695626735687255859e-01
-1.522784978151321411e-01;-6.607723832130432129e-01;4.949872493743896484e-01
-1.855857372283935547e-01;-6.026167273521423340e-01;5.695664286613464355e-01
-1.458270251750946045e-01;-5.286931991577148438e-01;4.383214712142944336e-01
-1.856161653995513916e-01;-6.026100516319274902e-01;5.695836544036865234e-01
-1.856017261743545532e-01;-6.026144623756408691e-01;5.695647001266479492e-01
-2.027535885572433472e-01;6.995498538017272949e-01;3.574976027011871338e-01
-3.686343133449554443e-01;6.984838247299194336e-01;6.133685111999511719e-01
-3.686487674713134766e-01;6.984756588935852051e-01;6.133655905723571777e-01
-3.287518620491027832e-01;4.932243227958679199e-01;5.652484297752380371e-01
-3.686407804489135742e-01;6.984687447547912598e-01;6.133586168289184570e-01
-1.336400508880615234e-01;6.395744085311889648e-01;4.447235465049743652e-01
-3.686567246913909912e-01;6.984785795211791992e-01;6.133526563644409180e-01
-2.259658426046371460e-01;6.347647905349731445e-01;4.619438052177429199e-01
-3.686431348323822021e-01;6.984809637069702148e-01;6.133719682693481445e-01
-3.686402738094329834e-01;6.984792947769165039e-01;6.133710145950317383e-01
1.961641013622283936e-01;2.669204175472259521e-01;1.502159535884857178e-01
2.562018632888793945e-01;1.661523282527923584e-01;1.378415524959564209e-01
2.562533915042877197e-01;1.661694943904876709e-01;1.378441900014877319e-01
2.107476294040679932e-01;9.254588931798934937e-02;1.885677874088287354e-01
2.562353610992431641e-01;1.662017107009887695e-01;1.378602087497711182e-01
2.259707748889923096e-01;2.138635814189910889e-01;2.686514705419540405e-02
2.562735378742218018e-01;1.661614328622817993e-01;1.378769278526306152e-01
2.548147141933441162e-01;1.695960760116577148e-02;1.312803924083709717e-01
2.562228441238403320e-01;1.661699861288070679e-01;1.378121972084045410e-01
2.562152445316314697e-01;1.661749184131622314e-01;1.378366053104400635e-01
1.623737961053848267e-01;7.172732949256896973e-01;-4.824298620223999023e-02
1.728218346834182739e-01;7.271111011505126953e-01;-9.979198873043060303e-02
1.727857291698455811e-01;7.270926833152770996e-01;-9.980052709579467773e-02
1.711287796497344971e-01;7.278023958206176758e-01;-9.666307270526885986e-02
1.728079617023468018e-01;7.270888686180114746e-01;-9.980698674917221069e-02
1.979478150606155396e-01;6.589210033416748047e-01;-1.315093338489532471e-01
1.727786362171173096e-01;7.271047830581665039e-01;-9.980617463588714600e-02
2.434226572513580322e-01;7.276948094367980957e-01;-5.270591378211975098e-02
1.727858781814575195e-01;7.271094918251037598e-01;-9.976901113986968994e-02
1.727965176105499268e-01;7.271042466163635254e-01;-9.979390352964401245e-02
-1.574259251356124878e-01;7.069299817085266113e-01;-4.462680220603942871e-01
-2.824901938438415527e-01;7.002918124198913574e-01;-4.205926656723022461e-01
-2.825170457363128662e-01;7.002725601196289062e-01;-4.206022024154663086e-01
-1.781555265188217163e-01;6.028456091880798340e-01;-5.554108023643493652e-01
-2.824983596801757812e-01;7.002825140953063965e-01;-4.206044077873229980e-01
-1.216202378273010254e-01;6.496868729591369629e-01;-3.527340888977050781e-01
-2.825204133987426758e-01;7.002847790718078613e-01;-4.206070601940155029e-01
-3.425275385379791260e-01;6.575557589530944824e-01;-5.478271245956420898e-01
-2.825183570384979248e-01;7.002918720245361328e-01;-4.205797612667083740e-01
-2.825105786323547363e-01;7.002879977226257324e-01;-4.205930829048156738e-01
-1.267246305942535400e-01;6.512511968612670898e-01;4.109034538269042969e-01
-7.346311211585998535e-02;5.439704060554504395e-01;2.566807568073272705e-01
-7.349347323179244995e-02;5.439403057098388672e-01;2.566845118999481201e-01
-1.043574437499046326e-01;4.133008122444152832e-01;4.010085165500640869e-01
-7.348825037479400635e-02;5.439461469650268555e-01;2.566789686679840088e-01
5.695860832929611206e-02;4.560537934303283691e-01;1.336298584938049316e-01
-7.349896430969238281e-02;5.439561009407043457e-01;2.566780745983123779e-01
-1.033073887228965759e-01;4.120770990848541260e-01;4.027708172798156738e-01
-7.350905239582061768e-02;5.439578890800476074e-01;2.567149996757507324e-01
-7.348787039518356323e-02;5.439605116844177246e-01;2.566939592361450195e-01
5.540603399276733398e-02;-1.367084234952926636e-01;2.014477550983428955e-01
8.790296316146850586e-02;-2.480722814798355103e-01;2.710204720497131348e-01
8.786465972661972046e-02;-2.480913251638412476e-01;2.710091173648834229e-01
5.180977284908294678e-02;-2.754667699337005615e-01;1.158684939146041870e-01
8.788566291332244873e-02;-2.480805367231369019e-01;2.710065841674804688e-01
2.694015800952911377e-01;-2.280651032924652100e-01;2.030441313982009888e-01
8.787603676319122314e-02;-2.480776458978652954e-01;2.710121572017669678e-01
-3.950066864490509033e-02;-3.515445590019226074e-01;2.454987317323684692e-01
8.786803483963012695e-02;-2.480696886777877808e-01;2.710318863391876221e-01
8.787325769662857056e-02;-2.480809539556503296e-01;2.710083723068237305e-01
-3.093716204166412354e-01;-1.472543179988861084e-01;-4.442856311798095703e-01
-3.610792756080627441e-01;-2.456603646278381348e-01;-5.898035168647766113e-01
-3.610971271991729736e-01;-2.456717491149902344e-01;-5.898057818412780762e-01
-3.227851390838623047e-01;-3.701320290565490723e-01;-5.707433819770812988e-01
-3.610922396183013916e-01;-2.456615418195724487e-01;-5.898025035858154297e-01
-2.397817373275756836e-01;-3.471989631652832031e-01;-5.152035355567932129e-01
-3.610838949680328369e-01;-2.456671148538589478e-01;-5.897984504699707031e-01
-1.858181059360504150e-01;-1.871965825557708740e-01;-5.508450865745544434e-01
-3.611035943031311035e-01;-2.456612139940261841e-01;-5.897900462150573730e-01
-3.610962629318237305e-01;-2.456636726856231689e-01;-5.898022055625915527e-01
5.378131568431854248e-02;4.877309799194335938e-01;-9.546551853418350220e-02
-2.647313289344310760e-02;3.547290563583374023e-01;-1.296798288822174072e-01
-2.652301266789436340e-02;3.547068238258361816e-01;-1.296928822994232178e-01
1.237549185752868652e-01;2.936220169067382812e-01;-1.256605237722396851e-01
-2.649037353694438934e-02;3.546987175941467285e-01;-1.297030746936798096e-01
1.503934264183044434e-01;4.135487675666809082e-01;-1.204791516065597534e-01
-2.652940712869167328e-02;3.547245562076568604e-01;-1.297038048505783081e-01
3.222583979368209839e-02;4.878519475460052490e-01;-2.447599619626998901e-01
-2.651077881455421448e-02;3.547279536724090576e-01;-1.296574771404266357e-01
-2.650325372815132141e-02;3.547174930572509766e-01;-1.296880990266799927e-01
2.537477910518646240e-01;-1.951841861009597778e-01;-1.556291878223419189e-01
2.595337629318237305e-01;-3.191996514797210693e-01;-9.893083572387695312e-02
2.594557404518127441e-01;-3.192399442195892334e-01;-9.894984215497970581e-02
2.302721440792083740e-01;-3.404453992843627930e-01;-1.227596625685691833e-01
2.594998776912689209e-01;-3.192375004291534424e-01;-9.895478188991546631e-02
2.636062800884246826e-01;-4.338273406028747559e-01;-1.855570375919342041e-01
2.594522833824157715e-01;-3.192108571529388428e-01;-9.896036237478256226e-02
1.869592964649200439e-01;-2.423425465822219849e-01;-5.027614533901214600e-02
2.594575583934783936e-01;-3.192020356655120850e-01;-9.887515753507614136e-02
2.594884037971496582e-01;-3.192134499549865723e-01;-9.893187135457992554e-02
-2.795446217060089111e-01;-3.195740878582000732e-01;5.429168939590454102e-01
-2.731492817401885986e-01;-3.029313087463378906e-01;4.705559313297271729e-01
-2.732373774051666260e-01;-3.029668331146240234e-01;4.705266058444976807e-01
-1.972324550151824951e-01;-4.167850613594055176e-01;3.907341063022613525e-01
-2.731781303882598877e-01;-3.029662370681762695e-01;4.705212712287902832e-01
-1.752185821533203125e-01;-4.354625046253204346e-01;4.498043954372406006e-01
-2.732352018356323242e-01;-3.029431700706481934e-01;4.705186486244201660e-01
-1.640360355377197266e-01;-2.628942728042602539e-01;4.457789957523345947e-01
-2.732223570346832275e-01;-3.029249012470245361e-01;4.705968201160430908e-01
-2.732025980949401855e-01;-3.029470145702362061e-01;4.705387055873870850e-01
-1.896352469921112061e-01;2.168366312980651855e-01;-4.540449976921081543e-01
-8.746498823165893555e-02;1.410242170095443726e-01;-3.594864010810852051e-01
-8.757251501083374023e-02;1.409720331430435181e-01;-3.595164418220520020e-01
-1.404777765274047852e-01;-4.913657903671264648e-04;-2.771449089050292969e-01
-8.750267326831817627e-02;1.409668326377868652e-01;-3.595315515995025635e-01
-2.978743985295295715e-02;1.082072407007217407e-01;-3.182728290557861328e-01
-8.760052174329757690e-02;1.410138756036758423e-01;-3.595357835292816162e-01
-6.125628203153610229e-02;1.852059364318847656e-02;-4.259171485900878906e-01
-8.756852149963378906e-02;1.410253047943115234e-01;-3.594212234020233154e-01
-8.753220736980438232e-02;1.410093009471893311e-01;-3.594923317432403564e-01
1.942481547594070435e-01;-5.146032571792602539e-01;-6.855156272649765015e-02
5.473766475915908813e-02;-5.504881739616394043e-01;-1.236727088689804077e-01
5.464321002364158630e-02;-5.505266785621643066e-01;-1.237001121044158936e-01
1.034159213304519653e-01;-5.047447681427001953e-01;-2.256386280059814453e-01
5.469935387372970581e-02;-5.505186319351196289e-01;-1.237043589353561401e-01
1.378346532583236694e-01;-6.719979047775268555e-01;-6.141140311956405640e-02
5.466052889823913574e-02;-5.505079030990600586e-01;-1.237029433250427246e-01
-4.678013175725936890e-02;-6.000039577484130859e-01;-2.393210232257843018e-01
5.466204136610031128e-02;-5.504857897758483887e-01;-1.236404031515121460e-01
5.467186495661735535e-02;-5.505132675170898438e-01;-1.236979737877845764e-01
-1.507144719362258911e-01;-5.246804356575012207e-01;4.442512989044189453e-01
-8.197435736656188965e-02;-6.026102900505065918e-01;2.987992167472839355e-01
-8.196842670440673828e-02;-6.026176214218139648e-01;2.988045215606689453e-01
-1.240436583757400513e-01;-6.009713411331176758e-01;3.606325984001159668e-01
-8.197786659002304077e-02;-6.026098132133483887e-01;2.988007664680480957e-01
1.550067961215972900e-02;-4.378512501716613770e-01;2.705805003643035889e-01
-8.196875452995300293e-02;-6.026119589805603027e-01;2.988104820251464844e-01
-1.490387171506881714e-01;-6.621739864349365234e-01;4.830639958381652832e-01
-8.198163658380508423e-02;-6.026133894920349121e-01;2.988002300262451172e-01
-8.197835087776184082e-02;-6.026081442832946777e-01;2.988041937351226807e-01
-3.468816876411437988e-01;-4.217696487903594971e-01;-5.276831984519958496e-01
-3.792353868484497070e-01;-5.902420282363891602e-01;-5.346195697784423828e-01
-3.792817592620849609e-01;-5.902653932571411133e-01;-5.346286296844482422e-01
-2.439541667699813843e-01;-6.569639444351196289e-01;-5.627154707908630371e-01
-3.792569637298583984e-01;-5.902700424194335938e-01;-5.346345901489257812e-01
-2.097996622323989868e-01;-6.534885168075561523e-01;-4.002027511596679688e-01
-3.792878389358520508e-01;-5.902501940727233887e-01;-5.346364378929138184e-01
-1.831742525100708008e-01;-5.365350246429443359e-01;-5.515425801277160645e-01
-3.792759776115417480e-01;-5.902472138404846191e-01;-5.345908403396606445e-01
-3.792621791362762451e-01;-5.902535915374755859e-01;-5.346177816390991211e-01
-2.045895606279373169e-01;-1.594213396310806274e-01;-4.174617528915405273e-01
-1.599865555763244629e-01;-2.923466563224792480e-01;-3.621527850627899170e-01
-1.600104570388793945e-01;-2.923534512519836426e-01;-3.621587753295898438e-01
-1.335207521915435791e-01;-4.277055263519287109e-01;-3.995682001113891602e-01
-1.600007414817810059e-01;-2.923536300659179688e-01;-3.621597886085510254e-01
2.489940822124481201e-02;-2.356691360473632812e-01;-3.306556344032287598e-01
-1.600055247545242310e-01;-2.923567891120910645e-01;-3.621627390384674072e-01
-2.396052181720733643e-01;-3.446372151374816895e-01;-5.147871971130371094e-01
-1.599981933832168579e-01;-2.923487722873687744e-01;-3.621523678302764893e-01
-1.600032746791839600e-01;-2.923605442047119141e-01;-3.621642589569091797e-01
-1.703620553016662598e-01;1.471258550882339478e-01;-5.430341362953186035e-01
-2.763953208923339844e-01;2.686408581212162971e-03;-4.424206614494323730e-01
-2.765106856822967529e-01;2.623413922265172005e-03;-4.424479305744171143e-01
-2.107324600219726562e-01;-1.572304964065551758e-01;-4.260880053043365479e-01
-2.764435112476348877e-01;2.638711826875805855e-03;-4.424672722816467285e-01
-2.302259802818298340e-01;1.328811943531036377e-01;-3.864618241786956787e-01
-2.765037715435028076e-01;2.667580032721161842e-03;-4.424537420272827148e-01
-1.780050247907638550e-01;-1.601714454591274261e-02;-5.067582726478576660e-01
-2.765037417411804199e-01;2.686328021809458733e-03;-4.423687160015106201e-01
-2.764761447906494141e-01;2.665390027686953545e-03;-4.424338936805725098e-01
-1.162196695804595947e-01;6.514444351196289062e-01;-3.458483815193176270e-01
-1.484257578849792480e-01;5.316455364227294922e-01;-2.967941761016845703e-01
-1.484531760215759277e-01;5.316339135169982910e-01;-2.968033254146575928e-01
-5.611080676317214966e-02;4.522525072097778320e-01;-3.401608467102050781e-01
-1.484320014715194702e-01;5.316342115402221680e-01;-2.968088984489440918e-01
3.659504652023315430e-02;4.881125688552856445e-01;-2.418971359729766846e-01
-1.484512537717819214e-01;5.316402316093444824e-01;-2.968067824840545654e-01
-1.552955061197280884e-01;5.967775583267211914e-01;-4.218354523181915283e-01
-1.484467983245849609e-01;5.316481590270996094e-01;-2.967865467071533203e-01
-1.484442204236984253e-01;5.316393971443176270e-01;-2.968026697635650635e-01
