-1.876562088727951050e-01;-6.557318568229675293e-01;-3.402686715126037598e-01
-1.986007690429687500e-01;-6.579669117927551270e-01;-3.904098272323608398e-01
-1.721906363964080811e-01;-5.994148850440979004e-01;-3.084077537059783936e-01
-4.859326779842376709e-02;-6.022837758064270020e-01;-3.406422436237335205e-01
-5.453012883663177490e-02;-5.994969010353088379e-01;-2.485240399837493896e-01
-1.248863041400909424e-01;-4.814160764217376709e-01;-3.428265154361724854e-01
-1.816607266664505005e-01;-4.685241878032684326e-01;-4.039124846458435059e-01
-1.311517357826232910e-01;-5.529459714889526367e-01;-5.009797811508178711e-01
-1.617211401462554932e-01;-6.571791172027587891e-01;-5.476841330528259277e-01
-2.365841418504714966e-01;-6.606869101524353027e-01;-5.498521924018859863e-01
-3.175981938838958740e-01;4.419498518109321594e-02;5.177405476570129395e-01
-3.070171475410461426e-01;-2.825378999114036560e-02;4.827652275562286377e-01
-2.435826808214187622e-01;1.401928812265396118e-02;4.926245510578155518e-01
-2.942832410335540771e-01;1.624076664447784424e-01;5.072749257087707520e-01
-2.987520396709442139e-01;-8.187527954578399658e-02;4.797075390815734863e-01
-3.684820234775543213e-01;1.815005987882614136e-01;5.032463669776916504e-01
-3.073345422744750977e-01;1.798914819955825806e-01;5.845128297805786133e-01
-3.616062700748443604e-01;-1.319339126348495483e-01;5.398920774459838867e-01
-4.305963814258575439e-01;-3.639939054846763611e-02;6.555919051170349121e-01
-1.674194037914276123e-01;1.702127009630203247e-01;5.197755694389343262e-01
2.525773942470550537e-01;-6.840253472328186035e-01;1.128449440002441406e-01
2.504978477954864502e-01;-6.848508715629577637e-01;8.992299437522888184e-02
2.571185231208801270e-01;-6.808703541755676270e-01;1.477551013231277466e-01
2.143531888723373413e-01;-6.816359758377075195e-01;1.196931749582290649e-01
2.168573439121246338e-01;-6.770008206367492676e-01;1.358818858861923218e-01
2.098653912544250488e-01;-6.813938021659851074e-01;1.199346333742141724e-01
2.458229362964630127e-01;-6.670549511909484863e-01;1.754604727029800415e-01
2.357354909181594849e-01;-6.769760847091674805e-01;4.453811049461364746e-02
2.464871555566787720e-01;-6.875445246696472168e-01;2.253398299217224121e-02
1.574882715940475464e-01;-6.780757904052734375e-01;1.087572425603866577e-01
-9.157910197973251343e-02;-1.170853450894355774e-01;-1.717882603406906128e-01
-5.759025737643241882e-02;-8.439277112483978271e-02;-2.134439200162887573e-01
2.504557371139526367e-03;-2.914445102214813232e-02;-1.719231158494949341e-01
-1.854418963193893433e-02;-2.333866655826568604e-01;-1.217700466513633728e-01
-1.439553350210189819e-01;-4.353001713752746582e-04;-2.834910452365875244e-01
3.099352121353149414e-03;-2.344268560409545898e-02;-3.946645557880401611e-02
3.254655748605728149e-02;-2.581190168857574463e-01;-2.111907303333282471e-01
-3.392472863197326660e-04;-5.699023604393005371e-02;-3.300312459468841553e-01
-6.513603031635284424e-03;-2.916737198829650879e-01;-1.763280928134918213e-01
2.755481749773025513e-02;-2.342989593744277954e-01;-3.284032344818115234e-01
-2.164407074451446533e-01;3.737823665142059326e-01;5.256451368331909180e-01
-2.371169179677963257e-01;3.313880860805511475e-01;4.946878254413604736e-01
-1.702621877193450928e-01;3.162027299404144287e-01;5.230166316032409668e-01
-2.000389546155929565e-01;4.161064326763153076e-01;4.499479532241821289e-01
-2.253044843673706055e-01;2.861125469207763672e-01;4.524098634719848633e-01
-2.755019664764404297e-01;2.873376309871673584e-01;4.713117480278015137e-01
-3.578641414642333984e-01;3.172717988491058350e-01;5.783777832984924316e-01
-3.243008553981781006e-01;4.965136051177978516e-01;5.588220953941345215e-01
-2.334507256746292114e-01;5.273881554603576660e-01;4.506792128086090088e-01
-1.005119159817695618e-01;4.144992232322692871e-01;3.981083631515502930e-01
-3.420928120613098145e-02;3.871973603963851929e-02;3.380537331104278564e-01
-9.541775286197662354e-02;-1.956429332494735718e-02;4.273996353149414062e-01
9.067389369010925293e-02;5.739346519112586975e-02;2.594422698020935059e-01
-1.873335689306259155e-01;3.169511631131172180e-02;3.572894036769866943e-01
3.547796607017517090e-02;1.767192482948303223e-01;2.832337021827697754e-01
-1.492989361286163330e-01;1.202089786529541016e-01;4.377351403236389160e-01
1.233216375112533569e-02;1.155688092112541199e-01;1.772343963384628296e-01
-7.331034168601036072e-03;-7.139571011066436768e-02;1.906100362539291382e-01
-1.517519652843475342e-01;1.728734970092773438e-01;4.267539381980895996e-01
-1.510189473628997803e-01;-1.125529184937477112e-01;4.376303255558013916e-01
2.194716781377792358e-01;4.707669317722320557e-01;7.002285122871398926e-02
2.088833153247833252e-01;4.475522935390472412e-01;3.486120700836181641e-02
2.495423406362533569e-01;4.927330315113067627e-01;3.582583740353584290e-02
2.159429192543029785e-01;5.387519001960754395e-01;7.716530561447143555e-02
1.762921214103698730e-01;3.688901662826538086e-01;8.624417334794998169e-02
1.746251732110977173e-01;3.878691196441650391e-01;-1.364080607891082764e-02
1.090390980243682861e-01;4.836064577102661133e-01;-1.569613814353942871e-04
2.630555331707000732e-01;3.720789551734924316e-01;1.622344851493835449e-01
1.963373124599456787e-01;5.380133390426635742e-01;-5.674184858798980713e-02
1.899760961532592773e-01;6.299409866333007812e-01;3.615516051650047302e-02
2.559817433357238770e-01;2.624512910842895508e-01;-1.772019714117050171e-01
2.407779246568679810e-01;2.230590730905532837e-01;-1.226910948753356934e-01
2.602238059043884277e-01;2.121165245771408081e-01;-9.922364354133605957e-02
1.240929663181304932e-01;2.965977489948272705e-01;-1.228532642126083374e-01
2.064336389303207397e-01;3.109380006790161133e-01;-3.604702651500701904e-02
1.522762179374694824e-01;1.559841930866241455e-01;-2.473528683185577393e-01
1.439888477325439453e-01;1.317978948354721069e-01;-1.913150697946548462e-01
2.190209031105041504e-01;4.115589559078216553e-01;-9.673535823822021484e-02
1.932518780231475830e-01;4.027263224124908447e-01;-9.455502778291702271e-02
2.006379812955856323e-01;4.334181845188140869e-01;-1.801276504993438721e-01
-1.404727995395660400e-01;4.024249911308288574e-01;-4.975234866142272949e-01
-2.013407796621322632e-01;2.882830798625946045e-01;-4.628422558307647705e-01
-2.876869142055511475e-01;4.577290117740631104e-01;-3.998836278915405273e-01
-5.079364776611328125e-02;4.529007375240325928e-01;-3.330966234207153320e-01
-1.853574663400650024e-01;2.165099829435348511e-01;-4.576638340950012207e-01
-1.445126831531524658e-01;5.934786796569824219e-01;-4.170918762683868408e-01
-1.664437651634216309e-01;6.030383110046386719e-01;-5.477163195610046387e-01
-1.484394818544387817e-01;5.316456556320190430e-01;-2.967935800552368164e-01
-3.679898679256439209e-01;3.413943350315093994e-01;-5.607303380966186523e-01
-1.558795422315597534e-01;2.282361686229705811e-01;-3.274853527545928955e-01
2.589603960514068604e-01;7.275211811065673828e-01;1.715914607048034668e-01
2.581863403320312500e-01;7.282865047454833984e-01;1.594983935356140137e-01
2.250555157661437988e-01;7.056539654731750488e-01;1.468041837215423584e-01
2.239606827497482300e-01;7.318938970565795898e-01;1.150126457214355469e-01
2.517649829387664795e-01;7.341949343681335449e-01;1.012865677475929260e-01
2.046835124492645264e-01;7.320111393928527832e-01;9.588710218667984009e-02
2.597602009773254395e-01;6.290729045867919922e-01;1.489876359701156616e-01
2.479466199874877930e-01;7.352614998817443848e-01;6.704863160848617554e-02
1.854769736528396606e-01;7.316319942474365234e-01;7.648497074842453003e-02
2.488810122013092041e-01;6.998172402381896973e-01;5.275349318981170654e-02
2.129320204257965088e-01;-5.750267952680587769e-02;-3.377963975071907043e-02
2.499432563781738281e-01;-6.685982644557952881e-02;-3.983470425009727478e-02
2.113872617483139038e-01;-1.444424837827682495e-01;-2.340479195117950439e-02
2.214335799217224121e-01;-1.189737319946289062e-01;3.050370141863822937e-02
1.109760925173759460e-01;-5.807991325855255127e-02;-7.989984005689620972e-02
2.504789829254150391e-01;-7.424668967723846436e-02;7.164683938026428223e-02
2.209859043359756470e-01;5.825067311525344849e-02;1.992849633097648621e-02
2.464692145586013794e-01;6.563461571931838989e-02;-7.922865450382232666e-03
2.583608627319335938e-01;5.937018990516662598e-02;-8.558107167482376099e-02
2.397667914628982544e-01;6.199108809232711792e-02;-1.058620661497116089e-01
-3.829340040683746338e-01;4.762852787971496582e-01;-5.959951281547546387e-01
-3.748280704021453857e-01;4.278719425201416016e-01;-5.905072093009948730e-01
-3.872222602367401123e-01;5.242427587509155273e-01;-5.128254294395446777e-01
-4.144302904605865479e-01;5.700778365135192871e-01;-6.179606914520263672e-01
-3.679898679256439209e-01;3.413943350315093994e-01;-5.607303380966186523e-01
-3.637919425964355469e-01;3.073389232158660889e-01;-5.937152504920959473e-01
-3.365395367145538330e-01;6.566610336303710938e-01;-5.468769073486328125e-01
-2.876869142055511475e-01;4.577290117740631104e-01;-3.998836278915405273e-01
-3.324780166149139404e-01;7.051292061805725098e-01;-5.489093661308288574e-01
-1.664437651634216309e-01;6.030383110046386719e-01;-5.477163195610046387e-01
-1.543982625007629395e-01;7.108050584793090820e-01;4.401620924472808838e-01
-1.301178783178329468e-01;6.412758231163024902e-01;4.394415020942687988e-01
-1.755623370409011841e-01;6.554354429244995117e-01;4.884760975837707520e-01
-1.125323399901390076e-01;6.506299972534179688e-01;4.051294624805450439e-01
-2.065503746271133423e-01;7.009437084197998047e-01;3.574044108390808105e-01
-2.248644679784774780e-01;6.394749879837036133e-01;4.573895037174224854e-01
-1.870256066322326660e-01;7.000766992568969727e-01;3.164169788360595703e-01
-2.334507256746292114e-01;5.273881554603576660e-01;4.506792128086090088e-01
-7.349172979593276978e-02;5.439554452896118164e-01;2.567026019096374512e-01
-3.686427772045135498e-01;6.984812617301940918e-01;6.133730411529541016e-01
