2.967574596405029297e-01;4.043593257665634155e-02;1.185648981481790543e-02
-3.296997845172882080e-01;-2.979499101638793945e-01;-5.427318215370178223e-01
2.728390097618103027e-01;3.212626576423645020e-01;-4.612305667251348495e-03
2.527429759502410889e-01;-4.233483374118804932e-01;-1.382621657103300095e-02
-2.908435761928558350e-01;-3.264494836330413818e-01;5.112324357032775879e-01
2.463919371366500854e-01;5.146540999412536621e-01;-2.222146466374397278e-02
2.698501348495483398e-01;4.233536124229431152e-01;-2.870786376297473907e-02
-2.453382462263107300e-01;-7.595513015985488892e-02;-5.127792954444885254e-01
2.162118256092071533e-01;6.232216954231262207e-01;1.497759204357862473e-02
-2.848942279815673828e-01;8.376476913690567017e-02;5.132544040679931641e-01
3.000917434692382812e-01;-1.818602234125137329e-01;-4.228962585330009460e-02
-3.051069676876068115e-01;4.679441452026367188e-01;-5.077546238899230957e-01
-3.237797915935516357e-01;1.880017518997192383e-01;5.520048737525939941e-01
-2.283690571784973145e-01;1.612894535064697266e-01;-4.807303845882415771e-01
-2.518387138843536377e-01;-5.215270519256591797e-01;-4.896476864814758301e-01
-3.455623686313629150e-01;2.169702798128128052e-01;-5.381436944007873535e-01
-2.373126447200775146e-01;-4.669507592916488647e-02;-4.584186077117919922e-01
1.661970764398574829e-01;1.326000839471817017e-01;-4.664742201566696167e-02
-3.762718737125396729e-01;9.437590092420578003e-02;-5.721268653869628906e-01
1.513121575117111206e-01;-3.009977340698242188e-01;-2.107663452625274658e-02
1.738102883100509644e-01;-9.506476670503616333e-02;-4.268059507012367249e-02
1.531448066234588623e-01;-8.479196578264236450e-02;2.136963233351707458e-02
-2.077875733375549316e-01;4.256058335304260254e-01;-4.705346524715423584e-01
1.428212821483612061e-01;3.301861584186553955e-01;3.629185259342193604e-02
1.791428923606872559e-01;3.141112923622131348e-01;6.877500563859939575e-02
1.962602585554122925e-01;-5.017042160034179688e-02;-6.743802130222320557e-02
-2.101212292909622192e-01;-3.600757420063018799e-01;4.248717725276947021e-01
1.430369019508361816e-01;9.494180977344512939e-02;-1.267884112894535065e-02
2.694278657436370850e-01;4.483107030391693115e-01;6.564589589834213257e-02
1.617099046707153320e-01;-3.047781586647033691e-01;-5.651634186506271362e-02
-1.471516191959381104e-01;1.768415123224258423e-01;3.947663009166717529e-01
1.507575064897537231e-01;-4.400640130043029785e-01;-2.916371263563632965e-02
-3.545908927917480469e-01;-4.364841282367706299e-01;-5.598409175872802734e-01
-1.985323578119277954e-01;2.786678969860076904e-01;4.800191223621368408e-01
-1.481179147958755493e-01;3.579197525978088379e-01;4.319484233856201172e-01
-7.136131823062896729e-02;8.374305814504623413e-02;-2.704976499080657959e-01
-1.856764853000640869e-01;-1.377127170562744141e-01;-5.068951249122619629e-01
-1.349240839481353760e-01;2.375275343656539917e-01;3.304081559181213379e-01
1.788908541202545166e-01;-3.605012893676757812e-01;9.034046530723571777e-02
-9.351582080125808716e-02;-1.492715775966644287e-01;-3.654941916465759277e-01
1.706601232290267944e-01;-7.227310538291931152e-01;4.681505262851715088e-02
7.081697694957256317e-03;-5.337850004434585571e-02;-2.145482897758483887e-01
1.531701683998107910e-01;-4.334509372711181641e-01;7.974524050951004028e-02
7.641999423503875732e-02;2.284752875566482544e-01;-1.445300877094268799e-01
-1.980205327272415161e-01;6.318221688270568848e-01;-4.829072356224060059e-01
-2.181532680988311768e-01;1.458416227251291275e-03;3.999543786048889160e-01
1.124034896492958069e-01;-2.444846779108047485e-01;-9.710583835840225220e-02
1.623359620571136475e-01;7.874047160148620605e-01;1.049652695655822754e-02
1.363289505243301392e-01;-2.758585214614868164e-01;1.461636424064636230e-01
-7.541681826114654541e-02;-7.102338131517171860e-03;-3.636260628700256348e-01
-1.394805461168289185e-01;-2.217461466789245605e-01;3.287047147750854492e-01
-2.664229273796081543e-01;5.499812364578247070e-01;4.488056302070617676e-01
-1.872400045394897461e-01;6.449007391929626465e-01;-4.396585822105407715e-01
-7.312710583209991455e-02;2.462378293275833130e-01;2.738240957260131836e-01
3.155539035797119141e-01;9.853003174066543579e-02;8.396145701408386230e-02
-3.683105707168579102e-01;5.142035484313964844e-01;5.631380081176757812e-01
4.581146314740180969e-02;-2.272042483091354370e-01;2.575064599514007568e-01
-4.017835259437561035e-01;1.382608562707901001e-01;-5.641581416130065918e-01
-2.733557522296905518e-01;6.732264757156372070e-01;5.303142070770263672e-01
-1.464032977819442749e-01;3.177084028720855713e-02;3.147525489330291748e-01
1.662681102752685547e-01;-4.889902770519256592e-01;1.133297234773635864e-01
3.102085292339324951e-01;-1.373541206121444702e-01;8.491913229227066040e-02
2.960906028747558594e-01;3.142515420913696289e-01;8.511588722467422485e-02
-9.122798219323158264e-03;-2.069541960954666138e-01;-3.008165955543518066e-01
1.511882394552230835e-01;-3.427315354347229004e-01;1.646737307310104370e-01
-7.794859353452920914e-03;3.583012819290161133e-01;-3.086617887020111084e-01
-4.069681167602539062e-01;-1.214332804083824158e-01;-6.006552577018737793e-01
-9.923602640628814697e-02;2.572884559631347656e-01;-4.053051173686981201e-01
-5.110952630639076233e-02;5.661295056343078613e-01;2.977669835090637207e-01
-2.459488660097122192e-01;-7.086733579635620117e-01;-5.128453969955444336e-01
-1.671670526266098022e-01;-4.951775074005126953e-01;5.166478753089904785e-01
6.068752706050872803e-02;5.568047165870666504e-01;2.130072712898254395e-01
-1.746483296155929565e-01;-3.994921445846557617e-01;3.433270454406738281e-01
1.708578169345855713e-01;6.108312010765075684e-01;-9.662978351116180420e-02
-2.656073868274688721e-01;-4.916886985301971436e-01;4.291089773178100586e-01
1.135708689689636230e-01;1.336230486631393433e-01;-1.980139911174774170e-01
-3.332591056823730469e-01;6.154897212982177734e-01;5.115073919296264648e-01
1.001129448413848877e-01;4.987602531909942627e-01;-1.897233575582504272e-01
-7.832987606525421143e-02;1.152702197432518005e-01;2.454382926225662231e-01
6.892792135477066040e-02;3.579728007316589355e-01;2.610901594161987305e-01
-1.220811977982521057e-01;6.895009875297546387e-01;3.859580457210540771e-01
8.098627626895904541e-02;-1.681045889854431152e-01;8.320791274309158325e-02
-1.456737704575061798e-02;1.182592213153839111e-01;1.723837107419967651e-01
-9.778897464275360107e-02;-2.731963098049163818e-01;-2.462930083274841309e-01
-1.477078050374984741e-01;-6.340975165367126465e-01;3.526712357997894287e-01
-3.761716559529304504e-02;-7.205197960138320923e-02;1.895443648099899292e-01
-2.548275291919708252e-01;-6.976362466812133789e-01;4.421425163745880127e-01
-4.110523760318756104e-01;3.652888536453247070e-01;6.153088808059692383e-01
2.206233143806457520e-01;4.186747372150421143e-01;-9.697618335485458374e-02
-9.327152371406555176e-02;-8.531138300895690918e-02;-2.292972654104232788e-01
8.236667513847351074e-02;9.813969582319259644e-02;2.512197792530059814e-01
7.491182535886764526e-02;-3.256305754184722900e-01;2.689582109451293945e-01
-3.593603968620300293e-01;7.476469278335571289e-01;-5.584658980369567871e-01
-2.504754066467285156e-01;7.502472996711730957e-01;-4.317132830619812012e-01
1.485226303339004517e-01;8.212834000587463379e-01;-3.397320583462715149e-02
-3.117876350879669189e-01;3.080656528472900391e-01;-4.223697781562805176e-01
1.444107890129089355e-01;-4.431470036506652832e-01;-1.753780096769332886e-01
3.031205013394355774e-02;5.344275236129760742e-01;1.694724559783935547e-01
-1.200624331831932068e-01;3.485680818557739258e-01;-2.498293519020080566e-01
4.938836209475994110e-03;-5.708991885185241699e-01;3.328859806060791016e-01
-4.189446866512298584e-01;2.074521481990814209e-01;5.984771251678466797e-01
-5.380971357226371765e-02;-6.382225751876831055e-01;-3.310623168945312500e-01
1.866454333066940308e-01;2.668592929840087891e-01;1.719539612531661987e-01
-9.613060974515974522e-04;4.852807223796844482e-01;3.507368266582489014e-01
-3.863640725612640381e-01;4.654717445373535156e-01;5.390818119049072266e-01
1.425731629133224487e-01;8.233894705772399902e-01;-5.195992998778820038e-03
-3.202152997255325317e-02;-6.366620659828186035e-01;2.471283078193664551e-01
-3.377603590488433838e-01;-5.400499105453491211e-01;-4.699219167232513428e-01
1.010230034589767456e-01;7.018705010414123535e-01;-1.826723664999008179e-01
-1.927044689655303955e-01;-6.926580667495727539e-01;-3.424530029296875000e-01
-1.348921358585357666e-01;-6.965404748916625977e-01;5.166812539100646973e-01
-1.008414551615715027e-01;7.560581564903259277e-01;4.055168926715850830e-01
1.480011940002441406e-01;-3.973635733127593994e-01;2.106962949037551880e-01
-4.691195487976074219e-02;7.570884823799133301e-01;3.226205706596374512e-01
-3.745701909065246582e-02;3.503061234951019287e-01;1.789593696594238281e-01
5.705101788043975830e-02;-7.117458581924438477e-01;-2.133966535329818726e-01
-1.382597684860229492e-01;7.479146122932434082e-01;-3.163025379180908203e-01
1.464388221502304077e-01;-7.586188912391662598e-01;-4.407624155282974243e-02
8.989126235246658325e-02;7.662947773933410645e-01;2.255860716104507446e-01
1.288616061210632324e-01;7.522577047348022461e-01;-7.087619602680206299e-02
-3.753716349601745605e-01;-3.132569789886474609e-01;5.389919877052307129e-01
-2.032418102025985718e-01;5.508691668510437012e-01;3.467084169387817383e-01
2.669172286987304688e-01;5.400431752204895020e-01;1.116741374135017395e-01
-1.108523160219192505e-01;-5.822210907936096191e-01;-4.653406739234924316e-01
8.775437250733375549e-03;6.856904029846191406e-01;-3.227035403251647949e-01
-2.780784964561462402e-01;7.368327379226684570e-01;4.137990474700927734e-01
-3.438846468925476074e-01;-2.119831740856170654e-02;4.904034435749053955e-01
1.214378252625465393e-01;4.076527953147888184e-01;2.445845305919647217e-01
1.455086916685104370e-01;-7.698283791542053223e-01;4.584489017724990845e-02
1.021258383989334106e-01;-7.202901840209960938e-01;1.883762478828430176e-01
-4.122349247336387634e-02;-7.041968107223510742e-01;3.541119098663330078e-01
1.465080119669437408e-02;-2.784336507320404053e-01;1.187028884887695312e-01
1.691994257271289825e-02;-4.236454665660858154e-01;-1.202900856733322144e-01
-3.895067870616912842e-01;-1.959003508090972900e-01;5.395387411117553711e-01
1.427086144685745239e-01;-7.698479294776916504e-01;5.793211981654167175e-03
1.454121917486190796e-01;-7.685228586196899414e-01;-2.441385574638843536e-02
-1.561428457498550415e-01;-9.621154516935348511e-02;5.166604518890380859e-01
-9.092280268669128418e-02;-7.005904912948608398e-01;-4.380786120891571045e-01
5.306476354598999023e-02;6.108769178390502930e-01;-3.184162974357604980e-01
1.645370274782180786e-01;-7.633799910545349121e-01;-7.151909917593002319e-02
-1.276847869157791138e-01;4.625392854213714600e-01;-5.063478350639343262e-01
6.791713833808898926e-02;-3.285006284713745117e-01;-3.826879709959030151e-02
1.480030119419097900e-01;-7.692134976387023926e-01;5.578406527638435364e-02
-5.074943974614143372e-02;7.489092946052551270e-01;-2.085419744253158569e-01
-8.270229399204254150e-02;6.188625097274780273e-01;-2.277096509933471680e-01
1.511813253164291382e-01;-7.482420802116394043e-01;8.830889314413070679e-02
1.619572192430496216e-01;8.062931895256042480e-01;-7.914952933788299561e-02
-4.430293291807174683e-02;7.528383135795593262e-01;-3.882866799831390381e-01
1.851863861083984375e-01;-2.267407625913619995e-01;-1.785726100206375122e-01
1.616079658269882202e-01;5.428352355957031250e-01;-2.099506407976150513e-01
2.430560588836669922e-01;1.918386667966842651e-01;-1.217271909117698669e-01
6.188069283962249756e-02;5.674660801887512207e-01;7.658833265304565430e-02
-4.029920399188995361e-01;-4.390553832054138184e-01;-5.289799571037292480e-01
4.749668389558792114e-02;7.521623373031616211e-01;3.581782579421997070e-01
1.495948135852813721e-01;8.117730021476745605e-01;-5.584494397044181824e-02
-3.008181750774383545e-01;5.447613000869750977e-01;-4.000009000301361084e-01
1.740957200527191162e-01;8.142424225807189941e-01;1.014870479702949524e-01
3.788429498672485352e-02;-7.009888887405395508e-01;-3.391311466693878174e-01
-5.958591401576995850e-02;-6.873486042022705078e-01;5.167058110237121582e-01
4.678622260689735413e-02;-5.933712124824523926e-01;1.302939206361770630e-01
-7.076363265514373779e-02;-6.339795589447021484e-01;-2.090315073728561401e-01
1.841148436069488525e-01;-7.280413508415222168e-01;1.807433366775512695e-01
3.077987208962440491e-02;-3.919908106327056885e-01;3.715797662734985352e-01
2.320112735033035278e-01;3.873409628868103027e-01;1.602460741996765137e-01
1.674857139587402344e-01;-6.473771333694458008e-01;2.519086599349975586e-01
-3.766099810600280762e-01;-6.885761618614196777e-01;-5.240819454193115234e-01
6.250206381082534790e-02;-5.765844583511352539e-01;8.553323149681091309e-02
-6.427151709794998169e-02;-6.878140568733215332e-01;-5.063381195068359375e-01
1.344695091247558594e-01;8.103219866752624512e-01;7.430452853441238403e-02
-1.493493318557739258e-01;2.962293028831481934e-01;2.405680269002914429e-01
-8.134844154119491577e-02;4.443219006061553955e-01;4.667948484420776367e-01
-6.563306599855422974e-02;-3.620132505893707275e-01;-4.507888257503509521e-01
1.248851493000984192e-01;-7.504563331604003906e-01;8.932273089885711670e-02
3.630673140287399292e-02;-4.174456000328063965e-01;-3.529731035232543945e-01
-8.401797711849212646e-02;-3.023793101310729980e-01;-4.534111320972442627e-01
1.446068286895751953e-01;8.649522811174392700e-02;-2.303223162889480591e-01
1.010572910308837891e-01;1.912180185317993164e-01;2.929458320140838623e-01
1.175189465284347534e-01;8.097131252288818359e-01;2.949907444417476654e-02
1.442318558692932129e-01;3.496821224689483643e-01;-2.485894709825515747e-01
1.798546463251113892e-01;-7.468623518943786621e-01;-1.136344000697135925e-01
-4.177726805210113525e-01;-2.514230310916900635e-01;-6.152107119560241699e-01
6.501212716102600098e-02;6.845288276672363281e-01;-3.548710346221923828e-01
1.281444579362869263e-01;-7.465409040451049805e-01;-8.910054713487625122e-02
1.404446661472320557e-01;-1.424561291933059692e-01;-2.375042140483856201e-01
1.889012455940246582e-01;-7.558063864707946777e-01;1.185739189386367798e-01
1.787308305501937866e-01;-7.588644027709960938e-01;-8.950684219598770142e-02
-7.602738589048385620e-02;-3.938076496124267578e-01;5.167101025581359863e-01
2.037794142961502075e-01;8.003270626068115234e-01;-1.113966554403305054e-01
-5.229004472494125366e-02;-2.648803293704986572e-01;1.540586203336715698e-01
-2.627890706062316895e-01;-6.725555658340454102e-01;-3.158134222030639648e-01
2.066902369260787964e-01;1.621418446302413940e-01;1.991879343986511230e-01
-3.610435724258422852e-01;-1.502079516649246216e-01;-4.747693240642547607e-01
-4.177131652832031250e-01;6.239272356033325195e-01;-5.801309347152709961e-01
-4.219357073307037354e-01;3.537940680980682373e-01;-5.863921642303466797e-01
1.832623183727264404e-01;-6.448299288749694824e-01;3.069753944873809814e-01
2.041784822940826416e-01;-5.801871418952941895e-02;-1.862715184688568115e-01
1.395613253116607666e-01;-4.323634505271911621e-01;-2.773274183273315430e-01
-5.027953907847404480e-02;-5.314474701881408691e-01;4.719765782356262207e-01
1.811721026897430420e-01;-5.122578740119934082e-01;2.559576332569122314e-01
5.857281759381294250e-02;-6.943104416131973267e-02;3.497530221939086914e-01
2.577348649501800537e-01;-1.459123492240905762e-01;2.933560125529766083e-02
2.427385151386260986e-01;6.145569682121276855e-02;1.007924694567918777e-02
2.592976093292236328e-01;1.044947430491447449e-01;2.417965792119503021e-02
2.208735793828964233e-01;-9.159701317548751831e-02;-4.344136454164981842e-03
2.335084527730941772e-01;2.325869053602218628e-01;1.864165626466274261e-02
2.798935174942016602e-01;2.087668031454086304e-01;4.513084515929222107e-02
2.137632668018341064e-01;-1.507083773612976074e-01;-1.463181525468826294e-02
2.272984534502029419e-01;2.674171030521392822e-01;-3.507008776068687439e-02
2.609235346317291260e-01;-2.650748193264007568e-01;4.781632870435714722e-02
1.922526210546493530e-01;-3.463487625122070312e-01;1.631313934922218323e-02
2.384256571531295776e-01;-1.613982021808624268e-01;-4.239616543054580688e-02
-2.547608315944671631e-01;-2.039010822772979736e-02;-5.240632295608520508e-01
1.859823763370513916e-01;4.748946726322174072e-01;2.140669710934162140e-02
-2.886621654033660889e-01;-7.537859678268432617e-02;-5.367262363433837891e-01
1.729560345411300659e-01;-4.170554280281066895e-01;9.045840241014957428e-03
2.089240550994873047e-01;3.962978720664978027e-01;-4.640997946262359619e-02
2.309890389442443848e-01;4.517218172550201416e-01;5.650771781802177429e-02
2.865548133850097656e-01;-2.357996441423892975e-02;-5.699078738689422607e-02
1.733357906341552734e-01;-4.379685223102569580e-01;-3.592817857861518860e-02
-2.144951522350311279e-01;-3.190771937370300293e-01;-5.118690133094787598e-01
3.047309219837188721e-01;-6.129262596368789673e-02;6.825009733438491821e-02
-2.006968855857849121e-01;-3.406754732131958008e-01;4.298110902309417725e-01
1.846401691436767578e-01;5.783486366271972656e-01;5.198115110397338867e-02
2.669748663902282715e-01;-1.951014250516891479e-01;-6.419583410024642944e-02
-2.557391524314880371e-01;-2.810980677604675293e-01;4.525437653064727783e-01
-1.222992688417434692e-01;1.955395042896270752e-01;3.969419598579406738e-01
-1.245017647743225098e-01;3.803957402706146240e-01;3.997796177864074707e-01
-1.279751658439636230e-01;-2.010915577411651611e-01;4.018694460391998291e-01
-2.536089122295379639e-01;1.996665596961975098e-01;-5.263389348983764648e-01
2.182365655899047852e-01;-5.300188660621643066e-01;8.523723483085632324e-02
2.599819302558898926e-01;-3.823347687721252441e-01;8.120620995759963989e-02
1.405240148305892944e-01;6.166508793830871582e-01;5.825677886605262756e-03
-3.105112314224243164e-01;2.959665656089782715e-01;4.729779362678527832e-01
-6.842166185379028320e-02;-1.897181384265422821e-02;3.793432414531707764e-01
-2.735209763050079346e-01;-5.821349024772644043e-01;4.586555659770965576e-01
1.849786490201950073e-01;5.819445848464965820e-01;-8.241891115903854370e-02
1.309575736522674561e-01;6.463426947593688965e-01;-3.357200324535369873e-02
-2.227202802896499634e-01;7.506253719329833984e-01;-5.101453661918640137e-01
2.710922062397003174e-01;3.054753243923187256e-01;-8.281473070383071899e-02
-7.945881038904190063e-02;-4.820082485675811768e-01;3.955877423286437988e-01
1.566123068332672119e-01;-6.604360342025756836e-01;8.481508493423461914e-02
-2.041430026292800903e-01;-7.072122097015380859e-01;-4.770314097404479980e-01
-4.229243099689483643e-02;8.392143249511718750e-02;3.758877217769622803e-01
-3.205719590187072754e-01;5.745568871498107910e-01;4.784051477909088135e-01
2.974327206611633301e-01;1.835216879844665527e-01;-8.869103342294692993e-02
1.704052984714508057e-01;7.296345829963684082e-01;1.025158092379570007e-01
-1.887200325727462769e-01;7.546154260635375977e-01;-4.350474178791046143e-01
-1.436736583709716797e-01;1.647256463766098022e-01;-5.063340067863464355e-01
2.912842035293579102e-01;-1.390773504972457886e-01;-8.736257255077362061e-02
3.138560652732849121e-01;-1.991068571805953979e-02;9.770192950963973999e-02
-1.356119513511657715e-01;7.527453303337097168e-01;3.776836991310119629e-01
1.375776231288909912e-01;7.463274598121643066e-01;8.216962218284606934e-02
-6.933236960321664810e-03;-2.521221935749053955e-01;3.701843619346618652e-01
-3.532835841178894043e-01;-1.365058422088623047e-01;4.957713186740875244e-01
1.490290164947509766e-01;-6.638448834419250488e-01;-1.066838130354881287e-01
1.845295578241348267e-01;-6.777006387710571289e-01;1.152252703905105591e-01
-6.093478575348854065e-02;-7.007390856742858887e-01;-2.701862752437591553e-01
1.634365878999233246e-03;-7.067536711692810059e-01;-2.489759474992752075e-01
-9.858503937721252441e-03;5.425775051116943359e-01;3.818747699260711670e-01
-3.126126825809478760e-01;-6.878394484519958496e-01;-4.496116936206817627e-01
-1.912150345742702484e-02;-5.631353855133056641e-01;3.881909549236297607e-01
-2.034326456487178802e-02;6.607727408409118652e-01;3.913912773132324219e-01
8.032453805208206177e-02;7.709279656410217285e-01;-1.585518270730972290e-01
1.485733687877655029e-01;7.378156781196594238e-01;-1.153694838285446167e-01
2.539935410022735596e-01;-4.048268795013427734e-01;-1.064117178320884705e-01
-3.730860352516174316e-01;-5.138052701950073242e-01;-5.809772610664367676e-01
1.538250744342803955e-01;-7.261063456535339355e-01;-1.609032005071640015e-01
-3.732642233371734619e-01;1.207736209034919739e-01;5.058102011680603027e-01
-1.186621412634849548e-01;-4.858733415603637695e-01;-5.063430070877075195e-01
1.297774612903594971e-01;-7.107610106468200684e-01;-2.248150408267974854e-01
-2.620190382003784180e-03;-7.043082118034362793e-01;1.868377774953842163e-01
7.845260202884674072e-02;7.739410996437072754e-01;1.627765893936157227e-01
1.737367212772369385e-01;-7.273173332214355469e-01;-1.614375114440917969e-01
1.253162771463394165e-01;-7.087329030036926270e-01;2.609955668449401855e-01
-1.859724670648574829e-01;7.391948699951171875e-01;3.306126594543457031e-01
-9.562071412801742554e-02;6.988584995269775391e-01;-5.063324570655822754e-01
1.367947012186050415e-01;7.633668780326843262e-01;-2.258977442979812622e-01
-1.299481093883514404e-01;7.411102652549743652e-01;-2.649372816085815430e-01
-8.349036425352096558e-02;7.470670342445373535e-01;-4.720826447010040283e-01
1.573939323425292969e-01;7.817597985267639160e-01;-1.535758674144744873e-01
1.594589203596115112e-01;7.823292016983032227e-01;-1.521726697683334351e-01
2.017184533178806305e-02;-3.129317760467529297e-01;3.708256483078002930e-01
1.291364580392837524e-01;-7.335264086723327637e-01;1.510341316461563110e-01
-2.612408809363842010e-02;-7.007087469100952148e-01;4.011237323284149170e-01
1.089691594243049622e-01;-6.856230497360229492e-01;-6.422614306211471558e-02
1.221171170473098755e-01;7.832966446876525879e-01;1.510648131370544434e-01
1.789875030517578125e-01;-6.964321732521057129e-01;-1.461877971887588501e-01
1.800814718008041382e-01;7.422868013381958008e-01;-1.418023407459259033e-01
7.068820297718048096e-02;-7.209731340408325195e-01;-1.306182146072387695e-01
1.104783862829208374e-01;7.866963148117065430e-01;-1.049859672784805298e-01
9.575332701206207275e-02;-7.003948688507080078e-01;4.406912717968225479e-03
-1.669199466705322266e-01;-6.816817522048950195e-01;2.752846181392669678e-01
7.129386812448501587e-02;-7.213865518569946289e-01;-1.266595572233200073e-01
7.129386812448501587e-02;-7.213865518569946289e-01;-1.266595572233200073e-01
8.960371464490890503e-02;7.486812472343444824e-01;3.579927980899810791e-01
3.304275497794151306e-02;-6.964830756187438965e-01;-3.764548599720001221e-01
1.050012633204460144e-01;7.879276871681213379e-01;-9.523366391658782959e-02
2.788961632177233696e-03;-6.907820105552673340e-01;-4.402922093868255615e-01
1.619792282581329346e-01;7.952530384063720703e-01;1.374907791614532471e-01
5.771267786622047424e-02;-6.948571801185607910e-01;3.896026611328125000e-01
