1.384909301996231079e-01;-3.294172585010528564e-01;-1.283040153793990612e-03
1.403789967298507690e-01;-9.734950214624404907e-02;-3.326599253341555595e-03
1.227483898401260376e-01;9.267342835664749146e-02;1.814162242226302624e-04
1.299528777599334717e-01;-3.596452176570892334e-01;-3.387494871276430786e-06
1.355756074190139771e-01;3.064014315605163574e-01;-1.076064165681600571e-02
-2.891457080841064453e-01;5.025973320007324219e-01;-5.178081989288330078e-01
1.266501694917678833e-01;-3.646084964275360107e-01;-7.125515956431627274e-03
1.228025108575820923e-01;-2.889572381973266602e-01;-2.169036678969860077e-02
1.214677542448043823e-01;5.499518513679504395e-01;1.332812476903200150e-02
1.400772780179977417e-01;6.585662253201007843e-03;-6.064091809093952179e-03
1.400399655103683472e-01;1.925722211599349976e-01;6.010765675455331802e-03
1.087121739983558655e-01;-5.299866795539855957e-01;-9.045113809406757355e-03
-2.613010704517364502e-01;-3.987529277801513672e-01;4.816776812076568604e-01
1.579358279705047607e-01;-4.896859824657440186e-01;2.265373989939689636e-02
1.396216005086898804e-01;4.065531492233276367e-01;-1.054876483976840973e-02
-2.060832232236862183e-01;3.496435880661010742e-01;4.585678279399871826e-01
-3.180678188800811768e-01;6.760711316019296646e-03;5.212307572364807129e-01
1.152842566370964050e-01;5.394387245178222656e-01;-2.619547024369239807e-02
1.299826204776763916e-01;4.607722908258438110e-02;-3.769646631553769112e-03
1.345884203910827637e-01;2.509437203407287598e-01;-3.922798205167055130e-03
9.688007831573486328e-02;6.570447087287902832e-01;2.367491088807582855e-02
-2.044225484132766724e-01;1.426059752702713013e-01;-4.589132368564605713e-01
1.088485717773437500e-01;4.801173210144042969e-01;-2.989821508526802063e-02
8.325303345918655396e-02;-4.957048594951629639e-01;-2.924715355038642883e-02
8.417966961860656738e-02;-1.932536065578460693e-01;-1.427805237472057343e-02
6.167204305529594421e-02;7.561395764350891113e-01;-2.258294494822621346e-03
-2.981990873813629150e-01;6.701289415359497070e-01;-5.239790678024291992e-01
6.063266471028327942e-02;7.681501507759094238e-01;-3.264679759740829468e-02
7.281335443258285522e-02;7.227111458778381348e-01;1.185932848602533340e-02
5.465627461671829224e-02;-7.672390341758728027e-01;2.441761828958988190e-02
-2.235121428966522217e-01;2.266891151666641235e-01;4.252098202705383301e-01
7.908937335014343262e-02;5.589572340250015259e-02;-1.013745889067649841e-01
1.546754240989685059e-01;-3.180064260959625244e-01;-9.066074155271053314e-03
-9.285969659686088562e-03;1.106941848993301392e-01;-1.747378110885620117e-01
3.015494905412197113e-02;-2.472553551197052002e-01;-8.125906437635421753e-02
-4.867401346564292908e-02;9.548924118280410767e-02;2.072972208261489868e-01
1.742606461048126221e-01;8.760493248701095581e-02;-1.489084493368864059e-02
4.870074242353439331e-02;-1.005122438073158264e-01;-1.160081699490547180e-01
1.618880629539489746e-01;3.763777315616607666e-01;4.271180834621191025e-03
6.354395300149917603e-02;-3.643182814121246338e-01;-1.074515730142593384e-01
5.348240211606025696e-02;-7.685664892196655273e-01;2.289756014943122864e-02
4.616811498999595642e-02;7.864576578140258789e-01;-3.325725905597209930e-03
-8.905824273824691772e-02;9.553764015436172485e-02;-2.934885621070861816e-01
-1.488926708698272705e-01;-1.078665331006050110e-01;-4.358035624027252197e-01
1.393751055002212524e-01;3.406393527984619141e-01;2.152184024453163147e-02
-2.184212207794189453e-01;-7.343382239341735840e-01;4.624738097190856934e-01
2.266710437834262848e-02;-1.580362766981124878e-01;9.037907421588897705e-02
7.844644039869308472e-02;4.388524591922760010e-01;1.001777723431587219e-01
-2.653139233589172363e-01;1.242704614996910095e-01;4.289449453353881836e-01
1.579674035310745239e-01;6.337209790945053101e-02;-6.361291743814945221e-03
2.674691844731569290e-03;1.779644489288330078e-01;-1.542953401803970337e-01
-1.842917352914810181e-01;1.777742505073547363e-01;3.443703055381774902e-01
-8.030088245868682861e-02;4.804135560989379883e-01;2.757061719894409180e-01
5.933784693479537964e-02;-7.559504508972167969e-01;-3.096471913158893585e-02
1.765424758195877075e-02;3.227731585502624512e-01;1.649778336286544800e-01
4.882703348994255066e-02;7.966324090957641602e-01;4.115512222051620483e-02
-8.487733453512191772e-02;-1.645190566778182983e-01;3.309838771820068359e-01
-8.262973278760910034e-02;3.558803796768188477e-01;3.347835242748260498e-01
-2.590306699275970459e-01;-3.900154531002044678e-01;-4.462960958480834961e-01
-7.694689184427261353e-02;3.166901469230651855e-01;3.118761777877807617e-01
-1.853565722703933716e-01;2.316257804632186890e-01;-4.725733995437622070e-01
8.974463492631912231e-02;7.269212603569030762e-01;-5.607510730624198914e-02
-1.368563175201416016e-01;-9.993672370910644531e-02;4.157175421714782715e-01
4.764966666698455811e-02;-7.730834484100341797e-01;-8.192708715796470642e-03
1.745657622814178467e-01;-7.724721729755401611e-02;-5.867802537977695465e-03
5.475768819451332092e-02;7.824898362159729004e-01;-4.392680898308753967e-02
-1.013696193695068359e-01;-5.275971293449401855e-01;-2.819604277610778809e-01
1.357482373714447021e-01;6.637400984764099121e-01;-7.505897432565689087e-02
-2.518889904022216797e-01;4.683324694633483887e-01;-4.298045635223388672e-01
1.029310375452041626e-01;-5.137187242507934570e-01;7.111576944589614868e-02
-2.554527819156646729e-01;5.375970602035522461e-01;4.206199347972869873e-01
-1.147809177637100220e-01;-3.573270440101623535e-01;-3.975286781787872314e-01
-9.403272718191146851e-02;-3.433612883090972900e-01;3.660671710968017578e-01
4.358726739883422852e-02;-7.811966538429260254e-01;1.356718130409717560e-02
5.909336358308792114e-02;-2.069437801837921143e-01;-1.578558087348937988e-01
5.899708718061447144e-02;-7.755048274993896484e-01;-5.892825126647949219e-02
1.021356135606765747e-01;-1.605034917593002319e-01;1.012658998370170593e-01
-1.133481189608573914e-01;3.342493176460266113e-01;-4.234947264194488525e-01
1.618880629539489746e-01;3.763777315616607666e-01;4.271180834621191025e-03
5.670369789004325867e-02;-7.849876880645751953e-01;-6.570109724998474121e-02
-1.116092726588249207e-01;2.887656353414058685e-02;-4.259013235569000244e-01
-1.364021301269531250e-01;6.897011399269104004e-01;3.955446481704711914e-01
-2.087679207324981689e-01;-1.262081414461135864e-01;3.411055803298950195e-01
-1.347377598285675049e-01;7.491794228553771973e-01;4.440841972827911377e-01
-1.814389787614345551e-02;-6.075479388236999512e-01;-2.098307758569717407e-01
1.507170498371124268e-03;-4.135757088661193848e-01;-2.641242146492004395e-01
2.618644572794437408e-02;7.011042833328247070e-01;-2.735386230051517487e-02
-1.311020851135253906e-01;6.109236478805541992e-01;-2.972439527511596680e-01
-9.907284379005432129e-02;-6.690201163291931152e-01;-2.909714877605438232e-01
-2.553558051586151123e-01;-8.087787777185440063e-02;3.924351632595062256e-01
-1.149910539388656616e-01;-7.421281337738037109e-01;3.582813739776611328e-01
-2.982491254806518555e-01;4.070456027984619141e-01;-4.670648276805877686e-01
1.479904055595397949e-01;-2.183717489242553711e-01;-4.190992563962936401e-03
-1.168488785624504089e-01;-2.651019394397735596e-01;2.225648611783981323e-01
-6.425495445728302002e-02;-2.994298934936523438e-02;1.444670259952545166e-01
4.741434007883071899e-02;6.871449351310729980e-01;1.517199128866195679e-01
6.230280548334121704e-02;7.787388563156127930e-01;4.988139122724533081e-02
4.914466291666030884e-02;-6.766320466995239258e-01;-1.981264948844909668e-01
-7.302078604698181152e-02;-5.403491258621215820e-01;3.669857978820800781e-01
-2.745807915925979614e-02;-6.700166463851928711e-01;2.676303386688232422e-01
1.309806574136018753e-02;-3.303081914782524109e-02;-2.737476527690887451e-01
8.066503703594207764e-02;-7.542267441749572754e-01;1.541799157857894897e-01
8.497705310583114624e-02;-7.288100123405456543e-01;-6.182646378874778748e-02
6.401904672384262085e-02;4.889571368694305420e-01;2.067391723394393921e-01
-1.960057392716407776e-02;-5.429529547691345215e-01;-3.168346881866455078e-01
-1.791472882032394409e-01;-7.263754606246948242e-01;3.210118710994720459e-01
-9.506226330995559692e-02;-5.132306814193725586e-01;-4.273054599761962891e-01
4.204674810171127319e-02;7.095360755920410156e-01;-6.996177136898040771e-02
-2.243217527866363525e-01;-7.264330983161926270e-01;-3.856166601181030273e-01
5.670115724205970764e-02;-7.849916815757751465e-01;-6.570088118314743042e-02
1.952361501753330231e-02;8.428234606981277466e-02;4.305376112461090088e-02
-1.082150563597679138e-01;-6.661093235015869141e-01;2.199515551328659058e-01
1.366240680217742920e-01;-8.155936002731323242e-02;8.114751428365707397e-02
-5.703339725732803345e-02;8.643563091754913330e-02;1.316583156585693359e-01
6.374037265777587891e-02;-5.418689846992492676e-01;2.034163177013397217e-01
-5.996501073241233826e-02;6.910667419433593750e-01;-3.637794256210327148e-01
6.319445371627807617e-02;5.578926801681518555e-01;-2.231155782938003540e-01
2.492751553654670715e-02;8.776005357503890991e-02;2.571832537651062012e-01
-5.625215545296669006e-02;-6.702859997749328613e-01;-3.673572838306427002e-01
-1.039788872003555298e-01;4.480876922607421875e-01;1.898189783096313477e-01
-9.142324328422546387e-02;-7.389959096908569336e-01;3.939079642295837402e-01
3.966756537556648254e-02;9.057088941335678101e-02;-2.499293386936187744e-01
-2.676761448383331299e-01;-6.535967588424682617e-01;-4.180331826210021973e-01
6.684426963329315186e-02;7.984570860862731934e-01;7.198452949523925781e-02
-5.843799188733100891e-02;4.768038094043731689e-01;-1.575027108192443848e-01
-2.331610023975372314e-01;6.065138578414916992e-01;3.522684276103973389e-01
8.730235695838928223e-02;7.645184397697448730e-01;-1.688009500503540039e-01
5.007421225309371948e-02;-7.859004139900207520e-01;4.771474376320838928e-02
3.740328922867774963e-02;-9.312643855810165405e-02;2.435055375099182129e-01
-6.593197584152221680e-02;7.469165921211242676e-01;-4.119288623332977295e-01
-2.983382940292358398e-01;1.661445759236812592e-02;-4.234877526760101318e-01
-7.115972787141799927e-02;3.722698688507080078e-01;4.055802822113037109e-01
-2.268280833959579468e-01;-3.734490871429443359e-01;3.150523900985717773e-01
1.685074865818023682e-01;-4.580391645431518555e-01;5.811901018023490906e-02
-3.041599877178668976e-03;-5.204440355300903320e-01;-6.051651015877723694e-02
-4.017526656389236450e-02;-7.369538545608520508e-01;-3.952108323574066162e-01
1.175904795527458191e-01;-4.517132639884948730e-01;-1.540775746107101440e-01
6.222113221883773804e-02;-7.858901619911193848e-01;6.716682016849517822e-02
1.809299290180206299e-01;-1.794410794973373413e-01;-1.381269562989473343e-02
6.420572753995656967e-03;6.863839626312255859e-01;3.336357474327087402e-01
1.130550950765609741e-01;-7.456834316253662109e-01;-1.974969059228897095e-01
-1.869351416826248169e-01;-1.284646689891815186e-01;-2.657218873500823975e-01
9.538629651069641113e-02;7.521542310714721680e-01;2.293618172407150269e-01
2.967016771435737610e-02;-5.974336862564086914e-01;3.061080873012542725e-01
-1.317469179630279541e-01;-2.015587985515594482e-01;1.962686777114868164e-01
5.141804367303848267e-02;2.565650939941406250e-01;-2.817084193229675293e-01
8.633570373058319092e-02;-7.795604467391967773e-01;8.067046105861663818e-02
-1.278378069400787354e-01;6.034577488899230957e-01;2.076573669910430908e-01
-9.771710634231567383e-02;-8.471370674669742584e-03;-1.645319759845733643e-01
-1.037613451480865479e-01;5.212668776512145996e-01;-1.837756484746932983e-01
-5.265342071652412415e-02;-2.943731844425201416e-01;3.918178677558898926e-01
-7.631935924291610718e-02;6.166996359825134277e-01;-4.616392254829406738e-01
-1.080724075436592102e-01;1.527360677719116211e-01;4.426467716693878174e-01
1.631036102771759033e-01;5.580393671989440918e-01;4.569254070520401001e-02
-1.948238164186477661e-01;-3.845585584640502930e-01;-2.747717499732971191e-01
3.588939458131790161e-02;-1.347299665212631226e-01;2.932418882846832275e-01
4.048426821827888489e-02;-2.038037776947021484e-01;-3.134855628013610840e-01
-1.723929941654205322e-01;2.221829295158386230e-01;2.317193597555160522e-01
1.903711259365081787e-01;-1.143973693251609802e-01;-1.627320743864402175e-04
1.826581060886383057e-01;1.929260790348052979e-01;-6.167543120682239532e-03
8.140255510807037354e-02;-7.635583281517028809e-01;-8.035418391227722168e-02
1.030870229005813599e-01;-7.265511155128479004e-01;-7.449299842119216919e-02
6.911336444318294525e-03;-3.408852517604827881e-01;-3.643239140510559082e-01
-9.544108062982559204e-03;-7.229252457618713379e-01;-4.616329669952392578e-01
1.118069142103195190e-01;7.885235548019409180e-01;9.218299388885498047e-02
-1.879985444247722626e-02;5.265714526176452637e-01;6.064179539680480957e-02
-7.528839260339736938e-02;5.513411760330200195e-01;-1.323093771934509277e-01
-2.607277929782867432e-01;-8.851524442434310913e-02;-3.420675992965698242e-01
-4.884359985589981079e-02;-6.498478055000305176e-01;4.420567452907562256e-01
-2.861793041229248047e-01;-7.080315351486206055e-01;3.628496825695037842e-01
-7.715670764446258545e-02;4.109036624431610107e-01;4.422482550144195557e-01
1.422588229179382324e-01;6.195607781410217285e-01;1.794739961624145508e-01
1.706537306308746338e-01;-1.961173862218856812e-01;-7.273136638104915619e-03
1.301126629114151001e-01;-3.518526852130889893e-01;1.849472075700759888e-01
-2.162788361310958862e-01;3.268220126628875732e-01;-2.568558752536773682e-01
-3.409566357731819153e-03;6.266680359840393066e-01;3.989177942276000977e-01
1.123992502689361572e-01;-2.655592560768127441e-01;-2.398947924375534058e-01
4.177331551909446716e-02;7.319808006286621094e-01;4.420508444309234619e-01
1.857651621103286743e-01;-4.838586449623107910e-01;-7.114191353321075439e-02
2.054898291826248169e-01;2.504739463329315186e-01;-5.026303976774215698e-02
1.329637169837951660e-01;7.651883959770202637e-01;-1.110361739993095398e-01
-3.054938018321990967e-01;-5.811200141906738281e-01;-3.939362466335296631e-01
-7.686490193009376526e-03;-1.354638785123825073e-01;-4.079007208347320557e-01
1.200034841895103455e-01;-2.048982828855514526e-01;-2.257094979286193848e-01
3.574961051344871521e-02;-4.018083512783050537e-01;3.373580873012542725e-01
5.761848017573356628e-02;7.364400625228881836e-01;-3.999474644660949707e-01
-1.471692919731140137e-01;-7.080949544906616211e-01;-1.772228479385375977e-01
1.233957409858703613e-01;7.846370339393615723e-01;9.595010429620742798e-02
1.326157897710800171e-01;5.451974868774414062e-01;-2.461800724267959595e-01
9.504442662000656128e-02;6.706160902976989746e-01;3.142233192920684814e-01
-9.987752884626388550e-02;-7.161816358566284180e-01;-1.312196105718612671e-01
1.088343858718872070e-01;-7.761389613151550293e-01;-1.041763126850128174e-01
-3.795873001217842102e-02;-6.621587872505187988e-01;1.794456504285335541e-02
-1.999874264001846313e-01;-7.022973299026489258e-01;-2.210283428430557251e-01
-9.578660130500793457e-02;2.647303938865661621e-01;-1.113462373614311218e-01
1.146970018744468689e-01;-7.599048614501953125e-01;-1.013412997126579285e-01
-3.069263398647308350e-01;6.237527132034301758e-01;-3.737981021404266357e-01
8.652471750974655151e-02;7.925825715065002441e-01;-9.256850928068161011e-02
8.652471750974655151e-02;7.925825715065002441e-01;-9.256850928068161011e-02
7.122488319873809814e-02;4.705464839935302734e-01;-3.590699136257171631e-01
1.271950006484985352e-01;-2.996116280555725098e-01;-7.060915231704711914e-03
1.404826045036315918e-01;-7.961006462574005127e-02;-4.427773412317037582e-03
1.305253654718399048e-01;2.367506325244903564e-01;-1.758480328135192394e-03
1.299528777599334717e-01;-3.596452176570892334e-01;-3.387494871276430786e-06
1.226742342114448547e-01;4.482304453849792480e-01;-1.439820230007171631e-02
1.227483898401260376e-01;9.267342835664749146e-02;1.814162242226302624e-04
1.389904469251632690e-01;-3.926552534103393555e-01;-1.151173934340476990e-02
8.444389700889587402e-02;6.725927591323852539e-01;5.068036261945962906e-03
1.349007636308670044e-01;2.810049951076507568e-01;-7.088147569447755814e-03
1.426395177841186523e-01;4.772486388683319092e-01;7.266070228070020676e-03
1.214677542448043823e-01;5.499518513679504395e-01;1.332812476903200150e-02
9.396608918905258179e-02;-6.316563487052917480e-01;-9.099234826862812042e-03
1.753446757793426514e-01;1.277251541614532471e-01;-1.254749204963445663e-02
1.639729291200637817e-01;-2.215777635574340820e-01;-7.387279067188501358e-03
1.657586693763732910e-01;-3.509856760501861572e-01;-1.902298070490360260e-02
1.020060926675796509e-01;5.659728050231933594e-01;-2.328894659876823425e-02
8.286034315824508667e-02;-7.189638018608093262e-01;3.888182342052459717e-02
1.473845541477203369e-01;-4.280697107315063477e-01;6.078171543776988983e-03
-2.376285195350646973e-01;6.180675029754638672e-01;-4.897616803646087646e-01
-1.695041507482528687e-01;-3.679255843162536621e-01;3.808109462261199951e-01
-1.804661452770233154e-01;-6.943964213132858276e-02;3.865616321563720703e-01
6.167204305529594421e-02;7.561395764350891113e-01;-2.258294494822621346e-03
5.861038342118263245e-02;-7.572101950645446777e-01;-2.612510137259960175e-02
-3.384609520435333252e-01;-8.099117130041122437e-02;-5.583037137985229492e-01
1.380568742752075195e-01;-5.515438318252563477e-01;2.629733458161354065e-02
4.564019292593002319e-02;7.916418313980102539e-01;-2.288414165377616882e-02
4.060394316911697388e-02;7.882068157196044922e-01;-3.247731551527976990e-02
-1.484314948320388794e-01;-4.823028743267059326e-01;3.721054494380950928e-01
4.312291368842124939e-02;-7.788604497909545898e-01;-3.387865377590060234e-03
-2.145381420850753784e-01;-1.779259890317916870e-01;4.058783650398254395e-01
1.791510283946990967e-01;1.232412829995155334e-01;-1.242964435368776321e-02
7.347682863473892212e-02;-7.444813847541809082e-01;-5.363931134343147278e-02
9.158843755722045898e-02;7.166693806648254395e-01;4.079610109329223633e-02
-2.554330527782440186e-01;3.190940916538238525e-01;4.276659786701202393e-01
-9.705109149217605591e-02;1.048734411597251892e-01;3.452507853507995605e-01
4.496703669428825378e-02;-7.789340019226074219e-01;-1.915472187101840973e-02
-2.565622329711914062e-01;4.927965998649597168e-01;4.273781776428222656e-01
8.974463492631912231e-02;7.269212603569030762e-01;-5.607510730624198914e-02
-7.554452121257781982e-02;3.667731285095214844e-01;3.336831927299499512e-01
1.357450932264328003e-01;6.636198759078979492e-01;-7.501943409442901611e-02
4.268354550004005432e-02;7.925017476081848145e-01;7.551069837063550949e-03
4.215472564101219177e-02;7.882729768753051758e-01;-4.852501675486564636e-02
-2.725932896137237549e-01;-2.413871139287948608e-01;4.376955628395080566e-01
-2.258048504590988159e-01;7.505681514739990234e-01;-4.468096196651458740e-01
4.497486725449562073e-02;-7.802933454513549805e-01;-2.968893013894557953e-02
1.651893258094787598e-01;3.355482816696166992e-01;-1.241569756530225277e-03
4.335511848330497742e-02;-7.800285220146179199e-01;5.089657846838235855e-03
1.892539560794830322e-01;1.885365881025791168e-02;-7.538578473031520844e-03
-4.834055528044700623e-02;7.488768696784973145e-01;2.047120332717895508e-01
-5.644810199737548828e-02;7.537936568260192871e-01;2.760879695415496826e-01
-4.350416734814643860e-02;-7.350181341171264648e-01;1.810629069805145264e-01
-1.313655078411102295e-01;7.489185929298400879e-01;-3.374969363212585449e-01
2.022482641041278839e-02;-7.555465698242187500e-01;1.230697929859161377e-01
-5.426269024610519409e-02;2.322738766670227051e-01;3.254217803478240967e-01
-1.826141774654388428e-01;-7.382707595825195312e-01;3.816379606723785400e-01
1.710314303636550903e-02;7.745708227157592773e-01;-4.593151807785034180e-02
3.300436213612556458e-02;-7.461444139480590820e-01;-1.978797912597656250e-01
5.555126070976257324e-02;-7.846120595932006836e-01;-6.340183317661285400e-02
-2.426203154027462006e-02;-5.120886564254760742e-01;3.208966553211212158e-01
4.544911906123161316e-02;-7.826670408248901367e-01;2.462213858962059021e-02
4.512735828757286072e-02;-7.824129462242126465e-01;2.271183021366596222e-02
1.677983850240707397e-01;-1.927142143249511719e-01;-7.446269504725933075e-03
1.039066351950168610e-02;-7.423639297485351562e-01;2.345727980136871338e-01
-8.593174815177917480e-02;7.361325621604919434e-01;-1.857114285230636597e-01
9.172393381595611572e-02;7.472289800643920898e-01;6.099404022097587585e-02
-1.057462617754936218e-01;-6.055143475532531738e-01;-4.621208608150482178e-01
3.662739321589469910e-02;7.748313546180725098e-01;-1.192025244235992432e-01
6.035367026925086975e-02;7.981883287429809570e-01;6.395725160837173462e-02
6.035367026925086975e-02;7.981883287429809570e-01;6.395725160837173462e-02
6.161127984523773193e-02;7.950725555419921875e-01;-7.162685692310333252e-02
2.214733511209487915e-02;-7.542715668678283691e-01;-1.283266991376876831e-01
-5.821584537625312805e-02;7.492652535438537598e-01;-3.626852929592132568e-01
6.684426963329315186e-02;7.984570860862731934e-01;7.198452949523925781e-02
-9.740196168422698975e-02;-2.844662368297576904e-01;-4.617794752120971680e-01
1.305052787065505981e-01;-6.619187593460083008e-01;-7.262510806322097778e-02
-1.038605906069278717e-02;-6.802297830581665039e-01;3.294213116168975830e-01
1.875702738761901855e-01;4.362576007843017578e-01;3.611693903803825378e-02
4.232394322752952576e-02;7.935774326324462891e-01;2.545008994638919830e-02
4.232394322752952576e-02;7.935774326324462891e-01;2.545008994638919830e-02
7.311859726905822754e-02;7.527471780776977539e-01;2.333604395389556885e-01
5.007421225309371948e-02;-7.859004139900207520e-01;4.771474376320838928e-02
1.680361479520797729e-02;7.777545452117919922e-01;3.317482024431228638e-02
2.736201323568820953e-02;-7.700235843658447266e-01;-9.841863065958023071e-03
5.417191609740257263e-02;7.924198508262634277e-01;-7.011291384696960449e-02
1.065065935254096985e-01;7.613475918769836426e-01;7.810747623443603516e-02
6.340585649013519287e-02;-7.846506237983703613e-01;6.756885349750518799e-02
5.070921033620834351e-03;-7.366150021553039551e-01;-3.400767743587493896e-01
6.586507428437471390e-03;-7.546450495719909668e-01;9.408592432737350464e-02
5.670115724205970764e-02;-7.849916815757751465e-01;-6.570088118314743042e-02
3.634750097990036011e-02;-7.332394719123840332e-01;3.270252346992492676e-01
-3.682715073227882385e-02;7.517893314361572266e-01;3.369073569774627686e-01
2.200082503259181976e-02;7.099080681800842285e-01;3.215711712837219238e-01
1.316109001636505127e-01;7.738395333290100098e-01;-1.378580480813980103e-01
6.703301519155502319e-02;-7.831949591636657715e-01;-7.985706627368927002e-02
-1.695488244295120239e-01;-7.061531543731689453e-01;-2.132644206285476685e-01
-3.627096116542816162e-01;7.362368702888488770e-01;-5.713115930557250977e-01
8.218204975128173828e-02;-7.378899455070495605e-01;-2.674980461597442627e-01
9.064751118421554565e-02;-7.824095487594604492e-01;8.497446030378341675e-02
-3.286207616329193115e-01;-7.274229526519775391e-01;-5.063657760620117188e-01
2.470383420586585999e-02;2.103065252304077148e-01;3.032812476158142090e-01
