-4.184086322784423828e-01;6.153934635221958160e-03;-3.988388776779174805e-01
-5.148569941520690918e-01;5.498120095580816269e-03;-3.515510559082031250e-01
-4.396902024745941162e-01;9.310743957757949829e-02;-3.352881073951721191e-01
-2.919153869152069092e-01;-4.115746915340423584e-02;-3.989192545413970947e-01
-5.774939656257629395e-01;4.143629595637321472e-02;-3.385876417160034180e-01
-3.960060477256774902e-01;-1.388910859823226929e-01;-2.948100566864013672e-01
-3.646363317966461182e-01;-1.761704683303833008e-01;-3.988389074802398682e-01
-5.718234181404113770e-01;-1.847670227289199829e-02;-2.616711258888244629e-01
-3.364208936691284180e-01;3.269239515066146851e-02;-2.015372961759567261e-01
-5.016342997550964355e-01;2.120909541845321655e-01;-3.650389611721038818e-01
7.690341472625732422e-01;-4.011437594890594482e-01;2.854464650154113770e-01
7.691991925239562988e-01;-3.509330451488494873e-01;2.928475439548492432e-01
7.190021872520446777e-01;-3.382867574691772461e-01;2.900586426258087158e-01
7.691997885704040527e-01;-2.399992346763610840e-01;2.456176578998565674e-01
7.704560160636901855e-01;-2.172466218471527100e-01;3.115884363651275635e-01
6.234156489372253418e-01;-4.000087380409240723e-01;1.169679909944534302e-01
7.681066989898681641e-01;-1.869212836027145386e-01;1.956216394901275635e-01
6.582217216491699219e-01;-1.909410953521728516e-01;2.898850142955780029e-01
7.563448548316955566e-01;-2.829327583312988281e-01;5.143979191780090332e-02
7.313792705535888672e-01;-2.874607145786285400e-01;5.157436430454254150e-02
-8.341991305351257324e-01;-3.845118582248687744e-01;-3.953002691268920898e-01
-8.340930938720703125e-01;-3.893984556198120117e-01;-2.991854250431060791e-01
-6.406773328781127930e-01;-3.702417612075805664e-01;-3.985985815525054932e-01
-6.793530583381652832e-01;-2.930121123790740967e-01;-2.961449027061462402e-01
-8.341800570487976074e-01;-3.881276845932006836e-01;-1.694579273462295532e-01
-7.114492058753967285e-01;-3.336736261844635010e-01;-2.075847983360290527e-01
-6.154167056083679199e-01;-2.686085104942321777e-01;-3.986390531063079834e-01
-8.342873454093933105e-01;-1.563385725021362305e-01;-2.883937358856201172e-01
-6.397696733474731445e-01;-3.279421925544738770e-01;-1.688003093004226685e-01
-6.795084476470947266e-01;-2.654235959053039551e-01;-1.324200034141540527e-01
-8.342063426971435547e-01;4.424864426255226135e-02;4.547527059912681580e-02
-8.341828584671020508e-01;4.911581426858901978e-02;1.163560748100280762e-01
-7.236998677253723145e-01;4.648115485906600952e-03;9.406156092882156372e-02
-8.342844843864440918e-01;9.089224785566329956e-02;-1.461425721645355225e-01
-7.283824086189270020e-01;-6.623533368110656738e-02;-8.998259902000427246e-02
-6.879446506500244141e-01;-9.540913999080657959e-02;1.329658776521682739e-01
-7.577261924743652344e-01;1.673486381769180298e-01;-1.389473527669906616e-01
-6.084771156311035156e-01;-3.933454677462577820e-02;5.958189815282821655e-02
-8.341981768608093262e-01;-1.751149296760559082e-01;-6.362229585647583008e-02
-7.224410772323608398e-01;-3.512976691126823425e-02;2.579985857009887695e-01
-1.022382900118827820e-01;1.273305714130401611e-02;-3.811223804950714111e-02
-3.025253862142562866e-02;-1.048748195171356201e-02;2.599678188562393188e-02
-1.032837182283401489e-01;-1.624746620655059814e-02;1.250828206539154053e-01
-1.741126626729965210e-01;7.570210099220275879e-02;-2.007081359624862671e-01
-1.637658923864364624e-01;-1.151682287454605103e-01;-1.732822358608245850e-01
-2.599498927593231201e-01;2.687898837029933929e-02;8.254559338092803955e-02
2.563584595918655396e-02;-1.594554930925369263e-01;2.230049669742584229e-02
-7.092574983835220337e-02;2.356820553541183472e-01;-1.213392429053783417e-02
-2.818299531936645508e-01;1.303973048925399780e-01;-1.175545677542686462e-01
-3.354366719722747803e-01;7.747166603803634644e-02;-4.199856147170066833e-02
-3.312065899372100830e-01;4.055668115615844727e-01;-3.990041613578796387e-01
-4.999713003635406494e-01;3.321366310119628906e-01;-2.962570786476135254e-01
-1.306709796190261841e-01;2.459527105093002319e-01;-3.991144597530364990e-01
-5.016342997550964355e-01;2.120909541845321655e-01;-3.650389611721038818e-01
-5.784833431243896484e-01;3.039274811744689941e-01;-2.422267794609069824e-01
-1.840473711490631104e-01;1.169714927673339844e-01;-3.990338444709777832e-01
-6.581962704658508301e-01;4.054935574531555176e-01;-3.987611532211303711e-01
-1.602621078491210938e-01;1.419831514358520508e-01;-2.969192564487457275e-01
-4.396902024745941162e-01;9.310743212699890137e-02;-3.352881073951721191e-01
-3.893223404884338379e-02;3.352680802345275879e-01;-2.335353046655654907e-01
-2.638890147209167480e-01;3.743758201599121094e-01;1.227802783250808716e-02
-1.768238991498947144e-01;4.057200253009796143e-01;3.058007359504699707e-02
-1.886788755655288696e-01;3.321147859096527100e-01;-3.278261795639991760e-02
-1.413280516862869263e-01;3.385763764381408691e-01;1.004126146435737610e-01
-2.041243314743041992e-01;2.322769761085510254e-01;7.176537066698074341e-02
-8.232265710830688477e-02;3.682816922664642334e-01;1.096797212958335876e-01
-1.017755866050720215e-01;3.742602765560150146e-01;1.397900879383087158e-01
-1.412445306777954102e-01;3.389481604099273682e-01;1.777491271495819092e-01
-1.167403310537338257e-01;3.019180893898010254e-01;-1.427590548992156982e-01
-7.092574238777160645e-02;2.356820553541183472e-01;-1.213392429053783417e-02
5.364904403686523438e-01;-3.980544805526733398e-01;-1.755000092089176178e-02
6.234156489372253418e-01;-4.000087380409240723e-01;1.169679984450340271e-01
3.377301394939422607e-01;-3.652215003967285156e-01;-7.288903743028640747e-02
6.466758251190185547e-01;-4.026505947113037109e-01;-2.059001922607421875e-01
7.537896037101745605e-01;-4.041835963726043701e-01;-5.794785171747207642e-02
7.313792705535888672e-01;-2.874607145786285400e-01;5.157436430454254150e-02
7.572938799858093262e-01;-3.561556935310363770e-01;-1.027530804276466370e-01
7.563448548316955566e-01;-2.829327583312988281e-01;5.143979936838150024e-02
3.396962881088256836e-01;-3.969792723655700684e-01;-2.085295319557189941e-01
5.286331176757812500e-01;-1.979280859231948853e-01;-2.087536901235580444e-01
-8.343378901481628418e-01;3.866807743906974792e-02;-3.115045726299285889e-01
-7.856391668319702148e-01;1.459142863750457764e-01;-3.986149430274963379e-01
-7.266213297843933105e-01;1.716476380825042725e-01;-3.016334772109985352e-01
-8.342844843864440918e-01;9.089224785566329956e-02;-1.461425721645355225e-01
-6.820848584175109863e-01;-4.223978146910667419e-02;-3.986434936523437500e-01
-8.342873454093933105e-01;-1.563385725021362305e-01;-2.883937358856201172e-01
-6.569679975509643555e-01;3.226531669497489929e-02;-1.697456240653991699e-01
-7.577261924743652344e-01;1.673486381769180298e-01;-1.389473527669906616e-01
-5.774939656257629395e-01;4.143629595637321472e-02;-3.385876417160034180e-01
-7.283824086189270020e-01;-6.623533368110656738e-02;-8.998259902000427246e-02
-5.678105354309082031e-01;-1.819201558828353882e-01;-2.022209204733371735e-02
-6.054880023002624512e-01;-2.611765861511230469e-01;-9.124837070703506470e-02
-5.998657941818237305e-01;-2.937316000461578369e-01;1.488591544330120087e-02
-6.840699315071105957e-01;-2.336383312940597534e-01;6.871961057186126709e-02
-6.084771156311035156e-01;-3.933455049991607666e-02;5.958189815282821655e-02
-6.795084476470947266e-01;-2.654235959053039551e-01;-1.324199885129928589e-01
-4.308083057403564453e-01;-2.258212119340896606e-01;1.180531457066535950e-01
-7.283824086189270020e-01;-6.623533368110656738e-02;-8.998260647058486938e-02
-6.879446506500244141e-01;-9.540913254022598267e-02;1.329658776521682739e-01
-6.397696733474731445e-01;-3.279421925544738770e-01;-1.688003093004226685e-01
-4.237920343875885010e-01;-3.965863287448883057e-01;2.579253911972045898e-01
-2.607513964176177979e-01;-3.965381979942321777e-01;2.308075726032257080e-01
-3.601450324058532715e-01;-2.677267789840698242e-01;3.554862141609191895e-01
-4.127482175827026367e-01;-2.235020101070404053e-01;2.280360460281372070e-01
-6.052624583244323730e-01;-3.426197767257690430e-01;2.447299510240554810e-01
-3.459916412830352783e-01;-2.603335976600646973e-01;4.037522673606872559e-01
-5.873697400093078613e-01;-3.966997265815734863e-01;1.193212568759918213e-01
-4.553110301494598389e-01;-2.119629681110382080e-01;3.696190416812896729e-01
-4.308083057403564453e-01;-2.258212119340896606e-01;1.180531382560729980e-01
-2.402450889348983765e-01;-2.563975751399993896e-01;2.763170301914215088e-01
-4.719174653291702271e-02;-2.286605685949325562e-01;-3.312963247299194336e-01
-1.198832690715789795e-02;-2.927038967609405518e-01;-3.243361413478851318e-01
3.102004528045654297e-02;-1.589199304580688477e-01;-3.329864442348480225e-01
-1.304685473442077637e-01;-1.670818477869033813e-01;-3.990126550197601318e-01
2.778413891792297363e-02;-3.338896930217742920e-01;-2.983427047729492188e-01
-4.767478257417678833e-02;-3.966865241527557373e-01;-2.680225074291229248e-01
-2.704014256596565247e-02;-6.078003346920013428e-02;-2.590951025485992432e-01
5.769630521535873413e-02;-2.381055057048797607e-01;-1.756895929574966431e-01
1.081730052828788757e-01;-1.389329880475997925e-01;-2.592402696609497070e-01
-1.616923063993453979e-01;-3.867456018924713135e-01;-3.989709615707397461e-01
7.705059647560119629e-01;-8.019071072340011597e-02;2.329560816287994385e-01
7.537337541580200195e-01;-8.583547919988632202e-02;1.215585246682167053e-01
7.681066989898681641e-01;-1.869212836027145386e-01;1.956216394901275635e-01
7.708722949028015137e-01;-1.383983045816421509e-01;3.402670025825500488e-01
7.622557878494262695e-01;-5.956176668405532837e-02;1.062071919441223145e-01
7.552359104156494141e-01;2.536328881978988647e-02;1.255484670400619507e-01
7.704560160636901855e-01;-2.172466218471527100e-01;3.115884363651275635e-01
7.691997885704040527e-01;-2.399992346763610840e-01;2.456176578998565674e-01
6.582217216491699219e-01;-1.909410953521728516e-01;2.898850142955780029e-01
6.086931228637695312e-01;-7.175322622060775757e-02;3.200171887874603271e-01
5.569405555725097656e-01;2.563543617725372314e-01;-3.543587923049926758e-01
6.301698684692382812e-01;2.647379934787750244e-01;-3.138589262962341309e-01
7.069126367568969727e-01;2.666467130184173584e-01;-3.245227932929992676e-01
7.305951714515686035e-01;3.254868984222412109e-01;-3.342253863811492920e-01
7.428183555603027344e-01;3.640527725219726562e-01;-3.133208155632019043e-01
7.512791752815246582e-01;3.697310686111450195e-01;-2.905414998531341553e-01
7.476665377616882324e-01;3.700673282146453857e-01;-2.538618445396423340e-01
7.437574267387390137e-01;3.733500540256500244e-01;-1.971542984247207642e-01
7.502053976058959961e-01;3.825502395629882812e-01;-1.465248018503189087e-01
7.517812252044677734e-01;4.005627632141113281e-01;-9.548497200012207031e-02
-2.181902527809143066e-03;3.084913790225982666e-01;2.734597921371459961e-01
9.045105427503585815e-02;2.282953858375549316e-01;2.409100234508514404e-01
1.200822666287422180e-01;2.217376232147216797e-01;2.506598532199859619e-01
1.233807951211929321e-01;2.419255971908569336e-01;2.551803290843963623e-01
1.217028796672821045e-01;2.653550505638122559e-01;2.509188055992126465e-01
1.110890805721282959e-01;2.873563468456268311e-01;2.429288625717163086e-01
1.060873121023178101e-01;3.097084164619445801e-01;2.460529804229736328e-01
1.436270326375961304e-01;3.149905800819396973e-01;2.661961913108825684e-01
2.379957139492034912e-01;3.134774863719940186e-01;3.123986124992370605e-01
2.977724969387054443e-01;3.389798402786254883e-01;3.371148705482482910e-01
-7.378975749015808105e-01;1.706504225730895996e-01;2.690673470497131348e-01
-6.999604105949401855e-01;2.265924364328384399e-01;2.622796595096588135e-01
-7.061500549316406250e-01;3.115618228912353516e-01;2.146731317043304443e-01
-7.363952398300170898e-01;3.686094582080841064e-01;1.664464175701141357e-01
-7.404363751411437988e-01;3.855895102024078369e-01;1.843389570713043213e-01
-7.344807386398315430e-01;3.848521411418914795e-01;2.527244687080383301e-01
-7.060502171516418457e-01;3.732399046421051025e-01;3.015287816524505615e-01
-6.371520161628723145e-01;3.607837855815887451e-01;3.095923364162445068e-01
-5.415629148483276367e-01;3.592411577701568604e-01;2.935704588890075684e-01
-4.818896353244781494e-01;3.972644507884979248e-01;3.183075189590454102e-01
-7.462446689605712891e-01;-3.647553026676177979e-01;-2.514097094535827637e-02
-6.836497187614440918e-01;-3.347433805465698242e-01;4.398688673973083496e-02
-6.855990290641784668e-01;-3.241472840309143066e-01;1.160839945077896118e-01
-7.192246913909912109e-01;-3.219813108444213867e-01;1.692491173744201660e-01
-7.291558980941772461e-01;-3.157163262367248535e-01;2.031679153442382812e-01
-7.099863886833190918e-01;-2.966192364692687988e-01;2.254994213581085205e-01
-6.835255622863769531e-01;-2.701021432876586914e-01;2.365842312574386597e-01
-6.580057740211486816e-01;-2.463980168104171753e-01;2.398466020822525024e-01
-6.468242406845092773e-01;-2.334618866443634033e-01;2.340481877326965332e-01
-6.109477281570434570e-01;-2.521103322505950928e-01;2.520988285541534424e-01
1.027839779853820801e-01;-2.906797230243682861e-01;-2.765048742294311523e-01
1.986695826053619385e-01;-2.830027937889099121e-01;-2.615118026733398438e-01
2.630349695682525635e-01;-2.851337790489196777e-01;-2.877874076366424561e-01
2.604957818984985352e-01;-2.414934784173965454e-01;-3.164825737476348877e-01
2.596767246723175049e-01;-2.071139812469482422e-01;-3.144955635070800781e-01
2.934332489967346191e-01;-1.955181360244750977e-01;-2.896615862846374512e-01
3.485282659530639648e-01;-1.916922628879547119e-01;-2.674409151077270508e-01
4.161800146102905273e-01;-1.884257197380065918e-01;-2.640752196311950684e-01
4.567009806632995605e-01;-1.827209144830703735e-01;-2.722240090370178223e-01
4.753005504608154297e-01;-1.828266978263854980e-01;-2.687623798847198486e-01
-2.515110969543457031e-01;-3.563524484634399414e-01;2.280430197715759277e-01
-2.150316387414932251e-01;-3.076060712337493896e-01;2.327175885438919067e-01
-1.620483100414276123e-01;-3.242654800415039062e-01;2.058007717132568359e-01
-1.230792403221130371e-01;-3.161311745643615723e-01;2.038715630769729614e-01
-1.050392389297485352e-01;-2.938645482063293457e-01;2.261890321969985962e-01
-1.013640090823173523e-01;-2.768755555152893066e-01;2.635288834571838379e-01
-9.024548530578613281e-02;-2.325350046157836914e-01;2.838770151138305664e-01
-6.492089480161666870e-02;-1.912836283445358276e-01;2.833893299102783203e-01
-1.996172592043876648e-02;-1.780459582805633545e-01;2.768107950687408447e-01
5.930286645889282227e-02;-2.244700193405151367e-01;2.879720926284790039e-01
6.563684344291687012e-01;2.666186392307281494e-01;2.075780928134918213e-01
7.341824769973754883e-01;2.076089978218078613e-01;2.309338748455047607e-01
7.659231424331665039e-01;1.907094419002532959e-01;2.414096295833587646e-01
7.678096294403076172e-01;2.206726372241973877e-01;2.378928959369659424e-01
7.583721876144409180e-01;2.638602256774902344e-01;2.109794318675994873e-01
7.460944056510925293e-01;3.044234812259674072e-01;1.847393661737442017e-01
7.367017865180969238e-01;3.302885293960571289e-01;1.757526844739913940e-01
7.305330038070678711e-01;3.403861224651336670e-01;2.084663659334182739e-01
7.346723079681396484e-01;3.692329823970794678e-01;2.759747207164764404e-01
7.615818381309509277e-01;3.802193999290466309e-01;2.940650582313537598e-01
-7.951894998550415039e-01;1.385428607463836670e-01;-3.601251840591430664e-01
-7.654798030853271484e-01;1.422128975391387939e-01;-2.608551681041717529e-01
-7.459807991981506348e-01;1.698299944400787354e-01;-2.170153558254241943e-01
-7.396398186683654785e-01;2.384370863437652588e-01;-2.569513916969299316e-01
-7.339608669281005859e-01;3.244827091693878174e-01;-3.095913827419281006e-01
-7.227531075477600098e-01;3.770456910133361816e-01;-3.006925284862518311e-01
-7.085125446319580078e-01;3.871361911296844482e-01;-2.183883041143417358e-01
-6.849267482757568359e-01;3.909227252006530762e-01;-1.458593308925628662e-01
-6.402481794357299805e-01;3.781390488147735596e-01;-1.446625888347625732e-01
-5.786112546920776367e-01;3.751045465469360352e-01;-1.875326037406921387e-01
-9.045502543449401855e-02;2.633310556411743164e-01;-2.466334700584411621e-01
-4.943463578820228577e-02;2.799368202686309814e-01;-2.072939276695251465e-01
-1.201703771948814392e-02;2.880774140357971191e-01;-1.985163390636444092e-01
9.990874677896499634e-03;3.032407462596893311e-01;-1.865690350532531738e-01
1.206485554575920105e-02;3.474189639091491699e-01;-1.695576906204223633e-01
1.409268751740455627e-02;3.708150684833526611e-01;-1.405612230300903320e-01
3.190070390701293945e-02;3.804442584514617920e-01;-1.128707677125930786e-01
8.948789536952972412e-02;3.876554965972900391e-01;-1.029880046844482422e-01
1.743774861097335815e-01;3.825694322586059570e-01;-1.279739737510681152e-01
2.516016960144042969e-01;3.950421512126922607e-01;-1.781329661607742310e-01
6.185936331748962402e-01;-2.115479111671447754e-01;-2.453790605068206787e-01
6.822282075881958008e-01;-1.854002177715301514e-01;-2.130820453166961670e-01
7.158494591712951660e-01;-1.387185752391815186e-01;-2.060104012489318848e-01
7.206354737281799316e-01;-7.907724380493164062e-02;-2.283221781253814697e-01
7.248880267143249512e-01;-5.375298485159873962e-02;-2.345554232597351074e-01
7.266368269920349121e-01;-5.955017730593681335e-02;-2.077099978923797607e-01
7.297677397727966309e-01;-7.865540683269500732e-02;-1.834098100662231445e-01
7.384790778160095215e-01;-8.153710514307022095e-02;-1.657311320304870605e-01
7.482317090034484863e-01;-6.778658926486968994e-02;-1.351037025451660156e-01
7.658188343048095703e-01;-5.477432906627655029e-02;-8.698694407939910889e-02
-5.534353256225585938e-01;-9.005129337310791016e-02;3.194719552993774414e-01
-5.008372068405151367e-01;-1.049279421567916870e-01;3.032600283622741699e-01
-4.867089986801147461e-01;-9.168235957622528076e-02;2.905269861221313477e-01
-4.958108365535736084e-01;-6.937057524919509888e-02;2.892783582210540771e-01
-4.953371882438659668e-01;-4.618663340806961060e-02;2.950648665428161621e-01
-4.865467548370361328e-01;-2.106247842311859131e-02;3.139495849609375000e-01
-4.663609862327575684e-01;-5.612608045339584351e-03;3.253834247589111328e-01
-4.332545101642608643e-01;5.133714526891708374e-03;3.331862688064575195e-01
-3.834520578384399414e-01;1.704856380820274353e-02;3.376156985759735107e-01
-3.581852018833160400e-01;7.576954364776611328e-02;3.328901827335357666e-01
3.341340124607086182e-01;-2.270682007074356079e-01;2.641539275646209717e-01
3.752502799034118652e-01;-2.040941864252090454e-01;2.596637606620788574e-01
3.797566890716552734e-01;-1.686652600765228271e-01;2.487560808658599854e-01
3.599085211753845215e-01;-1.324694901704788208e-01;2.639534771442413330e-01
3.485910594463348389e-01;-1.148254722356796265e-01;2.929857969284057617e-01
3.459491729736328125e-01;-1.034497767686843872e-01;3.072032034397125244e-01
3.579358160495758057e-01;-9.491678327322006226e-02;3.076212108135223389e-01
3.849392831325531006e-01;-8.448960632085800171e-02;2.998983561992645264e-01
4.187305569648742676e-01;-5.415484309196472168e-02;2.905660867691040039e-01
4.451627135276794434e-01;-8.465111255645751953e-03;2.938022315502166748e-01
-4.045046865940093994e-01;-3.538823723793029785e-01;-2.568304538726806641e-01
-3.311849832534790039e-01;-3.260556161403656006e-01;-2.653890550136566162e-01
-3.147715330123901367e-01;-3.286859691143035889e-01;-2.235842049121856689e-01
-3.187424540519714355e-01;-3.253873586654663086e-01;-1.694380789995193481e-01
-3.145748972892761230e-01;-3.208311498165130615e-01;-1.338477134704589844e-01
-2.896834611892700195e-01;-3.034136891365051270e-01;-1.283860206604003906e-01
-2.478586435317993164e-01;-2.931036949157714844e-01;-1.420980095863342285e-01
-1.904076337814331055e-01;-3.124316036701202393e-01;-1.501774191856384277e-01
-1.465746462345123291e-01;-3.321508169174194336e-01;-1.407437175512313843e-01
-1.219154447317123413e-01;-3.350334763526916504e-01;-1.125703901052474976e-01
3.148071765899658203e-01;1.700403690338134766e-01;-7.666712999343872070e-02
3.607901930809020996e-01;1.426093727350234985e-01;-8.309797942638397217e-02
3.703792095184326172e-01;1.486176103353500366e-01;-9.794645011425018311e-02
3.731192052364349365e-01;1.581349223852157593e-01;-9.153574705123901367e-02
3.784956336021423340e-01;1.660991609096527100e-01;-7.774000614881515503e-02
3.820191919803619385e-01;1.725789010524749756e-01;-6.430622935295104980e-02
3.887109160423278809e-01;1.844163686037063599e-01;-5.241553485393524170e-02
4.129328131675720215e-01;1.888935714960098267e-01;-3.926732763648033142e-02
4.612870812416076660e-01;1.926734447479248047e-01;-9.875643998384475708e-03
4.986456632614135742e-01;2.380704134702682495e-01;1.933215185999870300e-02
5.173603296279907227e-01;-3.275985419750213623e-01;-3.154754638671875000e-01
5.701984763145446777e-01;-3.082819581031799316e-01;-3.199567198753356934e-01
6.049827933311462402e-01;-3.033071160316467285e-01;-3.164328932762145996e-01
6.113244891166687012e-01;-3.043942749500274658e-01;-3.102670311927795410e-01
6.258150935173034668e-01;-3.104082942008972168e-01;-3.082830905914306641e-01
6.528194546699523926e-01;-3.114835619926452637e-01;-2.992934584617614746e-01
6.924467682838439941e-01;-3.292465209960937500e-01;-2.719716727733612061e-01
7.186056375503540039e-01;-3.408495783805847168e-01;-2.220731377601623535e-01
7.194746136665344238e-01;-3.240066170692443848e-01;-1.858604103326797485e-01
6.972852945327758789e-01;-2.570408880710601807e-01;-1.863241642713546753e-01
3.078578710556030273e-01;-3.680972754955291748e-02;-3.715100288391113281e-01
3.663786947727203369e-01;-1.441001892089843750e-03;-3.380839824676513672e-01
4.076741337776184082e-01;5.190312117338180542e-02;-3.234278559684753418e-01
4.159525632858276367e-01;1.171469911932945251e-01;-3.219163417816162109e-01
4.127642512321472168e-01;1.728895604610443115e-01;-3.126761913299560547e-01
4.274283647537231445e-01;1.928729414939880371e-01;-2.933244109153747559e-01
4.610807299613952637e-01;1.865619122982025146e-01;-2.753207087516784668e-01
4.882653355598449707e-01;1.788747608661651611e-01;-2.742805480957031250e-01
5.012633204460144043e-01;1.855876445770263672e-01;-2.833777964115142822e-01
5.373323559761047363e-01;2.168323695659637451e-01;-3.151102066040039062e-01
2.819678187370300293e-02;-3.697993159294128418e-01;4.680080339312553406e-02
8.098806440830230713e-02;-3.452442288398742676e-01;3.909424692392349243e-02
1.416834741830825806e-01;-3.354386687278747559e-01;3.481503576040267944e-02
1.722736954689025879e-01;-3.431660234928131104e-01;5.322229117155075073e-02
1.738238781690597534e-01;-3.477925360202789307e-01;8.452960103750228882e-02
1.721448600292205811e-01;-3.387254774570465088e-01;1.113646477460861206e-01
1.839889883995056152e-01;-3.152134418487548828e-01;1.214222908020019531e-01
2.133495807647705078e-01;-2.898188829421997070e-01;1.314943432807922363e-01
2.494473755359649658e-01;-2.767667770385742188e-01;1.609290838241577148e-01
2.972010076045989990e-01;-2.917155027389526367e-01;1.832582354545593262e-01
-4.263829588890075684e-01;2.962271571159362793e-01;2.789587974548339844e-01
-3.763039708137512207e-01;3.106488883495330811e-01;2.672090828418731689e-01
-2.758173644542694092e-01;2.355665564537048340e-01;2.520663142204284668e-01
-2.311990857124328613e-01;2.194108068943023682e-01;2.527888715267181396e-01
-2.096248865127563477e-01;2.470411360263824463e-01;2.463365197181701660e-01
-1.897862553596496582e-01;2.835914492607116699e-01;2.306451201438903809e-01
-1.754544079303741455e-01;3.133218586444854736e-01;2.205264419317245483e-01
-1.714414656162261963e-01;3.406431376934051514e-01;2.421502619981765747e-01
-1.430730074644088745e-01;3.546208143234252930e-01;3.050755560398101807e-01
-3.641805052757263184e-02;3.624921441078186035e-01;3.199556469917297363e-01
-6.477237939834594727e-01;1.356529295444488525e-01;5.226676166057586670e-02
-6.160606145858764648e-01;1.475887298583984375e-01;6.115856394171714783e-02
-5.842988491058349609e-01;1.684418618679046631e-01;5.605934187769889832e-02
-5.728611946105957031e-01;2.068678289651870728e-01;7.969648391008377075e-02
-5.705639719963073730e-01;2.299823015928268433e-01;1.078128293156623840e-01
-5.652236342430114746e-01;2.460831403732299805e-01;1.383214592933654785e-01
-5.422022342681884766e-01;2.600453495979309082e-01;1.538138389587402344e-01
-5.017523765563964844e-01;2.603953480720520020e-01;1.595920622348785400e-01
-4.516362547874450684e-01;2.588096559047698975e-01;1.709463596343994141e-01
-4.342268407344818115e-01;2.790634930133819580e-01;2.034686803817749023e-01
