-3.850922584533691406e-01;-5.700980424880981445e-01;-4.352369904518127441e-01
-3.656027019023895264e-01;-5.147898793220520020e-01;-4.467727541923522949e-01
-3.243101537227630615e-01;-5.778821706771850586e-01;-4.330052733421325684e-01
-3.437693417072296143e-01;-4.728782773017883301e-01;-3.617054224014282227e-01
-2.906804382801055908e-01;-6.303960084915161133e-01;-3.701637685298919678e-01
-3.665197193622589111e-01;-7.000706195831298828e-01;-4.005368053913116455e-01
-3.574741482734680176e-01;-4.031405150890350342e-01;-4.219585359096527100e-01
-3.843058347702026367e-01;-7.652819752693176270e-01;-4.521351158618927002e-01
-2.999491095542907715e-01;-7.068918943405151367e-01;-3.158670663833618164e-01
-2.868058681488037109e-01;-5.023685693740844727e-01;-2.614911794662475586e-01
-3.601396381855010986e-01;7.629153132438659668e-01;-3.307747840881347656e-01
-2.379696667194366455e-01;7.846333384513854980e-01;-3.416008651256561279e-01
-3.333669602870941162e-01;6.429131031036376953e-01;-4.174103140830993652e-01
-3.989353775978088379e-01;6.139245033264160156e-01;-4.218042194843292236e-01
-1.885908246040344238e-01;7.727166414260864258e-01;-4.232876896858215332e-01
-2.402893006801605225e-01;5.797033905982971191e-01;-3.105825483798980713e-01
-3.884603083133697510e-01;4.795522689819335938e-01;-3.771943747997283936e-01
-1.953994631767272949e-01;5.065349340438842773e-01;-3.803026974201202393e-01
-4.392670989036560059e-01;4.615748822689056396e-01;-4.665885567665100098e-01
-1.101721525192260742e-01;7.864263653755187988e-01;-3.561717271804809570e-02
-3.931598663330078125e-01;5.492525696754455566e-01;4.455548822879791260e-01
-3.254640102386474609e-01;5.969923734664916992e-01;4.168837666511535645e-01
-2.742768824100494385e-01;4.958500862121582031e-01;4.849477112293243408e-01
-2.502172589302062988e-01;4.487951397895812988e-01;3.891935944557189941e-01
-2.117025256156921387e-01;5.872304439544677734e-01;4.447297751903533936e-01
-4.735866487026214600e-01;4.159865677356719971e-01;5.730153322219848633e-01
-4.051398932933807373e-01;7.665503025054931641e-01;4.982591867446899414e-01
-2.146981656551361084e-01;7.227432727813720703e-01;4.197627305984497070e-01
-2.395935654640197754e-01;4.183014333248138428e-01;2.859955132007598877e-01
-2.539683282375335693e-01;2.881613373756408691e-01;4.200136959552764893e-01
-1.085121929645538330e-02;-7.744311094284057617e-01;2.044910006225109100e-02
-5.432206019759178162e-02;-8.026459813117980957e-01;4.252688959240913391e-03
3.889993205666542053e-02;-8.289530277252197266e-01;-2.668933011591434479e-02
1.080894917249679565e-01;-7.781997323036193848e-01;4.804490879178047180e-02
5.502007901668548584e-02;-8.316720724105834961e-01;1.087020933628082275e-01
9.821283817291259766e-02;-7.536461353302001953e-01;-4.147934168577194214e-02
9.570175409317016602e-02;-7.024123072624206543e-01;1.322363317012786865e-02
9.952784329652786255e-02;-7.370147705078125000e-01;-3.701936453580856323e-02
1.038658171892166138e-01;-6.876449584960937500e-01;3.503081947565078735e-02
4.024801030755043030e-02;-6.080825924873352051e-01;1.664757430553436279e-01
1.140341460704803467e-01;5.011547803878784180e-01;2.538152039051055908e-02
8.595500886440277100e-02;5.116627812385559082e-01;7.342831045389175415e-02
1.413241028785705566e-01;5.531858801841735840e-01;7.075490802526473999e-02
7.644031941890716553e-02;5.937060117721557617e-01;4.883206635713577271e-02
1.043419241905212402e-01;4.393085837364196777e-01;1.134088858962059021e-01
1.230287402868270874e-01;5.942106842994689941e-01;-4.079671949148178101e-02
1.193084642291069031e-01;5.583540797233581543e-01;-7.446575909852981567e-02
7.855214923620223999e-02;3.974092304706573486e-01;-1.575255393981933594e-02
2.013222724199295044e-01;4.611720144748687744e-01;-6.032393872737884521e-02
1.253360956907272339e-01;3.656903505325317383e-01;-1.895701885223388672e-02
-4.107058048248291016e-02;1.764325350522994995e-01;3.438631892204284668e-01
-1.286529004573822021e-01;2.131150513887405396e-01;3.136977255344390869e-01
-1.374845653772354126e-01;1.393175721168518066e-01;3.576618134975433350e-01
5.906468629837036133e-02;1.136655434966087341e-01;2.789931595325469971e-01
-1.995740532875061035e-01;1.647329032421112061e-01;2.985731661319732666e-01
-1.295981556177139282e-01;1.036847382783889771e-01;1.714724451303482056e-01
3.504323959350585938e-02;1.324521899223327637e-01;1.505189538002014160e-01
-1.548704504966735840e-01;3.386113345623016357e-01;4.334290623664855957e-01
-2.277337163686752319e-01;1.587512046098709106e-01;2.330414354801177979e-01
1.017455756664276123e-01;3.498251736164093018e-02;2.199272960424423218e-01
-1.101721450686454773e-01;7.864263653755187988e-01;-3.561716526746749878e-02
-8.076890558004379272e-02;7.972594499588012695e-01;2.675226703286170959e-02
-1.497028023004531860e-02;8.175185918807983398e-01;-2.562897093594074249e-02
-2.198500931262969971e-02;8.159484267234802246e-01;4.863828420639038086e-03
1.870638877153396606e-02;7.146481871604919434e-01;-2.686656825244426727e-02
1.916433125734329224e-02;8.278593420982360840e-01;6.007967889308929443e-02
-1.190955936908721924e-02;8.172254562377929688e-01;1.000836566090583801e-01
-1.078781411051750183e-01;7.192705869674682617e-01;1.559766829013824463e-01
6.537736207246780396e-02;6.745812892913818359e-01;2.800747752189636230e-04
1.029733791947364807e-01;7.354527115821838379e-01;4.823733121156692505e-02
2.512741088867187500e-01;-2.638363540172576904e-01;-1.926044821739196777e-01
2.389739006757736206e-01;-2.577521502971649170e-01;-1.517935544252395630e-01
1.895567327737808228e-01;-2.420137673616409302e-01;-1.950925141572952271e-01
2.303995043039321899e-01;-2.229665219783782959e-01;-9.996426850557327271e-02
2.171936631202697754e-01;-2.580659389495849609e-01;-7.222671061754226685e-02
1.941195577383041382e-01;-1.928071826696395874e-01;-7.134377956390380859e-02
2.119206041097640991e-01;-3.715750873088836670e-01;-7.523003965616226196e-02
2.391208857297897339e-01;-1.047721356153488159e-01;-1.299976855516433716e-01
2.247407138347625732e-01;-4.403605461120605469e-01;-1.695727258920669556e-01
1.576252877712249756e-01;-3.659265637397766113e-01;-5.069081485271453857e-02
2.536441981792449951e-01;1.945639699697494507e-01;2.424121499061584473e-01
2.389508634805679321e-01;1.488059163093566895e-01;1.794198453426361084e-01
2.122023403644561768e-01;2.565966546535491943e-01;1.298149526119232178e-01
2.229562997817993164e-01;3.345194756984710693e-01;1.709043383598327637e-01
1.906620115041732788e-01;3.393083810806274414e-02;2.621792554855346680e-01
2.527003288269042969e-01;1.158447563648223877e-02;2.129957526922225952e-01
1.845771968364715576e-01;2.652713656425476074e-01;7.827574014663696289e-02
5.906468629837036133e-02;1.136655434966087341e-01;2.789931595325469971e-01
1.762469708919525146e-01;9.262003004550933838e-02;6.384211778640747070e-02
1.017455756664276123e-01;3.498251736164093018e-02;2.199272960424423218e-01
-1.028491780161857605e-01;-1.692005097866058350e-01;-1.608556807041168213e-01
-9.964808821678161621e-02;-2.356373071670532227e-01;-1.396411359310150146e-01
-9.290104359388351440e-02;-1.186024919152259827e-01;-8.526238054037094116e-02
-1.627097278833389282e-02;-1.164841130375862122e-01;-2.718786895275115967e-01
4.306247085332870483e-02;-8.891205489635467529e-02;-1.767588257789611816e-01
9.995437413454055786e-02;-9.593260288238525391e-02;-1.411689519882202148e-01
-1.486832201480865479e-01;-7.694587856531143188e-02;-3.739086091518402100e-01
7.844800502061843872e-02;-2.176749408245086670e-01;2.619117498397827148e-03
-1.869685649871826172e-01;6.539931893348693848e-02;-2.160401344299316406e-01
-2.115512192249298096e-01;6.747630238533020020e-02;-1.815980523824691772e-01
-1.512653976678848267e-01;5.151652693748474121e-01;1.669885516166687012e-01
-7.653532922267913818e-02;4.576441347599029541e-01;2.403908073902130127e-01
-1.419244408607482910e-01;4.531876742839813232e-01;3.027904629707336426e-01
-1.253862380981445312e-01;3.822562098503112793e-01;2.397900521755218506e-01
-1.473852396011352539e-01;3.569724559783935547e-01;1.724791377782821655e-01
-2.075569331645965576e-02;5.397375226020812988e-01;5.955132842063903809e-02
-2.395935654640197754e-01;4.183014333248138428e-01;2.859955132007598877e-01
-1.078781411051750183e-01;7.192705869674682617e-01;1.559766829013824463e-01
-2.502172589302062988e-01;4.487951397895812988e-01;3.891935944557189941e-01
8.595500886440277100e-02;5.116627812385559082e-01;7.342831045389175415e-02
-4.408819973468780518e-01;-3.504820764064788818e-01;4.804505109786987305e-01
-3.336142003536224365e-01;-3.106267154216766357e-01;4.701989591121673584e-01
-3.530203104019165039e-01;-4.306443631649017334e-01;4.528434872627258301e-01
-4.175985455513000488e-01;-5.037667751312255859e-01;5.136403441429138184e-01
-2.759959697723388672e-01;-4.486723542213439941e-01;4.849883317947387695e-01
-2.696803212165832520e-01;-2.513237893581390381e-01;4.844272732734680176e-01
-2.997508645057678223e-01;-5.071949362754821777e-01;4.063678681850433350e-01
-2.874403893947601318e-01;-4.527752101421356201e-01;3.297425508499145508e-01
-2.500400543212890625e-01;-4.621737897396087646e-01;3.891779184341430664e-01
-2.479872405529022217e-01;-1.801258921623229980e-01;3.837744593620300293e-01
2.050285935401916504e-01;-6.583746671676635742e-01;2.044454514980316162e-01
1.996679455041885376e-01;-6.453879475593566895e-01;1.345882862806320190e-01
1.926975995302200317e-01;-5.841993689537048340e-01;1.543268561363220215e-01
1.672353744506835938e-01;-6.336750984191894531e-01;1.184069216251373291e-01
2.187876701354980469e-01;-4.957154691219329834e-01;1.782690882682800293e-01
4.024800658226013184e-02;-6.080825924873352051e-01;1.664757430553436279e-01
1.038658171892166138e-01;-6.876449584960937500e-01;3.503081202507019043e-02
2.227562814950942993e-01;-7.911544442176818848e-01;3.644761741161346436e-01
1.080894917249679565e-01;-7.781997323036193848e-01;4.804490506649017334e-02
1.799418181180953979e-01;-5.225679874420166016e-01;3.106579184532165527e-02
