-3.991567194461822510e-01;-5.280301570892333984e-01;-6.321436166763305664e-01
-4.007245004177093506e-01;-3.971129357814788818e-01;-5.571655035018920898e-01
-3.776531219482421875e-01;-6.970602869987487793e-01;-5.926849246025085449e-01
-2.042972594499588013e-01;-5.280213356018066406e-01;-5.871104001998901367e-01
-3.740711510181427002e-01;-3.287820518016815186e-01;-6.201182603836059570e-01
-2.333454638719558716e-01;-6.611171364784240723e-01;-5.876122713088989258e-01
-3.252994418144226074e-01;-7.024559974670410156e-01;-5.200032591819763184e-01
-2.106132507324218750e-01;-4.411974847316741943e-01;-5.422052741050720215e-01
-2.333504259586334229e-01;-6.481536626815795898e-01;-5.147918462753295898e-01
-4.574258327484130859e-01;-2.798041701316833496e-01;-6.659186482429504395e-01
-2.002113163471221924e-01;-6.479077339172363281e-01;5.788211226463317871e-01
-9.978007525205612183e-02;-5.869072675704956055e-01;4.779845178127288818e-01
-1.416305899620056152e-01;-7.077324986457824707e-01;4.311741292476654053e-01
-3.594707846641540527e-01;-6.290417313575744629e-01;4.999991655349731445e-01
-1.968423128128051758e-01;-5.748919844627380371e-01;4.101270735263824463e-01
-3.030154407024383545e-01;-6.947309374809265137e-01;4.298716485500335693e-01
-3.007074594497680664e-01;-5.759676694869995117e-01;4.281041920185089111e-01
-3.987637758255004883e-01;-6.343971490859985352e-01;5.567929148674011230e-01
-1.251044124364852905e-01;-7.086206078529357910e-01;3.944059312343597412e-01
-3.155202865600585938e-01;-4.714354276657104492e-01;5.913171768188476562e-01
1.684028059244155884e-01;-7.272117137908935547e-01;-1.019645184278488159e-01
1.692247539758682251e-01;-7.268967032432556152e-01;-1.083347275853157043e-01
1.695682704448699951e-01;-7.267650961875915527e-01;-1.109969466924667358e-01
1.706958711147308350e-01;-7.263329625129699707e-01;-1.197363287210464478e-01
1.449216008186340332e-01;-7.262470722198486328e-01;-6.809996068477630615e-02
1.763067692518234253e-01;-6.810169816017150879e-01;-7.732270658016204834e-02
1.243611350655555725e-01;-7.245050668716430664e-01;-5.179047584533691406e-02
2.478544116020202637e-01;-7.231398820877075195e-01;-9.800738096237182617e-02
7.723257690668106079e-02;-7.189774513244628906e-01;-9.861696511507034302e-02
2.585320770740509033e-01;-7.305075526237487793e-01;-1.215091198682785034e-01
2.515583932399749756e-01;7.483406662940979004e-01;6.033914908766746521e-02
2.270593494176864624e-01;7.445646524429321289e-01;1.045179292559623718e-01
2.494340986013412476e-01;7.501555681228637695e-01;7.913921028375625610e-03
2.585601806640625000e-01;7.446973919868469238e-01;1.142804622650146484e-01
2.139959931373596191e-01;7.257355451583862305e-01;1.104148328304290771e-01
2.598392963409423828e-01;7.433796525001525879e-01;1.263120919466018677e-01
1.757882982492446899e-01;7.248466610908508301e-01;2.766364440321922302e-02
2.282128334045410156e-01;7.171794772148132324e-01;1.376823782920837402e-01
2.024558931589126587e-01;7.465278506278991699e-01;-1.582928374409675598e-02
1.662220954895019531e-01;7.407253384590148926e-01;9.851136803627014160e-02
-7.036288827657699585e-02;-2.979267835617065430e-01;-2.568236291408538818e-01
-3.790980949997901917e-02;-1.921325176954269409e-01;-1.798499673604965210e-01
-1.234541088342666626e-01;-2.428758591413497925e-01;-3.942690491676330566e-01
-1.995730400085449219e-01;-2.035230547189712524e-01;-2.650592923164367676e-01
4.868659377098083496e-02;-2.487327456474304199e-01;-1.614307463169097900e-01
8.559773117303848267e-02;-2.490814477205276489e-01;-2.097473442554473877e-01
3.009548038244247437e-02;-4.431041777133941650e-01;-3.270654976367950439e-01
-6.669235974550247192e-02;-1.071950495243072510e-01;-2.381675839424133301e-01
9.771532565355300903e-02;-1.649086475372314453e-01;-3.124410808086395264e-01
6.685150414705276489e-02;-4.972097575664520264e-01;-2.121896147727966309e-01
2.723561823368072510e-01;-3.409285545349121094e-01;1.968759298324584961e-01
2.560864984989166260e-01;-3.144782483577728271e-01;1.281860321760177612e-01
2.611076831817626953e-01;-2.623008787631988525e-01;1.018886193633079529e-01
2.598755657672882080e-01;-2.327256649732589722e-01;1.294723153114318848e-01
1.253900527954101562e-01;-3.385029137134552002e-01;1.359720230102539062e-01
2.688977718353271484e-01;-1.547724753618240356e-01;1.503147780895233154e-01
2.526365518569946289e-01;-3.491854369640350342e-01;4.224717617034912109e-03
2.167157530784606934e-01;-2.871519327163696289e-01;9.057745337486267090e-03
2.535007596015930176e-01;-4.304419159889221191e-01;-1.543492078781127930e-03
2.220086604356765747e-01;-5.171135067939758301e-01;6.817314028739929199e-02
-1.480754464864730835e-01;-7.044766545295715332e-01;-3.156181871891021729e-01
-2.250712960958480835e-01;-6.460322141647338867e-01;-3.877106904983520508e-01
-2.077543586492538452e-01;-7.075519561767578125e-01;-4.903996288776397705e-01
-3.226877748966217041e-02;-5.948849916458129883e-01;-4.108150303363800049e-01
-1.369059383869171143e-01;-5.214620828628540039e-01;-3.731972277164459229e-01
-1.419386118650436401e-01;-5.332003831863403320e-01;-4.460410773754119873e-01
-2.333504259586334229e-01;-6.481536626815795898e-01;-5.147918462753295898e-01
2.114234864711761475e-02;-5.205768942832946777e-01;-3.295335769653320312e-01
-3.252994418144226074e-01;-7.024559974670410156e-01;-5.200032591819763184e-01
-2.333454638719558716e-01;-6.611171364784240723e-01;-5.876122713088989258e-01
-5.257131159305572510e-02;-3.429590761661529541e-01;4.177787899971008301e-01
-9.529647231101989746e-02;-3.631946146488189697e-01;4.318100214004516602e-01
-2.025086283683776855e-01;-3.644794821739196777e-01;4.505938291549682617e-01
-1.203357279300689697e-01;-2.128138393163681030e-01;4.729502499103546143e-01
-4.799902439117431641e-02;-3.836897909641265869e-01;2.460616379976272583e-01
2.542880922555923462e-02;-1.971531361341476440e-01;3.450450599193572998e-01
-1.857468336820602417e-01;-4.726547598838806152e-01;4.472396373748779297e-01
-4.044818878173828125e-02;-2.403876036405563354e-01;2.521268725395202637e-01
-7.643584161996841431e-02;-4.488487839698791504e-01;2.485519051551818848e-01
-2.454237639904022217e-01;-3.056049942970275879e-01;4.612274765968322754e-01
-7.255449146032333374e-02;6.876599043607711792e-02;-2.454967349767684937e-01
-1.402172446250915527e-02;1.128167435526847839e-01;-1.991584897041320801e-01
-1.168512478470802307e-01;2.313144132494926453e-02;-3.423461318016052246e-01
2.584742754697799683e-02;-3.954616189002990723e-02;-3.035016357898712158e-01
-6.669235974550247192e-02;-1.071950420737266541e-01;-2.381675839424133301e-01
1.017805114388465881e-01;-1.987859606742858887e-03;-3.013338446617126465e-01
4.098635166883468628e-02;1.846182942390441895e-01;-1.207727119326591492e-01
6.777117401361465454e-02;-7.932621985673904419e-02;-2.082377076148986816e-01
-2.081097066402435303e-01;-4.966130107641220093e-02;-3.518846035003662109e-01
-1.692293286323547363e-01;2.190078198909759521e-01;-3.571641743183135986e-01
-2.540363073348999023e-01;3.266465663909912109e-01;5.007030367851257324e-01
-3.143258392810821533e-01;3.981122970581054688e-01;5.046643018722534180e-01
-1.693763136863708496e-01;2.947794497013092041e-01;4.443126916885375977e-01
-1.594662517309188843e-01;3.685895204544067383e-01;5.285517573356628418e-01
-3.182891905307769775e-01;2.341121882200241089e-01;4.836536049842834473e-01
-1.464875489473342896e-01;3.642998635768890381e-01;4.391404092311859131e-01
-1.812291741371154785e-01;1.584695279598236084e-01;5.269657373428344727e-01
-3.136966228485107422e-01;1.503448337316513062e-01;5.137604475021362305e-01
-1.621035635471343994e-01;4.967737495899200439e-01;5.269088149070739746e-01
-3.910421729087829590e-01;1.702848821878433228e-01;5.095471739768981934e-01
-3.723393380641937256e-01;-3.918534815311431885e-01;5.034945011138916016e-01
-3.959303796291351318e-01;-3.233851194381713867e-01;5.127217769622802734e-01
-2.917649745941162109e-01;-3.507640361785888672e-01;5.456750392913818359e-01
-2.481461167335510254e-01;-3.512598276138305664e-01;4.935607910156250000e-01
-3.155202865600585938e-01;-4.714354276657104492e-01;5.913171768188476562e-01
-2.617372572422027588e-01;-4.039266407489776611e-01;4.090914428234100342e-01
-2.454237639904022217e-01;-3.056049942970275879e-01;4.612274765968322754e-01
-2.025086283683776855e-01;-3.644794821739196777e-01;4.505938291549682617e-01
-1.857468336820602417e-01;-4.726547598838806152e-01;4.472396373748779297e-01
-3.007074594497680664e-01;-5.759676694869995117e-01;4.281041920185089111e-01
2.501324713230133057e-01;4.586010277271270752e-01;1.333686858415603638e-01
2.631917595863342285e-01;4.914006888866424561e-01;1.215509101748466492e-01
2.584871351718902588e-01;4.758981764316558838e-01;8.110386878252029419e-02
2.595850825309753418e-01;4.876566231250762939e-01;1.799784898757934570e-01
2.617098987102508545e-01;4.106102287769317627e-01;1.745005846023559570e-01
2.731178402900695801e-01;4.015848338603973389e-01;2.060475051403045654e-01
2.006406188011169434e-01;4.945679903030395508e-01;-7.964998483657836914e-03
2.213587462902069092e-01;6.157271862030029297e-01;9.123656898736953735e-02
2.533060014247894287e-01;5.766865015029907227e-01;1.217083632946014404e-02
1.209851801395416260e-01;5.641475319862365723e-01;1.640392094850540161e-01
9.481094032526016235e-02;2.277137488126754761e-01;3.371459245681762695e-02
2.143847942352294922e-01;2.302136868238449097e-01;-9.045086801052093506e-03
2.477942705154418945e-01;1.857044249773025513e-01;8.620303869247436523e-02
2.571630179882049561e-01;2.255975753068923950e-01;7.424069941043853760e-02
4.098634794354438782e-02;1.846182942390441895e-01;-1.207727193832397461e-01
3.016863763332366943e-02;8.758895099163055420e-02;-4.233336448669433594e-02
1.167028844356536865e-01;2.018123418092727661e-01;-1.351714879274368286e-01
2.527884244918823242e-01;2.180892080068588257e-01;-3.643119335174560547e-02
2.621982991695404053e-02;3.801434040069580078e-01;-1.878531649708747864e-02
1.872292608022689819e-01;8.583106100559234619e-02;8.881177008152008057e-02
-2.449560165405273438e-01;5.359999537467956543e-01;5.206050872802734375e-01
-2.440563738346099854e-01;6.065714955329895020e-01;4.803710281848907471e-01
-2.794401049613952637e-01;6.629521846771240234e-01;4.349425435066223145e-01
-2.722440361976623535e-01;6.713068485260009766e-01;4.377271533012390137e-01
-2.665945291519165039e-01;6.739912629127502441e-01;4.502387940883636475e-01
-2.590608298778533936e-01;6.689624190330505371e-01;4.731620550155639648e-01
-2.531129419803619385e-01;6.570800542831420898e-01;5.022412538528442383e-01
-2.348600327968597412e-01;6.365253329277038574e-01;5.214591026306152344e-01
-2.038940340280532837e-01;6.289970278739929199e-01;5.284647941589355469e-01
-1.552354842424392700e-01;6.570881605148315430e-01;5.177854895591735840e-01
-3.950005471706390381e-01;4.658518731594085693e-01;-6.369543671607971191e-01
-3.567314743995666504e-01;5.112828612327575684e-01;-6.049124598503112793e-01
-3.003792166709899902e-01;5.167102813720703125e-01;-5.839055776596069336e-01
-2.451999038457870483e-01;5.086527466773986816e-01;-5.355385541915893555e-01
-2.703090012073516846e-01;5.955918431282043457e-01;-5.363011956214904785e-01
-3.180342018604278564e-01;6.903342604637145996e-01;-5.647171735763549805e-01
-3.053235709667205811e-01;7.036202549934387207e-01;-5.613664388656616211e-01
-2.476983070373535156e-01;6.851447820663452148e-01;-5.404038429260253906e-01
-2.111380696296691895e-01;6.859675049781799316e-01;-5.089440941810607910e-01
-1.886428296566009521e-01;6.826080083847045898e-01;-4.304180145263671875e-01
2.187227308750152588e-01;-1.389893516898155212e-02;-1.492515653371810913e-01
2.272668182849884033e-01;-2.355831488966941833e-02;-1.385130286216735840e-01
2.269546240568161011e-01;-6.450217217206954956e-03;-1.219494938850402832e-01
2.311612069606781006e-01;2.267495729029178619e-02;-1.121970340609550476e-01
2.347801774740219116e-01;3.954705968499183655e-02;-9.093641489744186401e-02
2.308559119701385498e-01;5.206081271171569824e-02;-7.897277176380157471e-02
2.265399992465972900e-01;6.232239305973052979e-02;-7.498681545257568359e-02
2.276306897401809692e-01;8.191380649805068970e-02;-8.299994468688964844e-02
2.269303053617477417e-01;1.260490864515304565e-01;-9.632962197065353394e-02
2.313683331012725830e-01;1.583388298749923706e-01;-8.295062184333801270e-02
-3.365198969841003418e-01;-1.296128034591674805e-01;4.895898997783660889e-01
-3.022736608982086182e-01;-1.267362684011459351e-01;5.337343215942382812e-01
-3.279162943363189697e-01;-6.443647295236587524e-02;4.976497292518615723e-01
-3.411263823509216309e-01;-3.347072005271911621e-02;5.007499456405639648e-01
-3.526834547519683838e-01;-1.516677998006343842e-02;5.020637512207031250e-01
-3.416415750980377197e-01;-1.932624541223049164e-02;5.093883872032165527e-01
-3.154132962226867676e-01;-2.050986140966415405e-02;5.137791037559509277e-01
-2.864748537540435791e-01;-1.310929656028747559e-03;5.143462419509887695e-01
-2.730794548988342285e-01;3.888149559497833252e-02;5.048658847808837891e-01
-2.612228095531463623e-01;8.681831508874893188e-02;5.007519721984863281e-01
-3.417115807533264160e-01;2.925352752208709717e-02;-6.108617186546325684e-01
-2.981879115104675293e-01;3.980477154254913330e-02;-5.827705264091491699e-01
-3.047963082790374756e-01;3.730465471744537354e-02;-5.839329957962036133e-01
-3.068916499614715576e-01;5.359677970409393311e-02;-5.727726817131042480e-01
-3.047938346862792969e-01;7.700330018997192383e-02;-5.759769082069396973e-01
-3.027332425117492676e-01;9.577077627182006836e-02;-5.802143216133117676e-01
-3.024220466613769531e-01;1.232259869575500488e-01;-5.784361958503723145e-01
-2.864204943180084229e-01;1.461523473262786865e-01;-5.650560855865478516e-01
-2.383877784013748169e-01;1.481975764036178589e-01;-5.345498323440551758e-01
-1.849792897701263428e-01;1.605658531188964844e-01;-4.950525760650634766e-01
-1.184622198343276978e-01;2.617955505847930908e-01;3.391944169998168945e-01
-5.944292619824409485e-02;2.345041632652282715e-01;3.641917109489440918e-01
-1.146278344094753265e-02;2.297226339578628540e-01;3.383166193962097168e-01
1.823636889457702637e-02;2.603231668472290039e-01;2.973926663398742676e-01
8.340833708643913269e-03;3.022668063640594482e-01;2.963641285896301270e-01
-2.129919826984405518e-02;3.448917865753173828e-01;3.198851346969604492e-01
-2.599752135574817657e-02;3.702906370162963867e-01;3.325345516204833984e-01
5.106914788484573364e-03;3.759350180625915527e-01;3.141168951988220215e-01
4.882992804050445557e-02;4.005339741706848145e-01;2.592198252677917480e-01
8.827966451644897461e-02;4.183552861213684082e-01;2.708255052566528320e-01
-7.094883173704147339e-02;3.677687644958496094e-01;-2.898525893688201904e-01
6.649757921695709229e-02;3.913842439651489258e-01;-2.667304873466491699e-01
7.877089828252792358e-02;4.694954752922058105e-01;-2.217836081981658936e-01
7.668989896774291992e-02;5.142984390258789062e-01;-1.958632767200469971e-01
1.206182166934013367e-01;4.943548738956451416e-01;-1.821105331182479858e-01
1.701324433088302612e-01;4.564180672168731689e-01;-1.835499554872512817e-01
2.048787176609039307e-01;4.242615699768066406e-01;-1.739752888679504395e-01
2.124396860599517822e-01;4.396766424179077148e-01;-1.552086621522903442e-01
2.042146623134613037e-01;4.743286967277526855e-01;-1.535757482051849365e-01
2.020195424556732178e-01;5.148880481719970703e-01;-1.640638262033462524e-01
2.269030511379241943e-01;-5.365992188453674316e-01;-1.676426529884338379e-01
2.350313663482666016e-01;-4.822741150856018066e-01;-1.558530479669570923e-01
2.412693500518798828e-01;-4.028498828411102295e-01;-1.494100987911224365e-01
2.466169744729995728e-01;-3.831415176391601562e-01;-1.234012991189956665e-01
2.394909858703613281e-01;-3.863003849983215332e-01;-8.754314482212066650e-02
2.302535921335220337e-01;-3.759638071060180664e-01;-6.141841411590576172e-02
2.342531830072402954e-01;-3.457250893115997314e-01;-5.945286899805068970e-02
2.427046895027160645e-01;-3.098760843276977539e-01;-7.572704553604125977e-02
2.460484802722930908e-01;-2.849400639533996582e-01;-8.433987945318222046e-02
2.455242723226547241e-01;-2.764851450920104980e-01;-6.368570029735565186e-02
6.236331164836883545e-02;-1.880982890725135803e-02;2.118295580148696899e-01
1.254523545503616333e-01;-3.125257417559623718e-02;1.602354049682617188e-01
1.225181072950363159e-01;2.028435841202735901e-02;1.365613043308258057e-01
1.019648909568786621e-01;6.178986281156539917e-02;1.560416072607040405e-01
8.529828488826751709e-02;6.633476912975311279e-02;1.906201839447021484e-01
7.809572666883468628e-02;6.910159438848495483e-02;2.129493057727813721e-01
9.485328942537307739e-02;7.703375071287155151e-02;2.184341102838516235e-01
1.379694640636444092e-01;8.621814846992492676e-02;2.134774625301361084e-01
1.895348280668258667e-01;1.067184209823608398e-01;2.076845616102218628e-01
2.123555541038513184e-01;1.435009986162185669e-01;2.195813506841659546e-01
-3.864104151725769043e-01;-3.142029643058776855e-01;-6.022449135780334473e-01
-3.177801966667175293e-01;-2.907090783119201660e-01;-5.803655385971069336e-01
-2.347912788391113281e-01;-3.165565729141235352e-01;-5.766956806182861328e-01
-2.035716027021408081e-01;-2.931188046932220459e-01;-5.755559802055358887e-01
-2.115834355354309082e-01;-2.591235339641571045e-01;-5.671807527542114258e-01
-2.200968265533447266e-01;-2.499043047428131104e-01;-5.527292490005493164e-01
-2.200788408517837524e-01;-2.197670936584472656e-01;-5.405120253562927246e-01
-2.082164883613586426e-01;-1.778869926929473877e-01;-5.263671278953552246e-01
-1.856529712677001953e-01;-1.465774923563003540e-01;-5.066421627998352051e-01
-1.645302772521972656e-01;-1.619589924812316895e-01;-4.622427821159362793e-01
-3.056547343730926514e-01;3.242360353469848633e-01;-5.563569664955139160e-01
-2.633536458015441895e-01;3.242846727371215820e-01;-5.188912749290466309e-01
-2.119916528463363647e-01;2.895634770393371582e-01;-5.010791420936584473e-01
-1.775290369987487793e-01;2.865790724754333496e-01;-4.977323710918426514e-01
-1.692804396152496338e-01;3.564054369926452637e-01;-5.073344111442565918e-01
-1.749147772789001465e-01;4.084364473819732666e-01;-5.146663784980773926e-01
-1.753681153059005737e-01;4.163765907287597656e-01;-4.897065758705139160e-01
-1.734824180603027344e-01;4.111011028289794922e-01;-4.574370384216308594e-01
-1.683357805013656616e-01;4.063289761543273926e-01;-4.373293817043304443e-01
-1.675396710634231567e-01;4.255670309066772461e-01;-4.257419109344482422e-01
4.912136495113372803e-02;-6.135125756263732910e-01;1.390260756015777588e-01
6.289055943489074707e-02;-5.559591054916381836e-01;9.245868772268295288e-02
3.134069591760635376e-02;-5.055762529373168945e-01;8.724279701709747314e-02
1.784142106771469116e-02;-4.806798994541168213e-01;1.226751059293746948e-01
8.655332028865814209e-03;-4.560041427612304688e-01;1.434385925531387329e-01
3.492569550871849060e-02;-4.568352103233337402e-01;1.369503736495971680e-01
9.868872165679931641e-02;-4.921016395092010498e-01;1.115456596016883850e-01
1.574881970882415771e-01;-5.185789465904235840e-01;9.623719006776809692e-02
1.693841069936752319e-01;-4.991695582866668701e-01;1.088146343827247620e-01
1.712299436330795288e-01;-4.565436840057373047e-01;1.188510060310363770e-01
-1.310641020536422729e-01;6.508296132087707520e-01;2.974514067173004150e-01
-6.351763755083084106e-02;6.309172511100769043e-01;2.871657311916351318e-01
2.390121854841709137e-02;5.597366094589233398e-01;2.237095683813095093e-01
4.290760308504104614e-02;5.461152195930480957e-01;2.102504372596740723e-01
3.349974006414413452e-02;5.706476569175720215e-01;2.202568501234054565e-01
1.777258329093456268e-02;6.049494147300720215e-01;2.358329594135284424e-01
-4.901546984910964966e-03;6.342543363571166992e-01;2.623977065086364746e-01
-1.089269295334815979e-02;6.416168212890625000e-01;2.761079967021942139e-01
2.021027728915214539e-02;6.518128514289855957e-01;2.628268301486968994e-01
1.060532033443450928e-01;6.744987964630126953e-01;2.204583585262298584e-01
-4.396049678325653076e-01;2.368468642234802246e-01;-6.444873213768005371e-01
-4.084963500499725342e-01;2.345875650644302368e-01;-5.967991352081298828e-01
-3.173971474170684814e-01;2.631248235702514648e-01;-5.953413844108581543e-01
-3.638649880886077881e-01;3.741632997989654541e-01;-6.083986163139343262e-01
-3.800549507141113281e-01;4.333454072475433350e-01;-6.075307726860046387e-01
-3.495017886161804199e-01;4.715703129768371582e-01;-5.881303548812866211e-01
-3.115212023258209229e-01;4.974425435066223145e-01;-5.723863244056701660e-01
-2.766928970813751221e-01;4.978506565093994141e-01;-5.593191385269165039e-01
-2.408704757690429688e-01;4.920275807380676270e-01;-5.538218617439270020e-01
-2.163210064172744751e-01;4.922725558280944824e-01;-5.441599488258361816e-01
-1.771190166473388672e-01;4.240039288997650146e-01;-4.224631786346435547e-01
-1.558911502361297607e-01;3.861225247383117676e-01;-3.960936665534973145e-01
-1.080104783177375793e-01;3.765254020690917969e-01;-3.362376093864440918e-01
-8.954443782567977905e-02;4.632901549339294434e-01;-3.418832421302795410e-01
-1.217986717820167542e-01;5.662930607795715332e-01;-3.873323798179626465e-01
-1.485129743814468384e-01;6.064691543579101562e-01;-3.801699578762054443e-01
-1.298807859420776367e-01;5.976397991180419922e-01;-3.292219042778015137e-01
-4.777396470308303833e-02;5.584492087364196777e-01;-2.732571363449096680e-01
4.946070909500122070e-02;5.176616907119750977e-01;-2.280788868665695190e-01
7.735829055309295654e-02;5.232378244400024414e-01;-2.076101601123809814e-01
1.862601637840270996e-01;-7.228979468345642090e-01;9.273079037666320801e-02
1.963324397802352905e-01;-7.211003899574279785e-01;9.039619565010070801e-02
2.081891745328903198e-01;-7.183319926261901855e-01;9.866921603679656982e-02
2.196753919124603271e-01;-7.171461582183837891e-01;1.068535298109054565e-01
2.277665585279464722e-01;-7.127131819725036621e-01;1.140250563621520996e-01
2.339473366737365723e-01;-7.137346863746643066e-01;1.205974742770195007e-01
2.397968620061874390e-01;-7.163828015327453613e-01;1.259746253490447998e-01
2.460884153842926025e-01;-7.173498272895812988e-01;1.309544742107391357e-01
2.447952777147293091e-01;-7.112988233566284180e-01;1.405248492956161499e-01
2.346064746379852295e-01;-6.846179366111755371e-01;1.430469006299972534e-01
-3.057265877723693848e-01;-7.439996302127838135e-02;4.347523450851440430e-01
-2.531435191631317139e-01;-5.026790872216224670e-02;4.245269298553466797e-01
-2.445305138826370239e-01;4.400467500090599060e-02;3.963846564292907715e-01
-2.281845659017562866e-01;7.633579522371292114e-02;3.964483141899108887e-01
-1.815814673900604248e-01;7.278700172901153564e-02;3.869168162345886230e-01
-1.390267461538314819e-01;6.267280876636505127e-02;3.731005191802978516e-01
-1.189323514699935913e-01;6.866116076707839966e-02;3.672212958335876465e-01
-1.138738393783569336e-01;1.092758029699325562e-01;3.752538859844207764e-01
-1.125570535659790039e-01;1.614833474159240723e-01;3.845634460449218750e-01
-1.061694175004959106e-01;1.835641860961914062e-01;3.920348882675170898e-01
3.900157287716865540e-02;-3.694231212139129639e-01;8.245478570461273193e-02
6.498976051807403564e-02;-3.191633820533752441e-01;1.087763607501983643e-01
6.727722287178039551e-02;-2.622295916080474854e-01;1.228452697396278381e-01
5.664174631237983704e-02;-2.332609444856643677e-01;1.598047167062759399e-01
5.403486266732215881e-02;-2.131624370813369751e-01;1.906764358282089233e-01
9.251555800437927246e-02;-1.977556645870208740e-01;1.697095036506652832e-01
1.618006527423858643e-01;-1.961736381053924561e-01;1.390537023544311523e-01
2.182121872901916504e-01;-2.049869745969772339e-01;1.232073977589607239e-01
2.239022254943847656e-01;-1.803029626607894897e-01;1.241790950298309326e-01
2.115622162818908691e-01;-1.485589146614074707e-01;1.309443712234497070e-01
-4.114666283130645752e-01;-5.043557286262512207e-01;-6.425166726112365723e-01
-3.986175656318664551e-01;-3.593471944332122803e-01;-5.881189107894897461e-01
-4.392701089382171631e-01;-3.050025999546051025e-01;-6.265467405319213867e-01
-4.220025539398193359e-01;-2.814183235168457031e-01;-6.159923672676086426e-01
-3.656496703624725342e-01;-2.307997345924377441e-01;-5.894292593002319336e-01
-2.774887681007385254e-01;-2.236384451389312744e-01;-5.845550298690795898e-01
-2.229618132114410400e-01;-2.434487044811248779e-01;-5.849683880805969238e-01
-2.203209102153778076e-01;-2.421835362911224365e-01;-5.795890688896179199e-01
-2.210398018360137939e-01;-2.266736477613449097e-01;-5.845889449119567871e-01
-2.203573435544967651e-01;-1.922440826892852783e-01;-5.868852138519287109e-01
