-6.127787828445434570e-01;-2.779947221279144287e-02;-4.168445467948913574e-01
-6.051437854766845703e-01;-9.631484746932983398e-03;-3.812120258808135986e-01
-6.127824783325195312e-01;1.298499107360839844e-02;-3.610094189643859863e-01
-6.127859354019165039e-01;5.309647321701049805e-02;-3.215210735797882080e-01
-5.113731026649475098e-01;5.117678642272949219e-02;-3.816765546798706055e-01
-4.771336615085601807e-01;1.050165593624114990e-01;-3.144154250621795654e-01
-5.619691610336303711e-01;-6.991850584745407104e-02;-2.772256731986999512e-01
-6.127874851226806641e-01;1.544155776500701904e-01;-4.168681204319000244e-01
-6.127909421920776367e-01;1.731948852539062500e-01;-3.498513400554656982e-01
-3.661288022994995117e-01;1.813375949859619141e-02;-2.405733317136764526e-01
7.311337590217590332e-01;-3.871200084686279297e-01;3.040660023689270020e-01
7.928759455680847168e-01;-3.808183968067169189e-01;3.675070703029632568e-01
8.134130835533142090e-01;-4.198522865772247314e-01;2.673130929470062256e-01
6.460327506065368652e-01;-2.397301793098449707e-01;3.034848868846893311e-01
6.988722085952758789e-01;-1.271872520446777344e-01;2.942357063293457031e-01
8.021725416183471680e-01;-2.958123683929443359e-01;5.872082710266113281e-02
8.243088722229003906e-01;-2.602197229862213135e-01;2.322226613759994507e-01
7.668700218200683594e-01;-2.587475180625915527e-01;3.161628544330596924e-01
7.898703217506408691e-01;-2.187258452177047729e-01;3.172543942928314209e-01
8.271186947822570801e-01;-1.070157289505004883e-01;2.708063125610351562e-01
6.647128462791442871e-01;2.265299707651138306e-01;-3.964345455169677734e-01
8.271089792251586914e-01;8.718279004096984863e-02;-3.964322209358215332e-01
7.541998028755187988e-01;3.441703617572784424e-01;-3.964341282844543457e-01
8.258435130119323730e-01;3.798416256904602051e-01;-3.369847238063812256e-01
8.236666321754455566e-01;4.272808432579040527e-01;-3.728329241275787354e-01
6.994807720184326172e-01;3.585653901100158691e-01;-2.316534370183944702e-01
6.939344406127929688e-01;3.174981176853179932e-01;-9.970337152481079102e-02
7.553570866584777832e-01;3.617871403694152832e-01;-2.185083478689193726e-01
8.079879283905029297e-01;4.329565763473510742e-01;-1.655424982309341431e-01
7.421634197235107422e-01;4.326224923133850098e-01;-5.973848700523376465e-02
4.669661447405815125e-02;1.862950772047042847e-01;1.706638783216476440e-01
1.721992045640945435e-01;1.715871095657348633e-01;1.916428208351135254e-01
1.556784808635711670e-01;1.653265804052352905e-01;3.836410641670227051e-01
6.458681076765060425e-02;3.116247951984405518e-01;7.772406935691833496e-02
5.542107298970222473e-02;2.478856444358825684e-01;3.499930202960968018e-01
9.317313879728317261e-02;3.461668193340301514e-01;3.113787472248077393e-01
-9.225503355264663696e-02;4.240034222602844238e-01;3.704736530780792236e-01
9.344819188117980957e-02;4.241022467613220215e-01;1.606229543685913086e-01
3.002614676952362061e-01;3.572161197662353516e-01;3.475416898727416992e-01
2.604721784591674805e-01;3.800988495349884033e-01;3.700477480888366699e-01
-9.614318609237670898e-03;-3.479816317558288574e-01;-3.116472065448760986e-01
2.713674902915954590e-01;-3.520417809486389160e-01;-3.866561055183410645e-01
3.759189844131469727e-01;-4.141356050968170166e-01;-2.587753534317016602e-01
3.137435317039489746e-01;-3.808601498603820801e-01;-7.610285282135009766e-02
2.735662460327148438e-02;-2.213187515735626221e-01;-3.785434067249298096e-01
1.149249970912933350e-01;-1.211413443088531494e-01;-3.083517551422119141e-01
2.270136028528213501e-01;-1.242759823799133301e-01;-4.165198504924774170e-01
2.043913155794143677e-01;-1.124972701072692871e-01;-4.165642857551574707e-01
2.685905098915100098e-01;-2.689380645751953125e-01;-1.530647277832031250e-01
5.087054967880249023e-01;-2.053617686033248901e-01;-3.967160582542419434e-01
-6.024165749549865723e-01;1.849141567945480347e-01;2.095056325197219849e-01
-6.128057837486267090e-01;3.929311037063598633e-01;9.024745225906372070e-02
-6.128149628639221191e-01;4.236679077148437500e-01;7.809394598007202148e-02
-6.127899289131164551e-01;4.061886966228485107e-01;1.635547280311584473e-01
-6.128230094909667969e-01;3.170135915279388428e-01;3.500438630580902100e-01
-6.128104925155639648e-01;4.236304759979248047e-01;3.339203894138336182e-01
-6.128110289573669434e-01;4.235723614692687988e-01;3.255914747714996338e-01
-6.018413901329040527e-01;3.154821097850799561e-01;2.901651859283447266e-01
-5.261659026145935059e-01;3.532466292381286621e-01;2.985102832317352295e-01
-5.408065915107727051e-01;4.240383207798004150e-01;3.701418340206146240e-01
-1.608732044696807861e-01;3.370150327682495117e-01;-3.631650209426879883e-01
7.318166643381118774e-02;1.052044779062271118e-01;-2.295490950345993042e-01
2.206022152677178383e-03;3.019713163375854492e-01;-3.124008178710937500e-01
-1.603821963071823120e-01;2.779271900653839111e-01;-1.725600957870483398e-01
-3.993744403123855591e-02;3.156607151031494141e-01;-2.191349565982818604e-01
-3.570165485143661499e-02;3.510815501213073730e-01;-9.923899173736572266e-02
8.716762065887451172e-02;4.240161180496215820e-01;-2.242701798677444458e-01
-4.155366122722625732e-02;4.239967465400695801e-01;-1.680329591035842896e-01
4.154004901647567749e-02;4.240542352199554443e-01;-9.651735424995422363e-02
1.176987811923027039e-01;1.592694222927093506e-01;-2.034420967102050781e-01
6.850357055664062500e-01;-2.170372009277343750e-01;-3.061748743057250977e-01
7.073031067848205566e-01;-1.090003550052642822e-01;-7.047126442193984985e-02
8.153215646743774414e-01;-8.977811783552169800e-02;-1.249043792486190796e-01
7.036807537078857422e-01;-2.213903367519378662e-01;-1.790309697389602661e-02
8.021725416183471680e-01;-2.958123683929443359e-01;5.872082710266113281e-02
7.119368314743041992e-01;-6.028868257999420166e-03;-2.897612750530242920e-01
6.983823776245117188e-01;7.132514566183090210e-02;-2.767181992530822754e-01
6.336193680763244629e-01;2.435289323329925537e-03;-1.922070980072021484e-01
7.530338764190673828e-01;1.007846370339393616e-01;-2.922196686267852783e-01
8.180544376373291016e-01;-2.464028447866439819e-02;7.085733115673065186e-02
-6.127727627754211426e-01;-4.132733345031738281e-01;-2.932873368263244629e-01
-6.127647161483764648e-01;-3.763075768947601318e-01;-2.533177137374877930e-01
-6.127454638481140137e-01;-4.016707837581634521e-01;-1.904729604721069336e-01
-6.127678155899047852e-01;-4.056981801986694336e-01;-1.647758483886718750e-02
-6.127910614013671875e-01;-3.557129502296447754e-01;-4.078298807144165039e-02
-6.125865578651428223e-01;-4.070558249950408936e-01;5.304619669914245605e-03
-6.127716302871704102e-01;-3.057139217853546143e-01;-3.556939959526062012e-01
-6.127768754959106445e-01;-3.372017443180084229e-01;-1.233740374445915222e-01
-6.127884984016418457e-01;-2.535983920097351074e-01;-1.604412198066711426e-01
-4.556137025356292725e-01;-3.398523926734924316e-01;-3.073159754276275635e-01
6.018725633621215820e-01;-4.196460843086242676e-01;-3.722849488258361816e-01
7.451910972595214844e-01;-4.172818064689636230e-01;-3.797805607318878174e-01
5.453917980194091797e-01;-4.170634746551513672e-01;-2.043638378381729126e-01
7.858873009681701660e-01;-4.192421138286590576e-01;-2.841396927833557129e-01
7.856841683387756348e-01;-3.825888633728027344e-01;-9.918317198753356934e-02
7.179245948791503906e-01;-4.212506115436553955e-01;-5.603334307670593262e-02
5.087054967880249023e-01;-2.053617686033248901e-01;-3.967160582542419434e-01
5.233877897262573242e-01;-1.238749027252197266e-01;-3.317315280437469482e-01
6.850357055664062500e-01;-2.170371860265731812e-01;-3.061748743057250977e-01
5.597556233406066895e-01;-2.316287904977798462e-01;-2.306614369153976440e-01
-5.020524263381958008e-01;2.609316110610961914e-01;-3.838334083557128906e-01
-6.127832531929016113e-01;3.808090090751647949e-01;-4.071235358715057373e-01
-6.127979755401611328e-01;4.235222637653350830e-01;-4.169043898582458496e-01
-4.802570641040802002e-01;3.221420347690582275e-01;-3.450517654418945312e-01
-2.461129873991012573e-01;1.187584996223449707e-01;-4.168573021888732910e-01
-3.530763387680053711e-01;4.239307940006256104e-01;-4.169138073921203613e-01
-6.127762198448181152e-01;3.613945245742797852e-01;-2.722977697849273682e-01
-6.124689579010009766e-01;4.239061176776885986e-01;-3.084745407104492188e-01
-1.608732044696807861e-01;3.370150327682495117e-01;-3.631650209426879883e-01
-1.603821963071823120e-01;2.779271900653839111e-01;-1.725600957870483398e-01
-7.515288889408111572e-02;-2.273258268833160400e-01;1.798499226570129395e-01
-5.879251286387443542e-02;-3.255250155925750732e-01;3.908705413341522217e-01
-1.457072496414184570e-01;-5.267132446169853210e-02;1.190165877342224121e-01
-1.149892285466194153e-01;-8.844354748725891113e-02;1.651810854673385620e-01
-1.888695359230041504e-01;-9.524981677532196045e-02;3.705062270164489746e-01
-1.088935434818267822e-01;-7.198534160852432251e-02;3.705030977725982666e-01
-5.862449854612350464e-02;-3.919124975800514221e-02;2.750409841537475586e-01
-3.731602430343627930e-02;-5.383354052901268005e-02;3.120469152927398682e-01
-1.533648371696472168e-01;3.811832517385482788e-02;2.683941423892974854e-01
-1.301092207431793213e-01;1.655456423759460449e-01;3.869545161724090576e-01
-8.841598778963088989e-02;-4.135050773620605469e-01;-2.800664305686950684e-01
-1.081109344959259033e-01;-4.135156273841857910e-01;-1.554744690656661987e-01
-9.912426024675369263e-02;-3.461469113826751709e-01;-5.409654229879379272e-02
-6.009414792060852051e-03;-3.065133690834045410e-01;-9.120594710111618042e-03
-2.362395226955413818e-01;-4.134339392185211182e-01;4.279259592294692993e-02
-1.703995019197463989e-01;-4.134249687194824219e-01;8.312467485666275024e-02
-4.466129094362258911e-02;-4.134423732757568359e-01;1.274110376834869385e-01
-4.636909067630767822e-02;-1.339391767978668213e-01;-1.868583261966705322e-03
2.299026399850845337e-02;-4.135985672473907471e-01;-1.605074405670166016e-01
2.154500037431716919e-02;-2.480320930480957031e-01;-1.835950314998626709e-01
-2.824892401695251465e-01;4.240050017833709717e-01;-6.078527309000492096e-03
-2.315052747726440430e-01;3.156332969665527344e-01;5.764186382293701172e-02
-2.728982865810394287e-01;3.532528877258300781e-01;3.457223251461982727e-02
-2.130076438188552856e-01;3.153815269470214844e-01;2.336501330137252808e-02
-2.708441615104675293e-01;2.087395042181015015e-01;1.039177477359771729e-01
-1.892707347869873047e-01;3.896200060844421387e-01;1.480482816696166992e-01
-1.603821963071823120e-01;2.779271900653839111e-01;-1.725600957870483398e-01
-1.144669055938720703e-01;2.340153008699417114e-01;2.496138587594032288e-02
-1.610784679651260376e-01;3.523844480514526367e-01;1.395360231399536133e-01
-8.513727784156799316e-02;3.897049129009246826e-01;1.143299117684364319e-01
-6.127884984016418457e-01;-2.535983920097351074e-01;-1.604412198066711426e-01
-6.127938628196716309e-01;-1.992004960775375366e-01;-1.093921363353729248e-01
-6.127941608428955078e-01;-2.038497924804687500e-01;-1.043929085135459900e-01
-6.128004193305969238e-01;-1.834587901830673218e-01;8.621700108051300049e-03
-6.127978563308715820e-01;-8.297031372785568237e-02;-7.780645787715911865e-02
-6.128024458885192871e-01;-1.967498511075973511e-01;8.957271277904510498e-02
-6.127983331680297852e-01;6.923077255487442017e-02;-1.418490409851074219e-01
-6.128078103065490723e-01;9.712810069322586060e-02;6.334833800792694092e-03
-6.128051280975341797e-01;-1.556518673896789551e-02;6.723798811435699463e-02
-6.128062605857849121e-01;4.791118204593658447e-03;1.000030934810638428e-01
6.127455234527587891e-01;2.286665141582489014e-03;-3.261392116546630859e-01
5.353960394859313965e-01;8.457145839929580688e-02;-3.324002325534820557e-01
8.271089792251586914e-01;8.718278259038925171e-02;-3.964322209358215332e-01
6.336193680763244629e-01;2.435289323329925537e-03;-1.922070980072021484e-01
7.119368314743041992e-01;-6.028868257999420166e-03;-2.897612750530242920e-01
6.983823776245117188e-01;7.132514566183090210e-02;-2.767181992530822754e-01
7.530338764190673828e-01;1.007846295833587646e-01;-2.922196686267852783e-01
6.647128462791442871e-01;2.265299856662750244e-01;-3.964345455169677734e-01
7.541998028755187988e-01;3.441703617572784424e-01;-3.964341282844543457e-01
8.258435130119323730e-01;3.798416256904602051e-01;-3.369847238063812256e-01
-6.125865578651428223e-01;-4.070558249950408936e-01;5.304619669914245605e-03
-6.127678155899047852e-01;-4.056981801986694336e-01;-1.647759974002838135e-02
-6.127978563308715820e-01;-4.131904542446136475e-01;1.164386197924613953e-01
-5.279532670974731445e-01;-4.134223461151123047e-01;4.963387548923492432e-02
-6.127965450286865234e-01;-4.131772816181182861e-01;2.281329780817031860e-01
-6.127785444259643555e-01;-4.051835834980010986e-01;3.009448945522308350e-01
-6.128024458885192871e-01;-1.967498511075973511e-01;8.957271277904510498e-02
-6.127941608428955078e-01;-3.182972669601440430e-01;2.817298471927642822e-01
-6.128042340278625488e-01;-1.847579926252365112e-01;2.857996821403503418e-01
-4.664984345436096191e-01;-4.133531153202056885e-01;2.334718108177185059e-01
8.716762065887451172e-02;4.240161180496215820e-01;-2.242701798677444458e-01
2.980425357818603516e-01;4.242478907108306885e-01;-2.577302157878875732e-01
3.638662695884704590e-01;3.182437419891357422e-01;-3.450255692005157471e-01
4.022172391414642334e-01;3.535852730274200439e-01;-2.415898740291595459e-01
2.502628266811370850e-01;1.800265908241271973e-01;-1.572370529174804688e-01
2.254417985677719116e-01;2.180323153734207153e-01;-1.368130147457122803e-01
2.952066957950592041e-01;3.503926098346710205e-01;-1.389012336730957031e-01
2.302440553903579712e-01;4.242127239704132080e-01;-1.585233062505722046e-01
4.201758503913879395e-01;3.876274824142456055e-01;-2.996824383735656738e-01
4.571019411087036133e-01;4.250951409339904785e-01;-2.014401257038116455e-01
2.685905098915100098e-01;-2.689380645751953125e-01;-1.530647277832031250e-01
1.374436318874359131e-01;-1.692768037319183350e-01;-1.027268692851066589e-01
1.284427791833877563e-01;-1.736528575420379639e-01;6.442945450544357300e-03
2.201439887285232544e-01;-1.432886421680450439e-01;-3.718869388103485107e-02
9.566642343997955322e-02;-1.070409640669822693e-01;1.080204099416732788e-01
1.442715674638748169e-01;-2.811449170112609863e-01;9.429530799388885498e-02
2.891418933868408203e-01;-5.682942271232604980e-02;-2.401584088802337646e-01
2.278608828783035278e-01;-4.404129832983016968e-02;8.048964291810989380e-02
3.844402432441711426e-01;-1.041115820407867432e-01;-2.079079151153564453e-01
3.710740208625793457e-01;-2.308790534734725952e-01;-4.289974644780158997e-02
