6.165835261344909668e-01;2.003025263547897339e-01;-3.831357955932617188e-01
7.279984951019287109e-01;3.443634212017059326e-01;-3.831325173377990723e-01
7.734450697898864746e-01;1.064796149730682373e-01;-2.958620786666870117e-01
7.715908288955688477e-01;3.796711266040802002e-01;-2.933604717254638672e-01
7.732009887695312500e-01;4.096472859382629395e-01;-3.610850870609283447e-01
5.933928489685058594e-01;3.370708227157592773e-01;-1.301068514585494995e-01
7.492858171463012695e-01;3.110019862651824951e-01;-2.291865795850753784e-01
7.647756338119506836e-01;3.315296471118927002e-01;-1.638495773077011108e-01
7.587252855300903320e-01;4.172480404376983643e-01;-1.359275579452514648e-01
7.561385631561279297e-01;4.146166145801544189e-01;-5.301743745803833008e-02
-8.416909575462341309e-01;-3.691885769367218018e-01;-2.423498034477233887e-02
-7.114077210426330566e-01;-4.006796181201934814e-01;-1.423028111457824707e-02
-8.265527486801147461e-01;-4.005713164806365967e-01;2.544037401676177979e-01
-7.600686550140380859e-01;-3.800022006034851074e-01;2.550542354583740234e-01
-7.592713832855224609e-01;-1.806990355253219604e-01;5.130717158317565918e-02
-8.416354656219482422e-01;-1.945152729749679565e-01;3.264761567115783691e-01
-6.926986575126647949e-01;-1.772746592760086060e-01;2.055231034755706787e-01
-6.575848460197448730e-01;-3.297348618507385254e-01;2.376633882522583008e-02
-5.933623313903808594e-01;-4.005924463272094727e-01;1.193667799234390259e-01
-6.113654375076293945e-01;-3.461613655090332031e-01;2.455826550722122192e-01
-8.417522907257080078e-01;1.115634143352508545e-01;1.568180173635482788e-01
-7.283834218978881836e-01;8.944436907768249512e-02;1.370834559202194214e-01
-7.851096391677856445e-01;4.068264365196228027e-01;3.091014921665191650e-02
-8.416957259178161621e-01;3.908205628395080566e-01;1.618933677673339844e-01
-7.721927165985107422e-01;3.755576908588409424e-01;8.983019739389419556e-02
-7.002493143081665039e-01;4.069124460220336914e-01;2.744447886943817139e-01
-7.147715091705322266e-01;4.069236218929290771e-01;3.321433365345001221e-01
-5.980644822120666504e-01;2.828913331031799316e-01;9.007054567337036133e-02
-6.688666343688964844e-01;4.068334102630615234e-01;-8.517296612262725830e-02
-6.044865250587463379e-01;2.801261544227600098e-01;3.568542003631591797e-01
-6.169810295104980469e-01;-2.080818265676498413e-02;3.744167983531951904e-01
-6.202549934387207031e-01;1.339960843324661255e-01;3.569233417510986328e-01
-3.966958522796630859e-01;-1.082251816987991333e-01;2.362973392009735107e-01
-4.576027691364288330e-01;-1.651231199502944946e-03;3.569344282150268555e-01
-4.609375894069671631e-01;4.615719616413116455e-02;3.731545507907867432e-01
-3.471383154392242432e-01;1.058688163757324219e-01;3.358235657215118408e-01
-5.089032649993896484e-01;1.464406251907348633e-01;2.679571807384490967e-01
-5.947533249855041504e-01;1.995464116334915161e-01;3.029003441333770752e-01
-3.446770608425140381e-01;2.005073279142379761e-01;2.987976372241973877e-01
-2.846989631652832031e-01;-5.045048147439956665e-02;2.752596437931060791e-01
-8.399673104286193848e-01;-3.309219181537628174e-01;-4.017595946788787842e-01
-6.978013515472412109e-01;-3.797297477722167969e-01;-4.018496870994567871e-01
-8.417704105377197266e-01;-3.919664919376373291e-01;-1.712650656700134277e-01
-8.417540192604064941e-01;-3.869188129901885986e-01;-2.888057529926300049e-01
-7.477028965950012207e-01;-4.009225964546203613e-01;-1.936052143573760986e-01
-7.008539438247680664e-01;-3.037475049495697021e-01;-3.661835193634033203e-01
-7.616466879844665527e-01;-2.988081574440002441e-01;-1.776837408542633057e-01
-8.416909575462341309e-01;-3.691885769367218018e-01;-2.423498034477233887e-02
-8.418780565261840820e-01;-1.586871594190597534e-01;-2.909713685512542725e-01
-6.513065099716186523e-01;-3.006854057312011719e-01;-1.465236693620681763e-01
5.659993886947631836e-01;-2.281178236007690430e-01;-2.625244557857513428e-01
5.940862894058227539e-01;-2.657181620597839355e-01;-2.801905870437622070e-01
7.140773534774780273e-01;-1.397148668766021729e-01;-1.097289472818374634e-01
7.612633705139160156e-01;-2.942158877849578857e-01;-9.849903732538223267e-02
7.404895424842834473e-01;-3.706289082765579224e-02;-3.430100083351135254e-01
7.510851621627807617e-01;-1.963703930377960205e-01;-3.116903454065322876e-02
7.688166499137878418e-01;-1.217521503567695618e-01;-1.516827046871185303e-01
7.551799416542053223e-01;-1.350599676370620728e-01;9.957951307296752930e-02
6.940351724624633789e-01;2.828227728605270386e-02;-2.802163958549499512e-01
6.777511239051818848e-01;1.782365888357162476e-02;-1.312822997570037842e-01
-3.616097569465637207e-01;-3.664369881153106689e-01;-1.137768626213073730e-01
-1.649584323167800903e-01;-3.905872404575347900e-01;-4.022840261459350586e-01
-1.634055227041244507e-01;-3.868497312068939209e-01;-4.022857546806335449e-01
-9.716176986694335938e-02;-4.006018936634063721e-01;-2.776811420917510986e-01
-2.549079060554504395e-01;-4.006345272064208984e-01;-1.883648335933685303e-01
-3.290047049522399902e-01;-3.330800831317901611e-01;-3.175264596939086914e-02
-3.308366537094116211e-01;-1.871579438447952271e-01;-2.303784340620040894e-01
-2.255618870258331299e-01;-2.202740609645843506e-01;-2.977347970008850098e-01
-2.666568756103515625e-02;-4.006024897098541260e-01;-1.495839059352874756e-01
-4.380628466606140137e-02;-2.993325591087341309e-01;-1.499901115894317627e-01
-7.929139137268066406e-01;1.455088406801223755e-01;-4.019100368022918701e-01
-8.419232368469238281e-01;7.750776410102844238e-02;-2.923125624656677246e-01
-8.419923782348632812e-01;3.672079145908355713e-01;-3.952305316925048828e-01
-7.466205358505249023e-01;4.067622423171997070e-01;-2.793981730937957764e-01
-8.418731093406677246e-01;1.303861141204833984e-01;-1.498122662305831909e-01
-7.605398297309875488e-01;2.131885141134262085e-01;-1.443917751312255859e-01
-6.614907979965209961e-01;1.767193377017974854e-01;-3.358148634433746338e-01
-6.013195514678955078e-01;4.067718684673309326e-01;-4.021131992340087891e-01
-6.548652648925781250e-01;3.406941592693328857e-01;-2.524097263813018799e-01
-6.688666343688964844e-01;4.068334102630615234e-01;-8.517295122146606445e-02
3.407388329505920410e-01;-1.014748215675354004e-02;-4.020965695381164551e-01
3.972519636154174805e-01;1.354293078184127808e-01;-4.018636941909790039e-01
3.812026381492614746e-01;2.239352762699127197e-01;-3.355229496955871582e-01
5.570436120033264160e-01;1.188433021306991577e-01;-3.215993940830230713e-01
3.087833523750305176e-01;-2.314360439777374268e-02;-2.387697845697402954e-01
2.443872094154357910e-01;2.170619815587997437e-01;-2.344869673252105713e-01
4.339852631092071533e-01;6.889275461435317993e-02;-1.733838319778442383e-01
4.543129801750183105e-01;1.353391259908676147e-01;-1.934310942888259888e-01
4.233109652996063232e-01;3.368530571460723877e-01;-3.005423247814178467e-01
6.165835261344909668e-01;2.003025263547897339e-01;-3.831357955932617188e-01
-6.513065099716186523e-01;-3.006854057312011719e-01;-1.465236842632293701e-01
-6.575848460197448730e-01;-3.297348618507385254e-01;2.376634255051612854e-02
-7.287299633026123047e-01;-8.997059613466262817e-02;-1.264747977256774902e-01
-7.592713832855224609e-01;-1.806990355253219604e-01;5.130717530846595764e-02
-5.735692381858825684e-01;-2.336027920246124268e-01;-1.284107863903045654e-01
-5.673231482505798340e-01;-1.781378686428070068e-01;1.635054498910903931e-02
-6.028740406036376953e-01;-9.464911371469497681e-02;5.253469944000244141e-02
-4.460186362266540527e-01;-2.040498554706573486e-01;8.178228139877319336e-02
-6.926986575126647949e-01;-1.772746592760086060e-01;2.055231034755706787e-01
-5.789739489555358887e-01;-2.932949364185333252e-02;1.706300973892211914e-01
1.545689404010772705e-01;-4.006325006484985352e-01;1.213396191596984863e-01
1.720076203346252441e-01;-4.006676971912384033e-01;1.366970986127853394e-01
1.135251820087432861e-01;-3.309397995471954346e-01;3.065841794013977051e-01
3.499956130981445312e-01;-4.006918072700500488e-01;3.232125043869018555e-01
3.906650841236114502e-01;-4.007177352905273438e-01;3.725846707820892334e-01
2.999571263790130615e-01;-2.655781507492065430e-01;2.606557905673980713e-01
4.048078954219818115e-01;-2.316477000713348389e-01;1.931850165128707886e-01
4.436099529266357422e-01;-1.669305115938186646e-01;1.946581453084945679e-01
3.705968558788299561e-01;-1.980481147766113281e-01;3.330837786197662354e-01
4.781795442104339600e-01;-2.293334752321243286e-01;3.100528419017791748e-01
3.803640902042388916e-01;-4.010471701622009277e-01;-2.157338410615921021e-01
3.185445964336395264e-01;-3.694359958171844482e-01;-4.087403416633605957e-02
5.462328195571899414e-01;-3.339227735996246338e-01;-1.613010764122009277e-01
4.968020617961883545e-01;-4.016883373260498047e-01;-2.379998937249183655e-02
6.515078544616699219e-01;-4.040975868701934814e-01;3.025610372424125671e-02
2.997523546218872070e-01;-3.013856410980224609e-01;-1.209825128316879272e-01
4.251928031444549561e-01;-2.038149237632751465e-01;-6.100346148014068604e-02
4.048078954219818115e-01;-2.316477000713348389e-01;1.931850165128707886e-01
7.103253602981567383e-01;-4.064137041568756104e-01;-5.221667885780334473e-02
7.007857561111450195e-01;-3.329035639762878418e-01;6.661899387836456299e-02
-7.287299633026123047e-01;-8.997060358524322510e-02;-1.264747828245162964e-01
-8.417637944221496582e-01;-1.797597110271453857e-01;-2.032991871237754822e-02
-7.592713832855224609e-01;-1.806990355253219604e-01;5.130717530846595764e-02
-8.418731093406677246e-01;1.303861141204833984e-01;-1.498122662305831909e-01
-6.868534684181213379e-01;7.291896641254425049e-02;-1.467537581920623779e-01
-8.418005108833312988e-01;5.802039802074432373e-02;2.961451886221766472e-03
-7.653338909149169922e-01;-7.710097730159759521e-02;1.490715295076370239e-01
-8.417522907257080078e-01;1.115634143352508545e-01;1.568180173635482788e-01
-7.283834218978881836e-01;8.944437652826309204e-02;1.370834559202194214e-01
-7.605398297309875488e-01;2.131885141134262085e-01;-1.443917900323867798e-01
-5.947533249855041504e-01;1.995464116334915161e-01;3.029003441333770752e-01
-6.044865250587463379e-01;2.801261544227600098e-01;3.568542003631591797e-01
-7.002493143081665039e-01;4.069124460220336914e-01;2.744447886943817139e-01
-5.228244066238403320e-01;3.067985773086547852e-01;2.405642271041870117e-01
-7.147715091705322266e-01;4.069236218929290771e-01;3.321433365345001221e-01
-5.419300794601440430e-01;3.385941684246063232e-01;3.060159385204315186e-01
-5.089032649993896484e-01;1.464406251907348633e-01;2.679571807384490967e-01
-3.446770608425140381e-01;2.005073279142379761e-01;2.987976372241973877e-01
-4.862315952777862549e-01;4.069834649562835693e-01;3.568409979343414307e-01
-2.989826798439025879e-01;3.701420128345489502e-01;3.567609488964080811e-01
4.781795442104339600e-01;-2.293334603309631348e-01;3.100528419017791748e-01
4.436099529266357422e-01;-1.669305115938186646e-01;1.946581453084945679e-01
6.599633693695068359e-01;-2.324902117252349854e-01;2.916348278522491455e-01
7.731275558471679688e-01;-2.031970918178558350e-01;3.105905055999755859e-01
6.102639436721801758e-01;-7.358241826295852661e-02;3.213331699371337891e-01
7.733503580093383789e-01;-1.019933968782424927e-01;2.672747373580932617e-01
7.734597921371459961e-01;-1.247372329235076904e-01;3.007372319698333740e-01
4.617558717727661133e-01;8.746824413537979126e-02;3.342229127883911133e-01
5.853929519653320312e-01;6.196659058332443237e-02;2.614687085151672363e-01
5.770077109336853027e-01;1.027886345982551575e-01;2.471488863229751587e-01
-5.933623313903808594e-01;-4.005924463272094727e-01;1.193667799234390259e-01
-4.737954735755920410e-01;-4.005951583385467529e-01;4.774232208728790283e-02
-6.113654375076293945e-01;-3.461613655090332031e-01;2.455826550722122192e-01
-4.144126474857330322e-01;-4.004905819892883301e-01;2.249676436185836792e-01
-2.646377682685852051e-01;-4.004322588443756104e-01;2.315653860569000244e-01
-3.585520982742309570e-01;-2.610795199871063232e-01;2.162790596485137939e-01
-4.017392694950103760e-01;-1.954331248998641968e-01;3.379212617874145508e-01
-3.646650314331054688e-01;-2.707873284816741943e-01;3.570451736450195312e-01
-3.504191339015960693e-01;-2.633454799652099609e-01;4.056216180324554443e-01
-2.382029891014099121e-01;-2.615796923637390137e-01;1.952901333570480347e-01
-2.977750003337860107e-01;-2.126984000205993652e-01;-4.021931886672973633e-01
-2.255618870258331299e-01;-2.202740609645843506e-01;-2.977347970008850098e-01
-2.659897804260253906e-01;-8.443782478570938110e-02;-4.022433459758758545e-01
-1.634055227041244507e-01;-3.868497312068939209e-01;-4.022857546806335449e-01
-1.649584323167800903e-01;-3.905872404575347900e-01;-4.022840261459350586e-01
-1.335254758596420288e-01;-1.695115566253662109e-01;-4.023280739784240723e-01
-3.016325831413269043e-02;-1.976407021284103394e-01;-3.341932892799377441e-01
-1.787512600421905518e-01;-1.204421594738960266e-01;-2.163317352533340454e-01
-6.362283229827880859e-02;-1.396390944719314575e-01;-2.269171029329299927e-01
-2.303283512592315674e-01;-5.958551913499832153e-02;-4.022756218910217285e-01
6.124619245529174805e-01;6.070791184902191162e-02;5.047236010432243347e-02
5.444715023040771484e-01;2.347955852746963501e-01;1.289888024330139160e-01
6.777511239051818848e-01;1.782366633415222168e-02;-1.312822997570037842e-01
7.643296718597412109e-01;1.219430565834045410e-02;9.778165817260742188e-02
6.815125942230224609e-01;1.829223930835723877e-01;8.769951760768890381e-03
7.660344839096069336e-01;9.535095095634460449e-02;1.203749105334281921e-01
7.675256133079528809e-01;1.500247567892074585e-01;1.457537412643432617e-01
7.705966234207153320e-01;1.938487291336059570e-01;2.021375894546508789e-01
7.579464912414550781e-01;3.533799946308135986e-01;-5.647600442171096802e-02
7.571313381195068359e-01;2.799983322620391846e-01;1.455892622470855713e-01
1.476969271898269653e-01;1.353062093257904053e-01;2.643625736236572266e-01
2.219686806201934814e-01;1.981023699045181274e-01;1.323953717947006226e-01
1.282407641410827637e-01;1.919798702001571655e-01;3.730830550193786621e-01
1.627964228391647339e-01;2.217666059732437134e-01;3.014669716358184814e-01
6.359380483627319336e-02;3.364512324333190918e-01;2.677702307701110840e-01
3.819384276866912842e-01;2.095595002174377441e-01;1.956716775894165039e-01
3.857969343662261963e-01;1.357666552066802979e-01;3.372757136821746826e-01
3.439860045909881592e-01;3.340567350387573242e-01;1.302246898412704468e-01
3.383851647377014160e-01;3.403431475162506104e-01;2.481435537338256836e-01
2.865247428417205811e-01;3.647724390029907227e-01;3.560749590396881104e-01
