-4.546339511871337891e-01;-2.457015216350555420e-01;5.387912392616271973e-01
-3.970092236995697021e-01;3.723110854625701904e-01;5.035421252250671387e-01
-3.125580549240112305e-01;1.504823714494705200e-01;-3.932670652866363525e-01
-2.854588627815246582e-01;-1.107914894819259644e-01;4.121646881103515625e-01
-3.135730624198913574e-01;-5.617015063762664795e-02;-3.689015805721282959e-01
1.620154976844787598e-01;-3.009445779025554657e-02;5.428073927760124207e-03
-2.742404043674468994e-01;1.743932664394378662e-01;3.769346475601196289e-01
1.669816225767135620e-01;-1.838458180427551270e-01;3.284773975610733032e-02
1.640054285526275635e-01;2.504195272922515869e-01;2.401692047715187073e-02
-4.292005598545074463e-01;-4.083929955959320068e-01;-4.930168986320495605e-01
-2.494573593139648438e-01;2.120311707258224487e-01;4.011437892913818359e-01
1.897226274013519287e-01;-1.466211974620819092e-01;8.144385367631912231e-02
1.760437637567520142e-01;3.446814715862274170e-01;5.390047281980514526e-02
2.077245861291885376e-01;5.439564120024442673e-03;-7.539945095777511597e-02
-3.045365512371063232e-01;-4.641931653022766113e-01;-4.142593145370483398e-01
-2.298895716667175293e-01;-3.467646986246109009e-02;3.089929819107055664e-01
-2.536363303661346436e-01;-7.202494144439697266e-02;-4.402368366718292236e-01
-3.917477726936340332e-01;-4.821297526359558105e-01;4.588226974010467529e-01
-2.448623478412628174e-01;-2.733893096446990967e-01;-3.728491961956024170e-01
1.966471523046493530e-01;3.255735039710998535e-01;-6.424307078123092651e-02
1.906266957521438599e-01;-3.372993469238281250e-01;-5.242179334163665771e-02
1.706815361976623535e-01;4.416360855102539062e-01;1.327491272240877151e-02
-2.512933015823364258e-01;3.816588222980499268e-01;3.706592321395874023e-01
1.205364391207695007e-01;-3.020344115793704987e-02;-8.850357681512832642e-02
1.233866959810256958e-01;-1.257775723934173584e-01;-9.289702773094177246e-02
6.043197587132453918e-02;6.884037703275680542e-02;3.890777379274368286e-02
1.796158999204635620e-01;-4.283623993396759033e-01;-2.684048376977443695e-02
-2.093997448682785034e-01;2.831911146640777588e-01;-2.840469777584075928e-01
-2.470456212759017944e-01;2.913421392440795898e-02;-2.762923836708068848e-01
-4.369991421699523926e-01;4.536052942276000977e-01;5.106235146522521973e-01
1.893682628870010376e-01;-4.053702056407928467e-01;8.443729579448699951e-02
-3.392074108123779297e-01;-6.494928002357482910e-01;-4.265510141849517822e-01
5.046177655458450317e-02;-1.921999603509902954e-01;1.446464098989963531e-02
1.292341053485870361e-01;7.539824582636356354e-03;1.362968087196350098e-01
1.067012771964073181e-01;3.087998032569885254e-01;1.096968501806259155e-01
-2.572044134140014648e-01;3.320361971855163574e-01;4.368864893913269043e-01
2.148745357990264893e-01;2.820014655590057373e-01;-9.913773834705352783e-02
-2.339562773704528809e-01;-1.729656904935836792e-01;2.963772118091583252e-01
-7.175181061029434204e-02;1.459958031773567200e-02;2.291955500841140747e-01
-1.220933124423027039e-01;-1.471032798290252686e-01;2.763704955577850342e-01
2.660654857754707336e-02;5.403303727507591248e-02;1.336771845817565918e-01
-3.354150056838989258e-01;1.927161514759063721e-01;3.644942343235015869e-01
2.379289716482162476e-01;-7.508292198181152344e-01;-4.305359125137329102e-01
1.746774911880493164e-01;-5.153380632400512695e-01;1.651652902364730835e-02
-3.552328944206237793e-01;6.358211636543273926e-01;4.400893747806549072e-01
-9.732770733535289764e-03;-3.878584131598472595e-02;-1.609333008527755737e-01
2.232840210199356079e-01;-2.190908789634704590e-01;1.462289690971374512e-01
2.390406429767608643e-01;-7.487084269523620605e-01;4.707148969173431396e-01
-6.770691275596618652e-02;6.765481084585189819e-02;-2.049259692430496216e-01
2.380128949880599976e-01;7.737621068954467773e-01;-4.316508173942565918e-01
2.195174992084503174e-02;-1.765738874673843384e-01;1.296452730894088745e-01
-2.605023086071014404e-01;4.025106728076934814e-01;3.184819817543029785e-01
-3.335440754890441895e-01;5.849281549453735352e-01;4.801761507987976074e-01
-4.651528969407081604e-02;-1.379138231277465820e-01;-2.032925933599472046e-01
2.326566129922866821e-01;7.805995345115661621e-01;-4.132060706615447998e-01
1.698051840066909790e-01;4.606084153056144714e-02;1.683833748102188110e-01
-6.083896383643150330e-02;7.824435085058212280e-02;2.776206135749816895e-01
7.488714903593063354e-02;-5.346723794937133789e-01;4.411423206329345703e-02
8.326391875743865967e-02;5.363756418228149414e-01;-4.386723041534423828e-02
1.516300141811370850e-01;-2.489343285560607910e-01;-1.314602494239807129e-01
1.845237016677856445e-01;5.743825435638427734e-01;7.416100054979324341e-02
-3.759186267852783203e-01;-6.925159096717834473e-01;4.789158105850219727e-01
-3.166540563106536865e-01;6.542518734931945801e-01;3.906736373901367188e-01
2.013347893953323364e-01;5.259258747100830078e-01;-9.524202346801757812e-02
1.261757016181945801e-01;-4.072340726852416992e-01;-1.134822666645050049e-01
2.024614214897155762e-01;5.294495224952697754e-01;1.298766732215881348e-01
-2.812185883522033691e-01;-3.555781841278076172e-01;-2.801118195056915283e-01
-9.959509968757629395e-02;-3.662764132022857666e-01;-1.828902959823608398e-01
7.069427520036697388e-02;6.061313748359680176e-01;3.436549007892608643e-02
2.306686043739318848e-01;-7.627456784248352051e-01;-3.926714062690734863e-01
-8.923466503620147705e-02;-3.156337141990661621e-01;-1.592348366975784302e-01
1.987344473600387573e-01;-5.533155798912048340e-01;-9.242344647645950317e-02
2.315610349178314209e-01;7.853201031684875488e-01;4.228704571723937988e-01
-7.236613892018795013e-03;-3.815412819385528564e-01;-6.601952761411666870e-02
-4.632957279682159424e-01;2.749672718346118927e-02;4.722455739974975586e-01
-3.873320296406745911e-02;3.110439181327819824e-01;2.395802587270736694e-01
1.721306294202804565e-01;4.516226798295974731e-02;-1.519833505153656006e-01
2.243758291006088257e-01;7.560300827026367188e-01;4.496607482433319092e-01
9.317690879106521606e-02;-1.279809921979904175e-01;2.001067996025085449e-01
-3.605308756232261658e-02;3.964231908321380615e-01;5.656733363866806030e-02
4.745335131883621216e-02;3.781606256961822510e-01;-1.476491540670394897e-01
2.283179461956024170e-01;-7.677839398384094238e-01;4.134509861469268799e-01
-4.137207865715026855e-01;-6.172538399696350098e-01;4.694020748138427734e-01
2.277200371026992798e-01;-7.692262530326843262e-01;4.081933796405792236e-01
2.296410650014877319e-01;7.885279655456542969e-01;4.132216274738311768e-01
-4.141003191471099854e-01;-6.240642666816711426e-01;-4.352306723594665527e-01
-1.115592662245035172e-02;5.468944311141967773e-01;-3.044772334396839142e-02
-5.579102039337158203e-02;-1.191359013319015503e-01;7.880081236362457275e-02
1.330596059560775757e-01;-4.315030276775360107e-01;1.687920540571212769e-01
-8.634147047996520996e-02;-2.713822722434997559e-01;-1.047211810946464539e-01
-3.743274211883544922e-01;-6.936668157577514648e-01;-4.170948565006256104e-01
3.376385197043418884e-02;4.951944649219512939e-01;1.564322710037231445e-01
1.177051439881324768e-01;5.592064261436462402e-01;1.439177840948104858e-01
2.365060299634933472e-01;-2.501263618469238281e-01;1.899132877588272095e-01
2.274102568626403809e-01;7.886871695518493652e-01;-3.756731748580932617e-01
-3.190210759639739990e-01;7.269114255905151367e-01;4.253515601158142090e-01
-9.943524748086929321e-02;-1.094924211502075195e-01;-1.003530696034431458e-01
-1.907390505075454712e-01;5.356907248497009277e-01;-2.240712344646453857e-01
-2.392850369215011597e-01;4.765746891498565674e-01;-4.399344623088836670e-01
3.285584598779678345e-02;2.711314260959625244e-01;2.264422029256820679e-01
8.582730591297149658e-02;7.755631804466247559e-01;4.707123041152954102e-01
-1.253201216459274292e-01;-3.892582952976226807e-01;1.748675704002380371e-01
-2.892419397830963135e-01;-7.682266235351562500e-01;-4.428243637084960938e-01
-7.224255800247192383e-02;4.690490067005157471e-01;-1.933025270700454712e-01
2.427136301994323730e-01;-1.715335100889205933e-01;1.979082077741622925e-01
1.432862728834152222e-01;3.722265064716339111e-01;1.944189220666885376e-01
-7.678641472011804581e-03;1.971097290515899658e-01;2.701325714588165283e-01
-5.988428834825754166e-03;-5.828565955162048340e-01;9.227479994297027588e-02
-3.794274330139160156e-01;-1.158088743686676025e-01;-3.401704430580139160e-01
-3.597694039344787598e-01;-4.734076261520385742e-01;3.722153306007385254e-01
-1.915871649980545044e-01;3.172510266304016113e-01;-1.695135682821273804e-01
1.672883629798889160e-01;2.850532233715057373e-01;2.007599472999572754e-01
-3.994815796613693237e-02;-3.843118250370025635e-01;2.488051056861877441e-01
1.282686591148376465e-01;-5.730450153350830078e-01;1.562859565019607544e-01
-2.815564870834350586e-01;1.491777002811431885e-01;2.697109580039978027e-01
2.234135121107101440e-01;-7.760241627693176270e-01;3.838679790496826172e-01
1.123260036110877991e-01;7.805809974670410156e-01;-4.028738439083099365e-01
-3.307098150253295898e-01;7.873709201812744141e-01;4.813729226589202881e-01
-1.157345622777938843e-01;-5.012004971504211426e-01;-2.474695444107055664e-01
8.236303180456161499e-02;-7.592892646789550781e-01;4.425671994686126709e-01
2.385277003049850464e-01;-7.027246952056884766e-01;-4.175727963447570801e-01
2.193593382835388184e-01;7.255123257637023926e-01;-4.399463534355163574e-01
2.246039509773254395e-01;7.946275472640991211e-01;-3.591610789299011230e-01
1.097721680998802185e-01;-1.333447694778442383e-01;-1.914091855287551880e-01
-2.233060002326965332e-01;-4.308907780796289444e-03;2.116405069828033447e-01
2.252415418624877930e-01;7.946949601173400879e-01;3.903593122959136963e-01
2.324614673852920532e-01;-7.121678590774536133e-01;-3.740394711494445801e-01
-2.135693877935409546e-01;1.843332052230834961e-01;-1.825085729360580444e-01
7.458550482988357544e-02;5.156247615814208984e-01;-1.558079123497009277e-01
-5.624816939234733582e-02;-2.905526198446750641e-02;3.448482893873006105e-04
-2.390404790639877319e-01;-2.338633090257644653e-01;-4.398670494556427002e-01
-2.179672122001647949e-01;-6.348136067390441895e-01;-2.679802179336547852e-01
-3.593926876783370972e-02;-7.545176148414611816e-01;-4.399503171443939209e-01
1.972829848527908325e-01;-6.942014098167419434e-01;4.707117676734924316e-01
-3.475916087627410889e-01;-4.041178524494171143e-01;-3.098623752593994141e-01
-1.929692775011062622e-01;-7.647096514701843262e-01;4.707483947277069092e-01
-1.033393889665603638e-01;-1.930419653654098511e-01;3.726392090320587158e-01
2.236955016851425171e-01;7.966675758361816406e-01;3.828114569187164307e-01
-3.980537503957748413e-02;-9.456846117973327637e-02;3.176522552967071533e-01
-3.695813119411468506e-01;-4.687416180968284607e-02;-3.188558518886566162e-01
1.790820062160491943e-01;7.959313988685607910e-01;3.839006125926971436e-01
-9.425258263945579529e-03;-6.699153780937194824e-01;7.178116589784622192e-02
5.498051643371582031e-02;-5.470150709152221680e-01;1.863009929656982422e-01
1.839851140975952148e-01;-8.942857384681701660e-02;-1.903915703296661377e-01
-1.305173635482788086e-01;6.031831502914428711e-01;2.203855514526367188e-01
2.208878099918365479e-01;-7.773278951644897461e-01;-3.421691358089447021e-01
-1.596675664186477661e-01;7.328732311725616455e-02;-3.842227756977081299e-01
-1.486091017723083496e-01;-6.344215273857116699e-01;3.470622301101684570e-01
2.216286212205886841e-01;7.991648912429809570e-01;-3.427991569042205811e-01
1.096394881606101990e-01;5.187669992446899414e-01;2.080078274011611938e-01
-1.073914319276809692e-01;3.258581161499023438e-01;1.017020866274833679e-01
-1.127386987209320068e-01;7.810518145561218262e-01;-4.399485588073730469e-01
-3.796299993991851807e-01;7.765015959739685059e-01;-4.651893973350524902e-01
1.426245421171188354e-01;-5.511716008186340332e-01;2.145570218563079834e-01
-1.037922725081443787e-01;7.126359641551971436e-02;9.078598767518997192e-02
-9.337279200553894043e-02;6.086967587471008301e-01;-2.164933681488037109e-01
-2.004939131438732147e-02;-3.207772225141525269e-02;-2.858081758022308350e-01
1.285008341073989868e-01;-4.221411794424057007e-02;-2.085361182689666748e-01
1.908224523067474365e-01;5.960521753877401352e-03;-2.053562998771667480e-01
1.382182724773883820e-02;-7.629977464675903320e-01;4.290980398654937744e-01
-1.640605777502059937e-01;2.299003601074218750e-01;-3.901189267635345459e-01
2.346944510936737061e-01;4.460151791572570801e-01;2.375319153070449829e-01
2.252291142940521240e-01;5.970456004142761230e-01;-2.276024818420410156e-01
5.386169999837875366e-02;-7.975099235773086548e-02;2.725844383239746094e-01
-7.134026288986206055e-02;6.763519048690795898e-01;9.904576092958450317e-02
1.817036420106887817e-01;-7.175909876823425293e-01;6.081144139170646667e-02
-1.806376278400421143e-01;7.339898943901062012e-01;3.708910048007965088e-01
-1.754811406135559082e-01;-3.910311758518218994e-01;4.234519600868225098e-01
1.819449067115783691e-01;3.249328434467315674e-01;-2.095612436532974243e-01
-1.601788997650146484e-01;1.456110477447509766e-01;-3.940546810626983643e-01
2.126486897468566895e-01;-6.822496056556701660e-01;-2.073238790035247803e-01
1.183755844831466675e-01;7.406249642372131348e-01;-1.089913696050643921e-01
-4.711804911494255066e-02;-8.004518151283264160e-01;7.665973901748657227e-02
-2.792209684848785400e-01;2.741917967796325684e-01;-2.072754502296447754e-01
9.256812930107116699e-02;-7.474916577339172363e-01;-5.636625364422798157e-02
1.781155914068222046e-01;7.529885768890380859e-01;-5.584376864135265350e-03
1.702736914157867432e-01;-7.840014100074768066e-01;3.474450409412384033e-01
-1.554770618677139282e-01;-6.764192134141921997e-02;-3.903427124023437500e-01
-1.138160452246665955e-01;4.467027261853218079e-02;-5.865925177931785583e-02
2.463417947292327881e-01;-2.554022669792175293e-01;-2.081947624683380127e-01
6.146956235170364380e-02;1.898541152477264404e-01;-2.438702285289764404e-01
2.184745073318481445e-01;8.067898154258728027e-01;3.516014814376831055e-01
-1.122419163584709167e-01;-7.142036557197570801e-01;-1.985607296228408813e-02
1.854475736618041992e-01;4.375083744525909424e-02;2.487056553363800049e-01
1.881767958402633667e-01;1.628481447696685791e-01;-2.121943235397338867e-01
2.246695905923843384e-01;-6.314719915390014648e-01;2.895764410495758057e-01
2.307305783033370972e-01;-5.557651519775390625e-01;2.850034236907958984e-01
-2.323651313781738281e-01;-6.973385810852050781e-01;2.604352533817291260e-01
-1.117156445980072021e-01;-5.670030713081359863e-01;-2.647440694272518158e-02
-1.223388761281967163e-01;7.989186048507690430e-01;-7.280648499727249146e-02
-1.158145144581794739e-01;1.765130013227462769e-01;7.297321408987045288e-02
1.906559169292449951e-01;1.203149706125259399e-01;2.515071332454681396e-01
1.743206679821014404e-01;7.368159294128417969e-01;-3.252395391464233398e-01
-2.690940499305725098e-01;-7.689937353134155273e-01;-3.065304756164550781e-01
-1.200512647628784180e-01;-7.019558548927307129e-01;3.717233538627624512e-01
-1.405001133680343628e-01;7.241400480270385742e-01;4.375155866146087646e-01
2.166649550199508667e-01;8.098886609077453613e-01;3.408455252647399902e-01
-1.144820600748062134e-01;7.322803735733032227e-01;1.420087814331054688e-01
4.351011663675308228e-02;-6.887573003768920898e-01;-1.443955600261688232e-01
-1.631612777709960938e-01;6.624904870986938477e-01;1.532332599163055420e-01
-4.440349340438842773e-01;-2.597025930881500244e-01;-4.981197714805603027e-01
-3.642959296703338623e-01;2.578578293323516846e-01;-4.607491195201873779e-01
-4.356678128242492676e-01;3.886142373085021973e-01;-4.948755204677581787e-01
-3.298946619033813477e-01;-3.545389175415039062e-01;-4.494183063507080078e-01
-3.683771193027496338e-01;1.512954011559486389e-03;4.280137121677398682e-01
-3.051566779613494873e-01;2.560493946075439453e-01;3.952300250530242920e-01
1.671989709138870239e-01;1.440459042787551880e-01;6.898539513349533081e-02
1.293845921754837036e-01;-1.680411100387573242e-01;2.805405296385288239e-02
1.242881417274475098e-01;1.706786453723907471e-01;2.107993513345718384e-02
1.339420825242996216e-01;-1.036170125007629395e-01;-3.774818032979965210e-02
1.112488731741905212e-01;1.043909043073654175e-01;1.813927083276212215e-03
1.142372712492942810e-01;-1.266535222530364990e-01;6.737302523106336594e-03
1.184096634387969971e-01;1.365583986043930054e-01;-1.691564731299877167e-02
1.954363733530044556e-01;-9.222874790430068970e-02;9.729551523923873901e-02
1.659897714853286743e-01;2.946801781654357910e-01;7.288817316293716431e-02
1.937176734209060669e-01;5.656766705214977264e-03;-8.275628089904785156e-02
2.104131132364273071e-01;-4.414772242307662964e-02;1.179498508572578430e-01
1.631253808736801147e-01;-2.495196759700775146e-01;-6.676018983125686646e-02
-3.871185779571533203e-01;-3.154077231884002686e-01;4.338165819644927979e-01
1.130789592862129211e-01;-3.568007647991180420e-01;-8.977176621556282043e-03
1.100244447588920593e-01;3.656647205352783203e-01;-1.703829504549503326e-02
-1.928653717041015625e-01;-1.894518584012985229e-01;3.571484684944152832e-01
-3.965883851051330566e-01;3.353394269943237305e-01;4.396605491638183594e-01
-2.573056221008300781e-01;-4.546627700328826904e-01;3.762954175472259521e-01
2.161646485328674316e-01;-2.170268744230270386e-01;1.333986669778823853e-01
1.957114934921264648e-01;2.482426911592483521e-01;-9.827533364295959473e-02
-2.574836611747741699e-01;4.605460464954376221e-01;3.763111829757690430e-01
2.175870090723037720e-01;-4.405471682548522949e-02;-1.114211231470108032e-01
-1.505666673183441162e-01;7.465350627899169922e-02;3.459167182445526123e-01
2.393354177474975586e-01;-7.525704503059387207e-01;-4.258504509925842285e-01
1.358952224254608154e-01;-5.028757452964782715e-01;4.842922464013099670e-02
1.182185634970664978e-01;5.358194708824157715e-01;3.114798106253147125e-02
-4.029328525066375732e-01;-4.488166868686676025e-01;4.399771094322204590e-01
2.125368863344192505e-01;-2.187744826078414917e-01;-1.177253052592277527e-01
1.807984858751296997e-01;-4.667479991912841797e-01;1.065074503421783447e-01
2.407586276531219482e-01;7.700992822647094727e-01;-4.399440586566925049e-01
1.081356853246688843e-01;-5.310518741607666016e-01;-2.392851375043392181e-02
2.327891588211059570e-01;7.838214635848999023e-01;-4.033470153808593750e-01
-2.693980634212493896e-01;-4.329997003078460693e-01;-4.408116042613983154e-01
-3.539218306541442871e-01;-7.125866413116455078e-01;-4.557156860828399658e-01
1.845549345016479492e-01;4.227095544338226318e-01;-1.092901080846786499e-01
2.364238947629928589e-01;7.701447010040283203e-01;-4.069858491420745850e-01
2.178921550512313843e-01;3.457384705543518066e-01;1.570059210062026978e-01
1.835319846868515015e-01;7.763822078704833984e-01;-4.199055433273315430e-01
2.123598903417587280e-01;-2.937493622303009033e-01;-1.302796900272369385e-01
2.352119237184524536e-01;-7.607722282409667969e-01;-3.990075886249542236e-01
1.902223676443099976e-01;7.603166103363037109e-01;-4.399440586566925049e-01
1.708140224218368530e-01;-4.891742467880249023e-01;-1.059991270303726196e-01
1.761737167835235596e-01;5.493535995483398438e-01;1.099090799689292908e-01
2.085522115230560303e-01;7.763587236404418945e-01;-4.185167551040649414e-01
2.213847190141677856e-01;-3.566514253616333008e-01;1.684249341487884521e-01
1.959759294986724854e-01;-4.979458451271057129e-01;1.381375193595886230e-01
2.348875552415847778e-01;2.205616533756256104e-01;1.745430976152420044e-01
9.689002484083175659e-02;6.226149797439575195e-01;-1.206361036747694016e-02
1.546296179294586182e-01;-7.497709989547729492e-01;-4.336240887641906738e-01
1.370325684547424316e-01;-6.103963255882263184e-01;6.565926223993301392e-02
2.284679859876632690e-01;2.559609115123748779e-01;-1.506756842136383057e-01
-8.126621693372726440e-02;-9.802173823118209839e-02;3.330755829811096191e-01
2.424370795488357544e-01;-7.020505666732788086e-01;-4.399451911449432373e-01
1.399749964475631714e-01;-7.627949714660644531e-01;-3.932950198650360107e-01
2.289070039987564087e-01;-7.537534832954406738e-01;-3.712801933288574219e-01
2.181132733821868896e-01;4.291582107543945312e-01;-1.715660095214843750e-01
4.256818816065788269e-02;7.743270993232727051e-01;-4.399497807025909424e-01
2.342884540557861328e-01;7.267175912857055664e-01;-3.829417228698730469e-01
-4.319077432155609131e-01;6.347499489784240723e-01;-4.944895803928375244e-01
2.300854176282882690e-01;7.949939966201782227e-01;-3.589632511138916016e-01
9.824741631746292114e-02;-6.811833381652832031e-01;2.050000615417957306e-02
2.278108745813369751e-01;-4.077743291854858398e-01;2.090625911951065063e-01
-3.141974210739135742e-01;-7.097958326339721680e-01;3.904669582843780518e-01
-2.353438735008239746e-01;-7.025327086448669434e-01;-4.401786625385284424e-01
2.328660488128662109e-01;-7.046474814414978027e-01;-3.732639551162719727e-01
2.178972363471984863e-01;5.405797362327575684e-01;2.119178324937820435e-01
9.928785264492034912e-02;7.061454653739929199e-01;-5.101653188467025757e-02
9.004535526037216187e-02;-6.960194706916809082e-01;-1.408674987033009529e-03
-1.434659510850906372e-01;-7.658858895301818848e-01;-4.152287542819976807e-01
1.418080925941467285e-01;-6.646500229835510254e-01;-1.076453626155853271e-01
-7.858290523290634155e-02;3.302873969078063965e-01;3.349964618682861328e-01
6.898011267185211182e-02;-7.649980187416076660e-01;-3.853803277015686035e-01
6.382074952125549316e-02;-7.238944172859191895e-01;-4.399496316909790039e-01
-1.284742951393127441e-01;5.749115943908691406e-01;3.487462997436523438e-01
1.363922357559204102e-01;7.275615930557250977e-01;8.600166440010070801e-02
1.958439201116561890e-01;-7.594597935676574707e-01;3.617556095123291016e-01
-8.724664896726608276e-02;8.106322288513183594e-01;1.218292396515607834e-02
-9.347716718912124634e-02;-4.357804656028747559e-01;3.419093787670135498e-01
2.051006108522415161e-01;-5.975973606109619141e-01;-2.105042934417724609e-01
-6.821937114000320435e-02;-2.673846185207366943e-01;3.350151777267456055e-01
9.388925135135650635e-02;-7.307829260826110840e-01;-5.188551917672157288e-02
2.255498021841049194e-01;7.537410259246826172e-01;3.560587167739868164e-01
-1.293464004993438721e-01;7.900461554527282715e-01;-4.029442667961120605e-01
2.343360781669616699e-01;-3.603623211383819580e-01;-2.074235677719116211e-01
1.570800393819808960e-01;7.155835032463073730e-01;-1.439896225929260254e-01
-1.806681230664253235e-02;8.306911587715148926e-01;8.585562556982040405e-02
4.316537524573504925e-04;8.383151888847351074e-01;4.052128642797470093e-02
5.677777528762817383e-02;7.872190475463867188e-01;-3.782705962657928467e-01
7.709417026489973068e-03;8.400381207466125488e-01;-9.529397822916507721e-03
2.255963832139968872e-01;-5.593544840812683105e-01;2.663959860801696777e-01
-6.067671254277229309e-02;-7.967196106910705566e-01;-1.042137388139963150e-02
-3.483338057994842529e-01;7.843010425567626953e-01;-3.704161345958709717e-01
-4.395451545715332031e-01;-7.481111288070678711e-01;-4.971214234828948975e-01
-6.150204315781593323e-02;-7.961396574974060059e-01;7.010698318481445312e-02
