-3.529826104640960693e-01;-1.443396061658859253e-01;-5.753075480461120605e-01
-3.374591469764709473e-01;6.062685698270797729e-02;-5.734404325485229492e-01
-3.169364035129547119e-01;1.518641710281372070e-01;5.742674469947814941e-01
-3.190262317657470703e-01;1.830076873302459717e-01;-5.283825397491455078e-01
-3.703055679798126221e-01;-2.698041796684265137e-01;-5.889635682106018066e-01
-3.107867836952209473e-01;-3.169765472412109375e-01;-5.610697865486145020e-01
-3.245602250099182129e-01;-4.414961338043212891e-01;-5.645777583122253418e-01
-2.866564393043518066e-01;5.491729080677032471e-02;5.312855839729309082e-01
2.310433834791183472e-01;1.085058134049177170e-02;2.271997183561325073e-02
-2.692834734916687012e-01;-9.893980622291564941e-02;-5.517036914825439453e-01
-3.763033747673034668e-01;1.736960411071777344e-01;5.663601756095886230e-01
-2.835231125354766846e-01;-3.413009345531463623e-01;5.280124545097351074e-01
-3.702878654003143311e-01;3.246618807315826416e-01;5.972665548324584961e-01
-3.339576423168182373e-01;4.655655324459075928e-01;5.487793087959289551e-01
-2.314831316471099854e-01;-7.259525358676910400e-02;-4.658835530281066895e-01
-3.627707660198211670e-01;1.056965440511703491e-01;-5.467645525932312012e-01
-3.771455883979797363e-01;3.118592202663421631e-01;-5.601680278778076172e-01
-2.462507486343383789e-01;1.275121271610260010e-01;-5.076916813850402832e-01
-2.902002036571502686e-01;4.207091927528381348e-01;-5.169528722763061523e-01
2.334551513195037842e-01;2.706193625926971436e-01;-2.152952365577220917e-02
-3.378068208694458008e-01;-3.286795318126678467e-01;5.155214667320251465e-01
-2.287788987159729004e-01;2.429840415716171265e-01;5.143809914588928223e-01
1.639406532049179077e-01;-1.090816184878349304e-01;3.030802868306636810e-02
1.558775603771209717e-01;6.601160764694213867e-02;-1.615496352314949036e-02
1.709087789058685303e-01;-1.183822602033615112e-01;-6.301838904619216919e-02
1.608054339885711670e-01;1.008766293525695801e-01;-6.853771954774856567e-02
-1.980642676353454590e-01;-2.555389888584613800e-02;3.905856013298034668e-01
-1.630623489618301392e-01;1.448791623115539551e-01;4.179889261722564697e-01
-2.514752745628356934e-01;-5.171179175376892090e-01;-5.100881457328796387e-01
-2.732894718647003174e-01;6.000790596008300781e-01;5.649210214614868164e-01
-3.526688814163208008e-01;-2.158029675483703613e-01;5.141386389732360840e-01
-3.742968440055847168e-01;5.668219923973083496e-01;-5.525362491607666016e-01
2.435218691825866699e-01;-1.940990090370178223e-01;-9.605724364519119263e-02
2.358757704496383667e-01;-4.140758514404296875e-01;-3.281744942069053650e-02
1.702162772417068481e-01;-3.150165379047393799e-01;-2.622128278017044067e-02
-7.086376845836639404e-02;5.473782122135162354e-02;-2.750876843929290771e-01
1.664609313011169434e-01;-7.506441324949264526e-02;-1.092518568038940430e-01
-2.013739049434661865e-01;-3.724745213985443115e-01;4.269855022430419922e-01
2.394198775291442871e-01;3.628703951835632324e-01;-6.800360232591629028e-02
1.573434174060821533e-01;2.902798652648925781e-01;4.643012210726737976e-02
1.710610389709472656e-01;2.728295326232910156e-01;9.900934249162673950e-02
-2.299562394618988037e-01;3.792321979999542236e-01;-5.010991692543029785e-01
2.370493710041046143e-01;4.436218440532684326e-01;-4.586451500654220581e-02
-1.254544258117675781e-01;-2.417255640029907227e-01;3.262689113616943359e-01
-3.071939051151275635e-01;-4.764734953641891479e-02;4.637512564659118652e-01
-1.258886903524398804e-01;2.030660957098007202e-01;3.321386277675628662e-01
1.655250191688537598e-01;-3.170640766620635986e-01;-7.451882958412170410e-02
-3.926800191402435303e-01;5.930327177047729492e-01;-6.002814769744873047e-01
-1.753374636173248291e-01;3.171519935131072998e-01;4.637508094310760498e-01
-2.874341094866394997e-03;-7.953681796789169312e-02;-2.273393273353576660e-01
-1.300426274538040161e-01;3.478100290521979332e-03;3.086405694484710693e-01
-3.029380440711975098e-01;5.555003881454467773e-01;5.018437504768371582e-01
-6.826160848140716553e-02;2.115705162286758423e-01;2.776582241058349609e-01
1.744717806577682495e-01;-4.413731694221496582e-01;-3.647601231932640076e-02
-1.202714815735816956e-01;-1.718470007181167603e-01;-3.956186175346374512e-01
2.488527595996856689e-01;6.641963124275207520e-02;1.502762138843536377e-01
2.423968762159347534e-01;3.858494460582733154e-01;1.162555888295173645e-01
-3.447455465793609619e-01;4.191460311412811279e-01;5.130608081817626953e-01
9.649753570556640625e-02;-1.906485706567764282e-01;8.492615073919296265e-02
2.341445237398147583e-01;5.393532514572143555e-01;2.148157730698585510e-02
-6.358859688043594360e-02;8.523540198802947998e-02;2.414395660161972046e-01
1.732018142938613892e-01;-3.678711950778961182e-01;1.208676919341087341e-01
-2.761882543563842773e-01;2.701266407966613770e-01;-4.016738831996917725e-01
-2.439767569303512573e-01;4.961807131767272949e-01;4.416615366935729980e-01
-3.206158280372619629e-01;-1.714116930961608887e-01;-4.479157328605651855e-01
-3.553795516490936279e-01;-4.483578205108642578e-01;-4.965884387493133545e-01
-2.205879539251327515e-01;-1.597636491060256958e-01;-5.475777387619018555e-01
-3.286493122577667236e-01;6.749984025955200195e-01;-5.654309988021850586e-01
-1.078485697507858276e-01;-3.385512530803680420e-02;-3.961919844150543213e-01
2.488293051719665527e-01;-1.552100479602813721e-01;1.527380347251892090e-01
1.670051664113998413e-01;-4.350300133228302002e-01;9.651006758213043213e-02
1.139183044433593750e-01;-2.621995508670806885e-01;-1.066656634211540222e-01
6.634941697120666504e-02;1.941828876733779907e-01;-1.608874499797821045e-01
-1.519353538751602173e-01;-4.099993705749511719e-01;3.330846726894378662e-01
2.477988898754119873e-01;2.670489847660064697e-01;1.514754444360733032e-01
-4.144673293922096491e-04;8.812972158193588257e-02;1.707696318626403809e-01
-6.970716267824172974e-02;-1.100308075547218323e-01;-2.161420136690139771e-01
-2.383733838796615601e-01;-4.948884546756744385e-01;4.164754450321197510e-01
8.479955792427062988e-02;-1.946632713079452515e-01;-5.739184562116861343e-03
-2.471235245466232300e-01;-6.810202002525329590e-01;-5.495407581329345703e-01
-3.869204819202423096e-01;-3.853020966053009033e-01;-5.190414786338806152e-01
-1.989631541073322296e-02;-9.715429693460464478e-02;1.840093880891799927e-01
-2.179231494665145874e-01;5.665426850318908691e-01;-5.167980790138244629e-01
1.133160442113876343e-01;-2.913825511932373047e-01;1.784205585718154907e-01
9.531823545694351196e-02;-3.443754613399505615e-01;-3.491956740617752075e-02
-7.321473211050033569e-02;-2.911525964736938477e-01;-2.338773608207702637e-01
-1.967223733663558960e-01;-1.195565611124038696e-01;5.591998696327209473e-01
-4.136002659797668457e-01;-6.637215614318847656e-01;6.232243180274963379e-01
1.213290262967348099e-02;-2.468148469924926758e-01;2.946398854255676270e-01
-9.571484476327896118e-02;3.094803690910339355e-01;-2.379939109086990356e-01
-1.933108121156692505e-01;5.782021284103393555e-01;-4.565840363502502441e-01
6.836488842964172363e-02;1.029072627425193787e-01;-2.413946092128753662e-01
-3.006118834018707275e-01;-5.406309366226196289e-01;-4.503859877586364746e-01
-4.222068935632705688e-02;-2.271021753549575806e-01;-3.363694250583648682e-01
3.060171939432621002e-02;6.825561821460723877e-02;2.997467815876007080e-01
-1.359088569879531860e-01;2.209926247596740723e-01;-4.436582326889038086e-01
1.943224072456359863e-01;3.680218756198883057e-01;-1.438134014606475830e-01
-4.215314686298370361e-01;3.758665919303894043e-01;6.293982863426208496e-01
1.899350881576538086e-01;1.573598384857177734e-01;-1.783700883388519287e-01
1.698469668626785278e-01;-4.838151335716247559e-01;1.401490718126296997e-01
-3.379279673099517822e-01;-6.731828451156616211e-01;-5.157006382942199707e-01
3.779248148202896118e-02;-2.966249585151672363e-01;1.144840121269226074e-01
1.235311776399612427e-01;-3.539523780345916748e-01;2.015212625265121460e-01
-2.035852074623107910e-01;-4.970423281192779541e-01;5.593494176864624023e-01
2.322623431682586670e-01;6.726947426795959473e-01;1.075586583465337753e-02
1.344850063323974609e-01;2.306098043918609619e-01;2.260067462921142578e-01
2.306021898984909058e-01;-7.082058191299438477e-01;6.432079710066318512e-03
2.306367158889770508e-01;7.039561271667480469e-01;-4.948971327394247055e-03
2.350437343120574951e-01;-6.676754355430603027e-01;5.792206898331642151e-02
2.323118299245834351e-01;-7.067458629608154297e-01;-2.533935569226741791e-02
-1.656391285359859467e-02;3.108831644058227539e-01;1.736124157905578613e-01
-4.093984514474868774e-02;3.169174194335937500e-01;-3.433511853218078613e-01
2.325663566589355469e-01;-7.072570323944091797e-01;5.009157583117485046e-02
-2.358068823814392090e-01;-6.784018278121948242e-01;4.479010999202728271e-01
2.317886054515838623e-01;7.027992010116577148e-01;-3.820143267512321472e-02
-1.749724447727203369e-01;5.001968145370483398e-01;3.313961029052734375e-01
1.992887109518051147e-01;7.016538381576538086e-01;3.088913671672344208e-02
9.170849621295928955e-02;5.106818675994873047e-01;7.461193203926086426e-02
2.335453182458877563e-01;-7.062624692916870117e-01;6.184324249625205994e-02
-2.339266389608383179e-01;6.759120821952819824e-01;-4.380032420158386230e-01
-5.026846006512641907e-02;5.094811320304870605e-01;3.049055039882659912e-01
1.830624788999557495e-01;5.396819710731506348e-01;-1.204749047756195068e-01
2.241906672716140747e-01;-7.007084488868713379e-01;-4.823578521609306335e-02
-2.476154118776321411e-01;6.697509288787841797e-01;4.062672853469848633e-01
3.009827807545661926e-02;3.170573711395263672e-01;3.019295334815979004e-01
4.745452478528022766e-02;4.819489717483520508e-01;1.693712174892425537e-01
-2.641344964504241943e-01;4.961718022823333740e-01;-3.785209953784942627e-01
2.103841006755828857e-01;7.007250189781188965e-01;7.722249627113342285e-02
2.242121994495391846e-01;6.977899670600891113e-01;-5.966337025165557861e-02
4.285682365298271179e-02;-4.330728650093078613e-01;-1.126249209046363831e-01
-2.312186546623706818e-02;-1.721732467412948608e-01;-1.188497915863990784e-01
2.486888319253921509e-01;4.710212051868438721e-01;1.705100387334823608e-01
-4.564593136310577393e-01;-1.141395643353462219e-01;6.406283378601074219e-01
2.186443358659744263e-01;-6.946165561676025391e-01;9.750608354806900024e-02
1.951686441898345947e-01;-7.032502293586730957e-01;8.921854197978973389e-02
9.754669666290283203e-02;-5.701052546501159668e-01;8.261749148368835449e-02
2.368264943361282349e-01;-7.032914161682128906e-01;-8.249203115701675415e-02
1.930349916219711304e-01;7.540580630302429199e-02;-1.998621672391891479e-01
8.434442430734634399e-02;4.465483427047729492e-01;-2.135814577341079712e-01
-2.678883820772171021e-02;-2.834838330745697021e-01;1.455132812261581421e-01
-2.158196568489074707e-01;-9.264361113309860229e-02;-2.978329360485076904e-01
-1.332159787416458130e-01;-6.229669451713562012e-01;3.506657779216766357e-01
2.529250383377075195e-01;-2.541834414005279541e-01;1.997946947813034058e-01
1.809038072824478149e-01;6.591787338256835938e-01;-7.495484501123428345e-02
-1.242443025112152100e-01;6.182860732078552246e-01;3.966119587421417236e-01
2.543110549449920654e-01;-1.189565882086753845e-01;1.986139416694641113e-01
3.458989411592483521e-02;-3.394991159439086914e-01;3.110182881355285645e-01
1.356031447649002075e-01;-2.450211644172668457e-01;-2.278690487146377563e-01
-8.136263489723205566e-02;6.162680685520172119e-02;-1.562296003103256226e-01
2.264905422925949097e-01;6.954597234725952148e-01;-8.902458846569061279e-02
2.384506165981292725e-01;6.991933584213256836e-01;1.185217574238777161e-01
1.905835419893264771e-01;-7.010450959205627441e-01;-8.771926909685134888e-02
2.390358597040176392e-01;-7.019011378288269043e-01;-1.055207028985023499e-01
-1.156979054212570190e-01;9.225016832351684570e-02;-1.895589232444763184e-01
1.866611540317535400e-01;3.411698341369628906e-01;2.167282402515411377e-01
5.714121833443641663e-02;4.997006952762603760e-01;2.274823337793350220e-01
1.455703824758529663e-01;1.298383027315139771e-01;2.556786537170410156e-01
7.825846970081329346e-02;-5.866788029670715332e-01;1.241427809000015259e-01
2.551706433296203613e-01;-1.828714460134506226e-01;-1.874807626008987427e-01
-1.199703365564346313e-01;2.592897713184356689e-01;2.265919744968414307e-01
1.213773041963577271e-01;-4.462641179561614990e-01;-2.079537957906723022e-01
-3.695159405469894409e-02;4.350811839103698730e-01;3.872899711132049561e-01
-1.696290522813796997e-01;-6.778237223625183105e-01;5.592685937881469727e-01
-5.646573007106781006e-02;5.643708705902099609e-01;-2.144077122211456299e-01
1.453794836997985840e-01;-8.322805911302566528e-02;-2.393568456172943115e-01
2.419933229684829712e-01;-7.010281682014465332e-01;1.416531652212142944e-01
1.129185408353805542e-01;-4.054474234580993652e-01;2.522995471954345703e-01
8.823868632316589355e-02;5.701875314116477966e-02;-2.802306413650512695e-01
1.959198415279388428e-01;-2.801640629768371582e-01;-2.085444182157516479e-01
4.386050626635551453e-02;1.582317799329757690e-01;3.440124392509460449e-01
7.923588901758193970e-02;3.635691702365875244e-01;2.893236875534057617e-01
-1.674379855394363403e-01;-6.779385805130004883e-01;-3.365016877651214600e-01
2.422776222229003906e-01;6.961627602577209473e-01;1.473589837551116943e-01
1.693952269852161407e-02;-1.943218149244785309e-02;4.501461517065763474e-03
2.232565432786941528e-01;-6.988395452499389648e-01;-1.295597404241561890e-01
3.396447375416755676e-02;4.536767601966857910e-01;-3.477454930543899536e-02
-1.306844223290681839e-02;-6.266205906867980957e-01;2.405162453651428223e-01
2.423284649848937988e-01;6.958563327789306641e-01;1.533646583557128906e-01
-1.700776815414428711e-01;4.154871702194213867e-01;-5.474936366081237793e-01
2.442856431007385254e-01;-6.980807185173034668e-01;-1.404783725738525391e-01
1.343167722225189209e-01;-5.003514885902404785e-02;2.752650380134582520e-01
-6.090633943676948547e-02;-6.231538653373718262e-01;-3.422917723655700684e-01
-1.202435567975044250e-01;6.762794852256774902e-01;-3.130325376987457275e-01
8.625021576881408691e-02;-1.648416221141815186e-01;-2.867971658706665039e-01
-1.819093525409698486e-02;-5.630401968955993652e-01;3.571476936340332031e-01
2.438615709543228149e-01;6.943981647491455078e-01;-1.405047327280044556e-01
2.530482113361358643e-01;-4.040606319904327393e-01;2.091640532016754150e-01
6.335170567035675049e-02;6.869256496429443359e-01;2.239109203219413757e-02
-1.427082121372222900e-01;-5.742452740669250488e-01;-5.011311769485473633e-01
2.451571971178054810e-01;-6.967945098876953125e-01;1.767623871564865112e-01
-1.150975078344345093e-01;6.781609058380126953e-01;4.259482622146606445e-01
-2.632890343666076660e-01;-5.569983124732971191e-01;-3.541798591613769531e-01
-2.031390741467475891e-02;6.800686120986938477e-01;-1.971338242292404175e-01
1.225014030933380127e-01;-6.927163004875183105e-01;1.871578246355056763e-01
-3.976121544837951660e-02;-6.297087669372558594e-01;-1.941396147012710571e-01
-1.254371702671051025e-01;3.979946374893188477e-01;5.091729760169982910e-01
-4.781007394194602966e-02;6.791643500328063965e-01;3.311136066913604736e-01
2.992204157635569572e-03;-9.417206794023513794e-02;3.983069062232971191e-01
1.074759140610694885e-01;6.275517344474792480e-01;-1.889091581106185913e-01
-1.184278279542922974e-01;-6.796916127204895020e-01;-4.666231572628021240e-01
-2.920481264591217041e-01;-1.026982441544532776e-01;-5.577521920204162598e-01
-3.338527381420135498e-01;-5.108509659767150879e-01;-5.676336884498596191e-01
-2.721019685268402100e-01;-4.228482767939567566e-02;-5.520516037940979004e-01
2.173852175474166870e-01;7.157747447490692139e-02;5.035841092467308044e-02
2.063431739807128906e-01;3.131833672523498535e-02;1.500269304960966110e-02
-2.746636569499969482e-01;1.653244793415069580e-01;-5.563933253288269043e-01
2.175256609916687012e-01;-1.627240777015686035e-01;5.586322396993637085e-02
1.985371857881546021e-01;-1.120379865169525146e-01;-6.200916133821010590e-03
2.074418067932128906e-01;1.929750889539718628e-01;2.867970615625381470e-02
1.968087553977966309e-01;-1.695242375135421753e-01;-2.795867808163166046e-02
2.288710623979568481e-01;1.681075692176818848e-01;9.182934463024139404e-02
-2.394443452358245850e-01;-2.984278500080108643e-01;4.477724134922027588e-01
2.013222873210906982e-01;2.258015722036361694e-01;-6.321193277835845947e-02
2.257869690656661987e-01;-2.729739844799041748e-01;8.961087465286254883e-02
2.062621116638183594e-01;-1.786181181669235229e-01;-7.693532854318618774e-02
1.971285194158554077e-01;-3.534573018550872803e-01;2.501715905964374542e-02
-2.425359189510345459e-01;-3.323437273502349854e-01;-5.494409203529357910e-01
-3.882554173469543457e-01;1.061384603381156921e-01;-5.975881814956665039e-01
-2.855834364891052246e-01;2.583163380622863770e-01;4.620405137538909912e-01
-1.987371742725372314e-01;-3.543346226215362549e-01;4.377193152904510498e-01
2.240366935729980469e-01;-4.782393947243690491e-02;-1.084147840738296509e-01
2.410972416400909424e-01;-8.368198573589324951e-02;1.314964145421981812e-01
1.901934742927551270e-01;-4.194225370883941650e-01;1.439477968961000443e-02
1.943016350269317627e-01;4.170565009117126465e-01;2.978724054992198944e-02
-1.477256566286087036e-01;-2.213821709156036377e-01;4.262692630290985107e-01
1.965152621269226074e-01;3.452442586421966553e-01;-7.526079565286636353e-02
2.179187089204788208e-01;3.931282162666320801e-01;9.084122627973556519e-02
-3.213717043399810791e-01;-1.588263064622879028e-01;4.759233891963958740e-01
-1.461187303066253662e-01;1.626022905111312866e-01;4.256196022033691406e-01
2.217731475830078125e-01;-2.092076241970062256e-01;-1.165253892540931702e-01
1.862224489450454712e-01;-4.370601475238800049e-01;-4.927222803235054016e-02
-1.455751210451126099e-01;3.377019166946411133e-01;4.268796741962432861e-01
-3.330949842929840088e-01;8.943732827901840210e-02;4.776061773300170898e-01
-1.072929501533508301e-01;-4.577511921525001526e-02;4.186658561229705811e-01
-2.507412433624267578e-01;-5.771143436431884766e-01;4.520264267921447754e-01
2.012567520141601562e-01;5.074137449264526367e-01;7.171307504177093506e-02
-2.908743619918823242e-01;5.206701159477233887e-01;4.637721776962280273e-01
2.337802052497863770e-01;-3.812673687934875488e-01;1.346424967050552368e-01
2.273043543100357056e-01;2.606117129325866699e-01;-1.392921060323715210e-01
-4.064829051494598389e-01;3.893146216869354248e-01;-6.039967536926269531e-01
2.483896613121032715e-01;-4.562097787857055664e-02;1.648944765329360962e-01
1.763665080070495605e-01;5.463246107101440430e-01;7.965638302266597748e-03
2.377877384424209595e-01;1.466574966907501221e-01;-1.520980894565582275e-01
2.342614680528640747e-01;-1.571872979402542114e-01;-1.481077820062637329e-01
-4.351066648960113525e-01;6.046288609504699707e-01;-6.258603930473327637e-01
-3.091167807579040527e-01;6.721655726432800293e-01;-4.987435936927795410e-01
2.210028618574142456e-01;-5.124853849411010742e-01;1.234645545482635498e-01
-8.536402881145477295e-02;5.435983091592788696e-02;4.169803261756896973e-01
1.693262159824371338e-01;5.717041492462158203e-01;-3.677824512124061584e-02
1.944039314985275269e-01;5.129929780960083008e-01;-1.099809035658836365e-01
-2.216609865427017212e-01;-6.819529533386230469e-01;-5.011308193206787109e-01
-2.362826615571975708e-01;6.683681607246398926e-01;-5.542056560516357422e-01
-2.631183266639709473e-01;-6.769113540649414062e-01;-4.438900351524353027e-01
1.983827948570251465e-01;-6.266160011291503906e-01;9.901668131351470947e-02
-1.049748733639717102e-01;-4.828528463840484619e-01;4.240482747554779053e-01
1.719326972961425781e-01;-7.031683325767517090e-01;-6.629208102822303772e-03
1.540441364049911499e-01;-7.018447518348693848e-01;1.640489883720874786e-02
1.527436375617980957e-01;-6.944459080696105957e-01;1.922585070133209229e-02
1.565611213445663452e-01;-6.679712533950805664e-01;4.019085783511400223e-03
-3.691285848617553711e-01;6.623306870460510254e-01;-4.974254667758941650e-01
1.893057674169540405e-01;6.519475579261779785e-01;9.031177312135696411e-02
2.242178916931152344e-01;-4.037156105041503906e-01;-1.616936028003692627e-01
1.516740322113037109e-01;6.841709613800048828e-01;4.079120699316263199e-03
1.476878523826599121e-01;6.967728734016418457e-01;3.135968372225761414e-02
1.426282376050949097e-01;6.963027119636535645e-01;1.630890741944313049e-02
1.610337197780609131e-01;-6.549142003059387207e-01;-6.353373080492019653e-02
1.897634714841842651e-01;6.985362172126770020e-01;9.565909206867218018e-02
2.408340871334075928e-01;2.336376607418060303e-01;-1.803914755582809448e-01
-1.741310060024261475e-01;6.723456978797912598e-01;3.348635137081146240e-01
-1.893345266580581665e-01;1.324342787265777588e-01;-5.476613640785217285e-01
2.084366977214813232e-01;6.348616480827331543e-01;1.246570348739624023e-01
1.588481366634368896e-01;-7.005248665809631348e-01;-6.303416192531585693e-02
1.920700371265411377e-01;-7.013865113258361816e-01;1.142499968409538269e-01
1.376521736383438110e-01;-6.984463930130004883e-01;8.342546224594116211e-02
1.392669975757598877e-01;-6.985338926315307617e-01;8.495762944221496582e-02
-1.847845613956451416e-01;6.777123808860778809e-01;-4.654081165790557861e-01
1.514574587345123291e-01;6.951551437377929688e-01;1.034790277481079102e-01
2.169228792190551758e-01;-6.401885747909545898e-01;1.439927518367767334e-01
1.563485860824584961e-01;6.952821016311645508e-01;-7.903310656547546387e-02
1.802279204130172729e-01;-6.339581608772277832e-01;-1.195416003465652466e-01
-1.436385214328765869e-01;6.774921417236328125e-01;4.057420790195465088e-01
1.446902900934219360e-01;-6.980095505714416504e-01;-8.628784865140914917e-02
1.568173319101333618e-01;6.946719288825988770e-01;-9.029006212949752808e-02
-5.452229082584381104e-02;-2.701163589954376221e-01;4.156780838966369629e-01
1.160865575075149536e-01;-6.962647438049316406e-01;-6.198678165674209595e-02
2.478105127811431885e-01;3.406561538577079773e-02;-1.904816776514053345e-01
2.497482299804687500e-01;3.330374956130981445e-01;2.095597833395004272e-01
9.163893759250640869e-02;-6.943839788436889648e-01;-1.643160544335842133e-02
-4.504622519016265869e-01;-3.802244663238525391e-01;-6.221089363098144531e-01
8.921757340431213379e-02;6.902601122856140137e-01;-1.588370278477668762e-02
-3.541555404663085938e-01;6.620788574218750000e-01;4.823723733425140381e-01
1.798605620861053467e-01;6.488847732543945312e-01;-1.271869987249374390e-01
1.394356936216354370e-01;6.928837895393371582e-01;-9.625696390867233276e-02
9.223512560129165649e-02;-6.940800547599792480e-01;-5.301393941044807434e-02
8.539041131734848022e-02;6.897724270820617676e-01;-1.929942518472671509e-02
9.930320829153060913e-02;-6.942653059959411621e-01;-7.898581773042678833e-02
1.434814482927322388e-01;6.924992203712463379e-01;1.451212167739868164e-01
2.308678478002548218e-01;-6.983416080474853516e-01;1.629277467727661133e-01
1.844249516725540161e-01;6.927646398544311523e-01;1.608694642782211304e-01
1.840316206216812134e-01;-6.961472630500793457e-01;1.679645478725433350e-01
