-2.781909108161926270e-01;3.109181113541126251e-02;-4.868299365043640137e-01
-2.783482670783996582e-01;1.455967873334884644e-02;-4.214001297950744629e-01
-2.783657908439636230e-01;3.867026418447494507e-02;-4.158347249031066895e-01
-2.783657908439636230e-01;3.867026418447494507e-02;-4.158347249031066895e-01
-2.782309651374816895e-01;1.089864522218704224e-01;-4.868345856666564941e-01
-2.783112823963165283e-01;1.105373799800872803e-01;-4.537942111492156982e-01
-2.781931459903717041e-01;-5.684610456228256226e-02;-4.868275523185729980e-01
-2.781931459903717041e-01;-5.684610456228256226e-02;-4.868275523185729980e-01
-2.450187355279922485e-01;6.158832460641860962e-02;-4.033609032630920410e-01
-2.784882485866546631e-01;1.127640828490257263e-01;-3.813285231590270996e-01
-2.790291905403137207e-01;4.952405393123626709e-01;4.405869841575622559e-01
-2.790185511112213135e-01;4.704801142215728760e-01;4.286544919013977051e-01
-2.790907323360443115e-01;4.952917993068695068e-01;4.031975865364074707e-01
-2.791341543197631836e-01;4.951581656932830811e-01;3.836809694766998291e-01
-2.791786193847656250e-01;4.637230932712554932e-01;3.265306651592254639e-01
-2.788614332675933838e-01;3.709080517292022705e-01;4.364989995956420898e-01
-2.791880369186401367e-01;3.984244167804718018e-01;2.963082790374755859e-01
-2.792313694953918457e-01;4.052358567714691162e-01;2.807671427726745605e-01
-1.143874824047088623e-01;4.047153592109680176e-01;3.666747212409973145e-01
-2.793767452239990234e-01;4.244605302810668945e-01;2.190680801868438721e-01
2.445732206106185913e-01;1.336891669780015945e-03;1.991223394870758057e-01
2.088437378406524658e-01;-6.060763727873563766e-03;2.437824010848999023e-01
1.935357898473739624e-01;3.141107037663459778e-02;2.408307045698165894e-01
3.411602079868316650e-01;1.738124340772628784e-02;3.195768892765045166e-01
2.932773232460021973e-01;-1.523051112890243530e-01;2.428903281688690186e-01
2.082015126943588257e-01;1.998398751020431519e-01;2.841443419456481934e-01
2.892808020114898682e-01;1.319096051156520844e-02;-1.519623398780822754e-02
2.548831701278686523e-01;7.760474830865859985e-02;4.133605957031250000e-01
2.014178186655044556e-01;-3.890559449791908264e-02;4.339880943298339844e-01
4.351664781570434570e-01;1.267976313829421997e-01;3.009690940380096436e-01
-2.790663838386535645e-01;3.780189156532287598e-02;5.122577399015426636e-02
-2.790651917457580566e-01;-1.215179264545440674e-02;3.817426413297653198e-02
-2.790406346321105957e-01;-8.168585598468780518e-03;9.809054434299468994e-02
-2.790661752223968506e-01;-3.302158415317535400e-02;4.657544195652008057e-02
-2.790267765522003174e-01;4.527412354946136475e-03;1.184359937906265259e-01
-2.790574133396148682e-01;1.542351767420768738e-02;-2.510477602481842041e-02
-2.790141999721527100e-01;4.274271428585052490e-02;1.376198381185531616e-01
-2.790601849555969238e-01;7.100492715835571289e-02;-5.683099478483200073e-02
-2.790035903453826904e-01;-3.070187568664550781e-02;1.433235704898834229e-01
-2.789569497108459473e-01;-7.313963025808334351e-03;1.816172301769256592e-01
6.526572108268737793e-01;-1.988245248794555664e-01;-5.068717896938323975e-02
6.576887369155883789e-01;-1.504615098237991333e-01;-1.471843868494033813e-01
7.360197901725769043e-01;-1.280710101127624512e-01;-1.813855469226837158e-01
6.282970309257507324e-01;-3.547118604183197021e-01;6.359422206878662109e-02
7.179091572761535645e-01;-3.468916118144989014e-01;6.902763992547988892e-02
6.527667641639709473e-01;-1.060565337538719177e-01;1.506437808275222778e-01
5.647948980331420898e-01;-5.090281367301940918e-02;-1.989069133996963501e-01
7.060396671295166016e-01;-4.196763038635253906e-01;-1.250308603048324585e-01
7.387905716896057129e-01;-5.253510177135467529e-02;1.261375695466995239e-01
5.715447068214416504e-01;-2.645947039127349854e-02;-2.465292215347290039e-01
-2.783510982990264893e-01;5.431266967207193375e-03;4.951728284358978271e-01
-2.784513533115386963e-01;-5.319670587778091431e-02;4.506933689117431641e-01
-2.785329520702362061e-01;-1.830240897834300995e-02;4.098265469074249268e-01
-2.785329520702362061e-01;-1.830240897834300995e-02;4.098265469074249268e-01
-2.784981429576873779e-01;8.102747052907943726e-02;4.379213452339172363e-01
-2.784981429576873779e-01;8.102747052907943726e-02;4.379213452339172363e-01
-2.785297930240631104e-01;1.167455017566680908e-01;4.338766932487487793e-01
-2.784112095832824707e-01;-1.387155205011367798e-01;4.951822757720947266e-01
-2.200142592191696167e-01;-6.206461414694786072e-02;3.684019744396209717e-01
-2.786927819252014160e-01;-4.235111922025680542e-02;3.363743126392364502e-01
7.449526190757751465e-01;2.617798186838626862e-02;-4.028595983982086182e-01
6.750709414482116699e-01;8.455124497413635254e-02;-4.195526242256164551e-01
5.775302648544311523e-01;7.376436144113540649e-03;-3.798527121543884277e-01
5.715447068214416504e-01;-2.645946852862834930e-02;-2.465292215347290039e-01
7.360197901725769043e-01;-1.280710101127624512e-01;-1.813855469226837158e-01
5.647948980331420898e-01;-5.090281367301940918e-02;-1.989069133996963501e-01
4.645845890045166016e-01;-4.738064110279083252e-02;-4.221044182777404785e-01
6.576887369155883789e-01;-1.504615098237991333e-01;-1.471844017505645752e-01
5.186472535133361816e-01;2.879735529422760010e-01;-4.624709784984588623e-01
6.493909358978271484e-01;3.779846131801605225e-01;-4.182802736759185791e-01
-2.794137299060821533e-01;-3.916514217853546143e-01;-7.796531915664672852e-02
-2.794406116008758545e-01;-4.390286505222320557e-01;-1.178151965141296387e-01
-2.792446315288543701e-01;-3.224648237228393555e-01;-1.256211996078491211e-01
-2.795780599117279053e-01;-4.545968770980834961e-01;-8.439488708972930908e-03
-2.794170379638671875e-01;-3.633014559745788574e-01;2.635109424591064453e-02
-2.792016565799713135e-01;-3.528971970081329346e-01;-1.795658171176910400e-01
-2.793786227703094482e-01;-4.771766662597656250e-01;8.014254271984100342e-03
-2.793786227703094482e-01;-4.771766662597656250e-01;8.014254271984100342e-03
-2.118169218301773071e-01;-4.849289059638977051e-01;-1.350763440132141113e-01
-2.792048156261444092e-01;-3.950573503971099854e-01;-2.080140709877014160e-01
7.443480491638183594e-01;-8.566150814294815063e-02;2.768279612064361572e-01
7.387905716896057129e-01;-5.253509804606437683e-02;1.261375695466995239e-01
6.527667641639709473e-01;-1.060565337538719177e-01;1.506437808275222778e-01
7.423303723335266113e-01;-2.454956769943237305e-01;2.456429153680801392e-01
6.794560551643371582e-01;-1.707013547420501709e-01;4.240850508213043213e-01
6.538997888565063477e-01;3.072155267000198364e-02;1.560607850551605225e-01
7.444702982902526855e-01;-2.537705898284912109e-01;4.074037671089172363e-01
7.079988121986389160e-01;-3.052374124526977539e-01;2.875364720821380615e-01
5.330126285552978516e-01;-2.344965934753417969e-01;3.564790785312652588e-01
4.725278615951538086e-01;-8.830755949020385742e-02;3.932977020740509033e-01
1.854448392987251282e-02;-1.587261259555816650e-01;-4.861096739768981934e-01
4.076524078845977783e-02;-9.118589013814926147e-02;-4.860152006149291992e-01
1.083794236183166504e-01;-3.578991591930389404e-01;-4.154100120067596436e-01
-1.362267732620239258e-01;-1.699214726686477661e-01;-3.154309391975402832e-01
1.325845569372177124e-01;5.987723171710968018e-02;-4.856385886669158936e-01
-2.303346842527389526e-01;-1.942501962184906006e-01;-4.058464169502258301e-01
8.236980438232421875e-02;-4.320842027664184570e-02;-2.462791800498962402e-01
-2.783045470714569092e-01;-1.990045160055160522e-01;-4.868275821208953857e-01
-2.783045470714569092e-01;-1.990045160055160522e-01;-4.868275821208953857e-01
-2.782170474529266357e-01;-1.042290180921554565e-01;-4.868271648883819580e-01
2.483612447977066040e-01;4.321907758712768555e-01;-4.478375613689422607e-01
1.537168473005294800e-01;3.463161289691925049e-01;-4.473173618316650391e-01
1.511751562356948853e-01;4.964129924774169922e-01;-3.440618813037872314e-01
3.088651299476623535e-01;4.975514709949493408e-01;-2.956315279006958008e-01
2.768804728984832764e-01;4.174219071865081787e-01;-2.360411882400512695e-01
2.174270004034042358e-01;1.659731268882751465e-01;-4.851526319980621338e-01
3.289244472980499268e-01;2.401464432477951050e-01;-2.255484014749526978e-01
5.186472535133361816e-01;2.879735529422760010e-01;-4.624709784984588623e-01
2.021444141864776611e-01;3.704346418380737305e-01;-1.470322310924530029e-01
4.244384765625000000e-01;3.801821768283843994e-01;-1.680649220943450928e-01
4.854171350598335266e-02;-1.127689182758331299e-01;4.351388812065124512e-01
7.557877898216247559e-02;1.567633450031280518e-02;4.108316004276275635e-01
1.799692362546920776e-01;-1.623190641403198242e-01;4.090497791767120361e-01
2.014178186655044556e-01;-3.890559077262878418e-02;4.339880943298339844e-01
1.837043613195419312e-01;-2.393340468406677246e-01;4.072513878345489502e-01
4.063663259148597717e-02;-3.180029988288879395e-01;3.232804536819458008e-01
-3.354519233107566833e-02;5.069315433502197266e-02;2.866217195987701416e-01
2.088437378406524658e-01;-6.060764193534851074e-03;2.437824010848999023e-01
-2.200142592191696167e-01;-6.206461787223815918e-02;3.684019744396209717e-01
2.548831701278686523e-01;7.760474085807800293e-02;4.133605957031250000e-01
-2.789809107780456543e-01;2.086180150508880615e-01;-2.043998837471008301e-01
-2.790356278419494629e-01;2.101617604494094849e-01;-1.743659675121307373e-01
-2.789999246597290039e-01;1.584583371877670288e-01;-1.620109975337982178e-01
-2.788332104682922363e-01;1.017374917864799500e-01;-2.279866039752960205e-01
-2.789109051227569580e-01;9.994497150182723999e-02;-1.859732121229171753e-01
-1.796255558729171753e-01;1.120729967951774597e-01;-2.642442584037780762e-01
-2.786222398281097412e-01;1.952768713235855103e-01;-3.587892651557922363e-01
-2.787705361843109131e-01;5.659210681915283203e-02;-2.480677217245101929e-01
-2.785869240760803223e-01;1.826522797346115112e-01;-3.676891624927520752e-01
-1.796049028635025024e-01;3.235498368740081787e-01;-2.776746153831481934e-01
6.888486742973327637e-01;-2.636670470237731934e-01;3.673942387104034424e-01
7.237042784690856934e-01;-4.903773665428161621e-01;3.419763445854187012e-01
7.237128019332885742e-01;-4.903843402862548828e-01;3.419745266437530518e-01
7.205089926719665527e-01;-4.859468340873718262e-01;3.471074104309082031e-01
7.237133979797363281e-01;-4.903768599033355713e-01;3.419770002365112305e-01
6.442661285400390625e-01;-4.010453224182128906e-01;7.778704166412353516e-02
7.236848473548889160e-01;-4.903693497180938721e-01;3.419681787490844727e-01
5.815553665161132812e-01;-4.086144864559173584e-01;3.651638925075531006e-01
7.236896753311157227e-01;-4.903739690780639648e-01;3.419954776763916016e-01
7.237089872360229492e-01;-4.903646111488342285e-01;3.419895768165588379e-01
6.822587251663208008e-01;4.969464242458343506e-01;-2.362728118896484375e-03
6.934037804603576660e-01;5.051844120025634766e-01;-1.741956323385238647e-01
6.931326985359191895e-01;5.050475597381591797e-01;-1.742731779813766479e-01
6.416901946067810059e-01;4.114836156368255615e-01;-2.772764563560485840e-01
6.933031678199768066e-01;5.050761103630065918e-01;-1.742999851703643799e-01
7.231386303901672363e-01;4.584684967994689941e-01;-3.966597318649291992e-01
6.931353807449340820e-01;5.051461458206176758e-01;-1.742917895317077637e-01
5.135178565979003906e-01;3.899379074573516846e-01;-1.137124449014663696e-01
6.931520700454711914e-01;5.051929354667663574e-01;-1.740531176328659058e-01
6.932249665260314941e-01;5.051341652870178223e-01;-1.742359250783920288e-01
-2.760945558547973633e-01;-3.875713944435119629e-01;3.961564004421234131e-01
-2.792541384696960449e-01;-4.844692647457122803e-01;3.060006499290466309e-01
-2.792065143585205078e-01;-4.844562113285064697e-01;3.060135245323181152e-01
-2.802589833736419678e-01;-4.853508472442626953e-01;2.906390726566314697e-01
-2.792376577854156494e-01;-4.844377338886260986e-01;3.060234487056732178e-01
-2.782104611396789551e-01;-4.021600186824798584e-01;3.053518831729888916e-01
-2.791934907436370850e-01;-4.844655394554138184e-01;3.060320615768432617e-01
-2.752712965011596680e-01;-4.883064329624176025e-01;1.595093309879302979e-01
-2.792318761348724365e-01;-4.844652414321899414e-01;3.059814572334289551e-01
-2.792364358901977539e-01;-4.844562113285064697e-01;3.060069084167480469e-01
6.325120925903320312e-01;-4.633840620517730713e-01;-1.374884843826293945e-01
5.648182034492492676e-01;-4.894917309284210205e-01;-4.568041563034057617e-01
5.649260878562927246e-01;-4.894514381885528564e-01;-4.567808508872985840e-01
5.634788870811462402e-01;-4.884118139743804932e-01;-4.567728638648986816e-01
5.648615956306457520e-01;-4.894357025623321533e-01;-4.567653834819793701e-01
7.052257061004638672e-01;-4.882817566394805908e-01;-3.226130604743957520e-01
5.649206638336181641e-01;-4.894725382328033447e-01;-4.567683339118957520e-01
3.869763016700744629e-01;-2.369116544723510742e-01;-3.703957796096801758e-01
5.648906230926513672e-01;-4.894853234291076660e-01;-4.568393528461456299e-01
5.648790001869201660e-01;-4.894652068614959717e-01;-4.567903280258178711e-01
3.525364026427268982e-02;2.810364961624145508e-01;-1.449531912803649902e-01
4.593244567513465881e-02;4.962920844554901123e-01;-1.837506294250488281e-01
4.566327482461929321e-02;4.961605370044708252e-01;-1.838357150554656982e-01
2.432536333799362183e-01;4.235804378986358643e-01;-2.535231113433837891e-01
4.584151506423950195e-02;4.961686432361602783e-01;-1.838718950748443604e-01
1.406677663326263428e-01;4.934175014495849609e-01;-3.464308679103851318e-01
4.565009847283363342e-02;4.962599575519561768e-01;-1.838670670986175537e-01
-1.862978637218475342e-01;4.975183010101318359e-01;-2.214970290660858154e-01
4.570310935378074646e-02;4.963005781173706055e-01;-1.836266219615936279e-01
4.576249420642852783e-02;4.962389469146728516e-01;-1.838037371635437012e-01
2.867499291896820068e-01;1.403490453958511353e-01;-2.038995921611785889e-01
3.445517122745513916e-01;5.197200551629066467e-02;-4.302097558975219727e-01
3.444951176643371582e-01;5.195877701044082642e-02;-4.302342236042022705e-01
3.930966556072235107e-01;-1.555326431989669800e-01;-3.611640930175781250e-01
3.445314168930053711e-01;5.195190384984016418e-02;-4.302302002906799316e-01
5.706812143325805664e-01;4.832513630390167236e-03;-3.816071450710296631e-01
3.445013761520385742e-01;5.196328833699226379e-02;-4.302410185337066650e-01
1.826968789100646973e-01;1.023709177970886230e-01;-4.772167205810546875e-01
3.445155322551727295e-01;5.197652056813240051e-02;-4.301832914352416992e-01
3.445219099521636963e-01;5.195391550660133362e-02;-4.302329123020172119e-01
5.197794437408447266e-01;4.159361124038696289e-01;3.121795058250427246e-01
7.016909718513488770e-01;4.210184812545776367e-01;3.940106332302093506e-01
7.014811635017395020e-01;4.209168255329132080e-01;3.939454257488250732e-01
6.923745870590209961e-01;4.296371638774871826e-01;3.828391432762145996e-01
7.016310691833496094e-01;4.209403693675994873e-01;3.939181268215179443e-01
7.015582919120788574e-01;4.537822604179382324e-01;1.261494159698486328e-01
7.014665007591247559e-01;4.209962785243988037e-01;3.939299583435058594e-01
6.509820818901062012e-01;2.433754354715347290e-01;3.210267722606658936e-01
7.014883756637573242e-01;4.210379719734191895e-01;3.941104710102081299e-01
7.015407681465148926e-01;4.209901690483093262e-01;3.939701020717620850e-01
-6.886729598045349121e-02;-4.317477941513061523e-01;1.088465154170989990e-01
1.440046876668930054e-01;-4.468775391578674316e-01;-8.736720681190490723e-02
1.436973214149475098e-01;-4.470624029636383057e-01;-8.744475245475769043e-02
1.804793030023574829e-01;-4.680429697036743164e-01;-2.954765558242797852e-01
1.438919156789779663e-01;-4.470205605030059814e-01;-8.748906850814819336e-02
3.325761258602142334e-01;-4.649230539798736572e-01;-6.358491629362106323e-02
1.436542272567749023e-01;-4.469034671783447266e-01;-8.747546374797821045e-02
7.928889989852905273e-02;-2.551720142364501953e-01;-1.205570250749588013e-01
1.436854600906372070e-01;-4.468726217746734619e-01;-8.717183023691177368e-02
1.437981575727462769e-01;-4.469192028045654297e-01;-8.738763630390167236e-02
-2.751481533050537109e-01;-3.571875691413879395e-01;-4.356974363327026367e-01
-2.786572873592376709e-01;-4.810602962970733643e-01;-4.868707656860351562e-01
-2.787057757377624512e-01;-4.810860753059387207e-01;-4.868863821029663086e-01
-2.800211310386657715e-01;-4.884689152240753174e-01;-4.648263156414031982e-01
-2.786718904972076416e-01;-4.810917377471923828e-01;-4.868932366371154785e-01
-2.757592797279357910e-01;-4.745715558528900146e-01;-3.620487749576568604e-01
-2.787388563156127930e-01;-4.810554087162017822e-01;-4.868943989276885986e-01
-2.763513922691345215e-01;-4.545528292655944824e-01;-4.866372048854827881e-01
-2.787188291549682617e-01;-4.810565114021301270e-01;-4.868266284465789795e-01
-2.786893546581268311e-01;-4.810578525066375732e-01;-4.868664145469665527e-01
2.150765955448150635e-01;-2.430875152349472046e-01;3.885961771011352539e-01
1.550876200199127197e-01;-4.854358732700347900e-01;4.175335168838500977e-01
1.550363898277282715e-01;-4.854750931262969971e-01;4.175232648849487305e-01
1.345502436161041260e-01;-4.856092929840087891e-01;3.783745467662811279e-01
1.550676822662353516e-01;-4.854738116264343262e-01;4.175093173980712891e-01
2.085256427526473999e-01;-2.841979265213012695e-01;2.092558294534683228e-01
1.549953818321228027e-01;-4.854322075843811035e-01;4.175075888633728027e-01
-2.818237245082855225e-02;-3.262739479541778564e-01;2.764346897602081299e-01
1.550199985504150391e-01;-4.854397177696228027e-01;4.175796210765838623e-01
1.550526171922683716e-01;-4.854367673397064209e-01;4.175439178943634033e-01
1.730933189392089844e-01;3.831798434257507324e-01;1.151564270257949829e-01
1.791591197252273560e-01;4.181061387062072754e-01;3.455756306648254395e-01
1.791645735502243042e-01;4.181065857410430908e-01;3.455697000026702881e-01
-3.045007586479187012e-02;2.590480446815490723e-01;4.190576076507568359e-01
1.791787743568420410e-01;4.181457459926605225e-01;3.455720245838165283e-01
2.221069186925888062e-01;2.127358913421630859e-01;2.998851835727691650e-01
1.791921854019165039e-01;4.181065261363983154e-01;3.455978631973266602e-01
-9.591245651245117188e-02;4.061752259731292725e-01;3.295083642005920410e-01
1.791356801986694336e-01;4.181303083896636963e-01;3.455591499805450439e-01
1.791312545537948608e-01;4.181184172630310059e-01;3.455520272254943848e-01
-2.811527550220489502e-01;4.206380546092987061e-01;-4.828805327415466309e-01
-2.787150740623474121e-01;4.951740205287933350e-01;-4.869039058685302734e-01
-2.787830531597137451e-01;4.951290786266326904e-01;-4.869254827499389648e-01
-2.782020866870880127e-01;2.899548709392547607e-01;-4.527622461318969727e-01
-2.787375748157501221e-01;4.951505661010742188e-01;-4.869348704814910889e-01
-2.793963551521301270e-01;4.852104485034942627e-01;-3.287700414657592773e-01
-2.787830531597137451e-01;4.951666295528411865e-01;-4.869231581687927246e-01
-2.795481979846954346e-01;3.898254036903381348e-01;-3.239815831184387207e-01
-2.787940502166748047e-01;4.951789677143096924e-01;-4.868656396865844727e-01
-2.787668108940124512e-01;4.951695799827575684e-01;-4.869101345539093018e-01
-2.781551778316497803e-01;4.904873967170715332e-01;3.522359579801559448e-02
-2.796997427940368652e-01;4.952598214149475098e-01;3.188744559884071350e-02
-2.796771526336669922e-01;4.952595531940460205e-01;3.189457580447196960e-02
-2.736500799655914307e-01;3.947565555572509766e-01;4.444782435894012451e-02
-2.796932458877563477e-01;4.952702522277832031e-01;3.190207853913307190e-02
-2.750507593154907227e-01;4.577206373214721680e-01;1.318370103836059570e-01
-2.796777188777923584e-01;4.952591061592102051e-01;3.189982101321220398e-02
-2.739138603210449219e-01;4.933354258537292480e-01;-7.835812121629714966e-02
-2.796938717365264893e-01;4.952577352523803711e-01;3.188782930374145508e-02
-2.796879410743713379e-01;4.952697455883026123e-01;3.190405666828155518e-02
4.126558899879455566e-01;4.045528173446655273e-01;1.733527630567550659e-01
3.935130536556243896e-01;4.985858500003814697e-01;7.061303127557039261e-03
3.932945430278778076e-01;4.984799921512603760e-01;7.001696620136499405e-03
3.772250413894653320e-01;4.064424335956573486e-01;-1.973386704921722412e-01
3.934271931648254395e-01;4.984702169895172119e-01;6.965952459722757339e-03
6.736479401588439941e-01;4.877651035785675049e-01;-4.581467807292938232e-02
3.932796120643615723e-01;4.985593855381011963e-01;6.977973971515893936e-03
1.427785456180572510e-01;4.033998548984527588e-01;9.330189973115921021e-02
3.933323323726654053e-01;4.985772669315338135e-01;7.171120960265398026e-03
3.933827579021453857e-01;4.985398054122924805e-01;7.029947359114885330e-03
2.098442614078521729e-01;-1.780120581388473511e-01;-2.092786133289337158e-01
3.783211410045623779e-01;-2.427941560745239258e-01;-2.517903745174407959e-01
3.780825138092041016e-01;-2.429268807172775269e-01;-2.518552243709564209e-01
5.008325576782226562e-01;-3.544459640979766846e-01;-3.467122912406921387e-01
3.782262206077575684e-01;-2.429414689540863037e-01;-2.518934309482574463e-01
5.653333663940429688e-01;-7.472984492778778076e-02;-1.962952613830566406e-01
3.780060708522796631e-01;-2.428136020898818970e-01;-2.519031167030334473e-01
4.014383256435394287e-01;-1.782891750335693359e-01;-4.435197412967681885e-01
3.780948221683502197e-01;-2.428035289049148560e-01;-2.516305148601531982e-01
3.781863152980804443e-01;-2.428272664546966553e-01;-2.517895698547363281e-01
1.371086090803146362e-01;1.566283255815505981e-01;1.621988415718078613e-01
9.039922803640365601e-02;2.064536511898040771e-01;-1.284208148717880249e-02
9.027436375617980957e-02;2.064073234796524048e-01;-1.288170181214809418e-02
4.481130465865135193e-02;2.425897717475891113e-01;-1.697098761796951294e-01
9.035427868366241455e-02;2.064148634672164917e-01;-1.289480365812778473e-02
1.793914586305618286e-01;1.228492110967636108e-01;-4.337820783257484436e-02
9.031290560960769653e-02;2.064314484596252441e-01;-1.287154667079448700e-02
-1.178857237100601196e-01;1.750697046518325806e-01;-3.955183923244476318e-02
9.031096845865249634e-02;2.064625322818756104e-01;-1.281225495040416718e-02
9.031459689140319824e-02;2.064182758331298828e-01;-1.289016008377075195e-02
4.854757785797119141e-01;1.577301919460296631e-01;2.990653514862060547e-01
5.176650881767272949e-01;1.102523356676101685e-01;6.147836893796920776e-02
5.175166726112365723e-01;1.101794242858886719e-01;6.144383922219276428e-02
3.264393210411071777e-01;1.080812960863113403e-01;4.412073269486427307e-02
5.176087617874145508e-01;1.101720109581947327e-01;6.141535192728042603e-02
6.550432443618774414e-01;2.246413230895996094e-01;1.602696776390075684e-01
5.174926519393920898e-01;1.102288588881492615e-01;6.141209602355957031e-02
6.920385956764221191e-01;-1.596097648143768311e-02;1.414567083120346069e-01
5.175417065620422363e-01;1.102485209703445435e-01;6.154972314834594727e-02
5.175697803497314453e-01;1.102199554443359375e-01;6.145367398858070374e-02
6.404452323913574219e-01;-4.277389943599700928e-01;3.686901032924652100e-01
5.130977630615234375e-01;-4.906939268112182617e-01;1.182309389114379883e-01
5.130659341812133789e-01;-4.907108247280120850e-01;1.182182580232620239e-01
7.069885730743408203e-01;-3.400936722755432129e-01;9.324356168508529663e-02
5.130938887596130371e-01;-4.907246828079223633e-01;1.182102337479591370e-01
6.630275249481201172e-01;-4.585807025432586670e-01;-8.164823055267333984e-02
5.130124092102050781e-01;-4.906834065914154053e-01;1.182004734873771667e-01
3.400586247444152832e-01;-5.007848143577575684e-01;-6.646841764450073242e-03
5.130527615547180176e-01;-4.906916320323944092e-01;1.182635426521301270e-01
5.130770206451416016e-01;-4.906838238239288330e-01;1.182399615645408630e-01
4.359439015388488770e-01;9.099628031253814697e-02;3.245149552822113037e-01
4.726561903953552246e-01;-8.828993141651153564e-02;3.932539224624633789e-01
4.724221825599670410e-01;-8.839304000139236450e-02;3.931945562362670898e-01
2.694862484931945801e-01;-4.306233674287796021e-02;3.712047636508941650e-01
4.725618064403533936e-01;-8.841952681541442871e-02;3.931559026241302490e-01
6.759113073348999023e-01;-1.543459892272949219e-01;3.568782806396484375e-01
4.723893404006958008e-01;-8.831995725631713867e-02;3.931434452533721924e-01
5.109661817550659180e-01;-2.642495930194854736e-01;3.760398626327514648e-01
4.724758267402648926e-01;-8.829994499683380127e-02;3.933640420436859131e-01
4.725210368633270264e-01;-8.834380656480789185e-02;3.932232856750488281e-01
