-2.827990055084228516e-01;7.817350327968597412e-02;-4.702539443969726562e-01
-2.828988432884216309e-01;3.594477847218513489e-02;-4.218532145023345947e-01
-2.828948199748992920e-01;1.439377963542938232e-01;-4.511743187904357910e-01
-2.827185690402984619e-01;1.111227273941040039e-02;-4.939669370651245117e-01
-2.828314006328582764e-01;1.795683950185775757e-01;-4.939773976802825928e-01
-2.829016745090484619e-01;1.855506002902984619e-01;-4.669837951660156250e-01
-2.830275893211364746e-01;2.666588127613067627e-02;-3.690568506717681885e-01
-2.828436493873596191e-01;-3.707220405340194702e-02;-4.429186880588531494e-01
-2.831012606620788574e-01;6.429711729288101196e-02;-3.439828753471374512e-01
-2.828615903854370117e-01;2.036392390727996826e-01;-4.939800202846527100e-01
7.264509797096252441e-01;-5.024204254150390625e-01;-2.879830002784729004e-01
6.503176689147949219e-01;-5.000736117362976074e-01;-4.451085925102233887e-01
5.331471562385559082e-01;-5.038114190101623535e-01;-2.496647238731384277e-01
6.715715527534484863e-01;-5.065368413925170898e-01;-8.913880586624145508e-02
7.073476314544677734e-01;-4.367699921131134033e-01;-7.743375003337860107e-02
5.736370682716369629e-01;-5.005376935005187988e-01;-4.634833037853240967e-01
5.875685214996337891e-01;-2.628434598445892334e-01;-3.616283833980560303e-01
6.615405678749084473e-01;-4.776483774185180664e-01;-7.022053003311157227e-03
6.591497659683227539e-01;-2.470041513442993164e-01;-3.369936347007751465e-02
5.402721762657165527e-01;-5.018823146820068359e-01;5.142524838447570801e-02
5.412698984146118164e-01;-2.415281683206558228e-01;3.626351356506347656e-01
5.785243511199951172e-01;-1.045758575201034546e-01;3.908213973045349121e-01
6.849274039268493652e-01;-3.125087618827819824e-01;3.781624138355255127e-01
7.120132446289062500e-01;-2.650276422500610352e-01;3.797478675842285156e-01
5.789489150047302246e-01;-1.634039878845214844e-01;1.541907042264938354e-01
5.768833160400390625e-01;-4.651583433151245117e-01;3.633945286273956299e-01
5.361915826797485352e-01;-1.476570963859558105e-02;3.988654017448425293e-01
3.517200052738189697e-01;-1.616791933774948120e-01;2.477202713489532471e-01
7.538872361183166504e-01;-2.527006566524505615e-01;2.500517666339874268e-01
7.562422752380371094e-01;-9.243342280387878418e-02;3.260456919670104980e-01
-2.830991446971893311e-01;-4.956454336643218994e-01;-4.674471914768218994e-01
-2.831893265247344971e-01;-4.694825410842895508e-01;-4.699600934982299805e-01
-2.833179235458374023e-01;-4.331977367401123047e-01;-4.073893129825592041e-01
-2.831520736217498779e-01;-4.038145840167999268e-01;-4.743125140666961670e-01
-2.831508517265319824e-01;-3.924146294593811035e-01;-4.672938883304595947e-01
-2.591609060764312744e-01;-4.117636978626251221e-01;-4.104009270668029785e-01
-2.835385799407958984e-01;-4.953974187374114990e-01;-3.580705821514129639e-01
-2.835050523281097412e-01;-4.606198966503143311e-01;-3.521015942096710205e-01
-1.869415491819381714e-01;-4.118531346321105957e-01;-3.684904575347900391e-01
-2.829993963241577148e-01;-3.258552253246307373e-01;-4.939718246459960938e-01
-2.838141322135925293e-01;4.999655783176422119e-01;-1.909186840057373047e-01
-2.841491103172302246e-01;4.989258348941802979e-01;-1.011250764131546021e-01
-2.838048636913299561e-01;3.805490434169769287e-01;-1.949544101953506470e-01
-2.836637496948242188e-01;4.187016785144805908e-01;-2.795198559761047363e-01
-2.840383946895599365e-01;4.303732812404632568e-01;-8.470067381858825684e-02
-2.842208743095397949e-01;4.996783435344696045e-01;-6.331780552864074707e-02
-1.776369065046310425e-01;5.003039836883544922e-01;-2.733528614044189453e-01
-2.836419939994812012e-01;4.997855722904205322e-01;-3.353688716888427734e-01
-1.996012926101684570e-01;5.002907514572143555e-01;-5.501334369182586670e-02
-2.835347652435302734e-01;4.065406024456024170e-01;-3.254874944686889648e-01
2.766594290733337402e-01;3.932325243949890137e-01;-4.441976845264434814e-01
2.174470871686935425e-01;3.313416838645935059e-01;-4.076074361801147461e-01
1.534132212400436401e-01;5.009032487869262695e-01;-3.489489555358886719e-01
2.167008370161056519e-01;4.636687338352203369e-01;-2.656226456165313721e-01
3.939189910888671875e-01;5.056914687156677246e-01;-3.230065405368804932e-01
1.791563183069229126e-01;1.758547574281692505e-01;-4.925488233566284180e-01
4.875737130641937256e-01;2.459273487329483032e-01;-4.692253172397613525e-01
3.339644968509674072e-01;2.405969798564910889e-01;-2.285672575235366821e-01
1.812774389982223511e-01;3.418519496917724609e-01;-1.815896332263946533e-01
7.019823789596557617e-02;2.842172384262084961e-01;-2.527505457401275635e-01
1.740527749061584473e-01;-4.966088235378265381e-01;3.620415925979614258e-01
1.938098222017288208e-01;-4.323069751262664795e-01;5.025027394294738770e-01
6.502275913953781128e-02;-3.249410688877105713e-01;2.912068068981170654e-01
2.284150272607803345e-01;-2.927768826484680176e-01;4.247448742389678955e-01
2.393501549959182739e-01;-3.333303034305572510e-01;2.169622927904129028e-01
1.864552050828933716e-01;-2.464418709278106689e-01;4.142077565193176270e-01
-3.904932737350463867e-02;-4.071300029754638672e-01;1.236945539712905884e-01
-1.340394020080566406e-01;-3.632452785968780518e-01;3.646114170551300049e-01
-6.565448641777038574e-02;-4.962347745895385742e-01;9.659421443939208984e-02
2.397203147411346436e-01;-1.355759203433990479e-01;3.753085434436798096e-01
-2.841196656227111816e-01;-4.953475892543792725e-01;1.383220851421356201e-01
-2.837327718734741211e-01;-4.948196411132812500e-01;1.064656749367713928e-01
-2.837043404579162598e-01;-4.956429302692413330e-01;9.764949977397918701e-02
-2.840989232063293457e-01;-4.726071059703826904e-01;5.380541831254959106e-02
-2.839328348636627197e-01;-4.956427514553070068e-01;3.881697356700897217e-02
-2.838988602161407471e-01;-3.806678354740142822e-01;1.539354473352432251e-01
-2.839276790618896484e-01;-4.880337715148925781e-01;8.677214384078979492e-03
-2.305254191160202026e-01;-4.569041728973388672e-01;1.962032914161682129e-02
-2.838799953460693359e-01;-4.953607022762298584e-01;2.741618752479553223e-01
-2.840302586555480957e-01;-4.135259687900543213e-01;-6.251960992813110352e-03
-2.829051017761230469e-01;7.538925856351852417e-02;5.035123825073242188e-01
-2.828839421272277832e-01;2.181813120841979980e-03;5.035151839256286621e-01
-2.830654680728912354e-01;1.152507662773132324e-01;4.412527978420257568e-01
-2.830554842948913574e-01;4.071792587637901306e-02;4.262537658214569092e-01
-2.831242382526397705e-01;1.542179286479949951e-01;4.295967519283294678e-01
-2.831686437129974365e-01;1.331145614385604858e-01;4.000827372074127197e-01
-2.830686569213867188e-01;-2.192599326372146606e-02;4.168235361576080322e-01
-2.829857766628265381e-01;-5.737034231424331665e-02;4.583345651626586914e-01
-2.223816663026809692e-01;-3.356621414422988892e-02;4.245380759239196777e-01
-2.831494808197021484e-01;-1.189731061458587646e-02;3.790238797664642334e-01
5.100948810577392578e-01;1.098766922950744629e-01;2.713802158832550049e-01
4.518061578273773193e-01;7.494961470365524292e-02;3.240278959274291992e-01
5.361915826797485352e-01;-1.476570963859558105e-02;3.988654017448425293e-01
6.691207885742187500e-01;1.932303458452224731e-01;3.113194704055786133e-01
6.638029217720031738e-01;8.175513893365859985e-02;1.627178341150283813e-01
5.284181833267211914e-01;4.485617578029632568e-02;8.030274510383605957e-02
3.417471051216125488e-01;2.091013044118881226e-01;2.049634307622909546e-01
7.162932753562927246e-01;1.582342088222503662e-01;4.072361886501312256e-01
5.785243511199951172e-01;-1.045758724212646484e-01;3.908213973045349121e-01
6.769548058509826660e-01;2.902725934982299805e-01;3.612801730632781982e-01
-2.837859392166137695e-01;-3.612129390239715576e-01;-1.604613214731216431e-01
-2.837479114532470703e-01;-3.617952167987823486e-01;-1.818598359823226929e-01
-2.837479114532470703e-01;-3.617952167987823486e-01;-1.818598359823226929e-01
-2.838556766510009766e-01;-4.090729653835296631e-01;-1.606282740831375122e-01
-2.835981249809265137e-01;-3.561780154705047607e-01;-2.528442740440368652e-01
-2.839795351028442383e-01;-4.061282277107238770e-01;-6.536247581243515015e-02
-2.839785516262054443e-01;-4.024806916713714600e-01;-5.663964152336120605e-02
-2.839424312114715576e-01;-4.851716160774230957e-01;-1.829359382390975952e-01
-2.838324606418609619e-01;-4.786822795867919922e-01;-2.185086756944656372e-01
-2.838139832019805908e-01;-2.878830134868621826e-01;-4.550506919622421265e-02
2.333886921405792236e-01;-5.261018499732017517e-02;2.064908593893051147e-01
2.085456699132919312e-01;9.755176305770874023e-02;2.105007916688919067e-01
2.408563494682312012e-01;5.103975906968116760e-02;3.205661475658416748e-01
3.517200052738189697e-01;-1.616791933774948120e-01;2.477202713489532471e-01
3.399051129817962646e-01;3.033349290490150452e-02;8.443819731473922729e-02
2.397203147411346436e-01;-1.355759203433990479e-01;3.753085434436798096e-01
2.044478952884674072e-01;-4.285395517945289612e-02;4.413659572601318359e-01
1.348218321800231934e-02;3.147851303219795227e-02;2.896921038627624512e-01
-2.801835536956787109e-03;-2.456156909465789795e-02;1.245022863149642944e-01
8.940528333187103271e-02;-8.714898675680160522e-02;4.422702193260192871e-01
8.276665210723876953e-02;4.482495188713073730e-01;4.426817893981933594e-01
7.735066115856170654e-02;4.218887984752655029e-01;4.169897139072418213e-01
-8.816166222095489502e-02;2.768954932689666748e-01;4.636019468307495117e-01
-1.613639891147613525e-01;3.713603019714355469e-01;3.495872616767883301e-01
-4.175109416246414185e-02;2.812258303165435791e-01;2.202163338661193848e-01
1.133427545428276062e-01;1.394172310829162598e-01;4.254773855209350586e-01
-1.306402981281280518e-01;2.493943125009536743e-01;3.303481638431549072e-01
1.726547926664352417e-01;4.158541262149810791e-01;1.261759996414184570e-01
-1.188071817159652710e-01;1.849687695503234863e-01;3.749194145202636719e-01
1.882140785455703735e-01;2.412436455488204956e-01;1.768189072608947754e-01
4.615255892276763916e-01;4.215466380119323730e-01;2.691559493541717529e-01
7.234882712364196777e-01;4.804441034793853760e-01;4.788439869880676270e-01
7.234227657318115234e-01;4.803831875324249268e-01;4.788303077220916748e-01
7.205584645271301270e-01;4.783284664154052734e-01;4.748750925064086914e-01
7.234667539596557617e-01;4.803826510906219482e-01;4.788120388984680176e-01
7.139251828193664551e-01;4.831176102161407471e-01;1.579190194606781006e-01
7.233569622039794922e-01;4.804434776306152344e-01;4.787988960742950439e-01
7.072069644927978516e-01;2.117032110691070557e-01;3.371356725692749023e-01
7.234055995941162109e-01;4.804358482360839844e-01;4.789047539234161377e-01
7.234507799148559570e-01;4.804424941539764404e-01;4.788621664047241211e-01
-2.816521525382995605e-01;-1.735725104808807373e-01;4.457607567310333252e-01
-2.831312417984008789e-01;-3.151310682296752930e-01;5.035595893859863281e-01
-2.831743061542510986e-01;-3.151426315307617188e-01;5.035376548767089844e-01
-2.812025547027587891e-01;-3.929565846920013428e-01;4.084087014198303223e-01
-2.831298708915710449e-01;-3.151227235794067383e-01;5.035334229469299316e-01
-2.831180989742279053e-01;-2.973734736442565918e-01;4.390322268009185791e-01
-2.831622958183288574e-01;-3.151325583457946777e-01;5.035495162010192871e-01
-2.799382805824279785e-01;-2.751221358776092529e-01;3.431341052055358887e-01
-2.831814587116241455e-01;-3.151094019412994385e-01;5.035643577575683594e-01
-2.831798791885375977e-01;-3.151308000087738037e-01;5.035318732261657715e-01
6.887590289115905762e-01;4.959924519062042236e-01;-1.659658551216125488e-01
7.370973825454711914e-01;5.040277242660522461e-01;-4.500010907649993896e-01
7.371931672096252441e-01;5.040830373764038086e-01;-4.499954581260681152e-01
7.282603383064270020e-01;4.417169988155364990e-01;-3.830826878547668457e-01
7.371455430984497070e-01;5.040989518165588379e-01;-4.499672353267669678e-01
7.327179908752441406e-01;5.091798305511474609e-01;-4.583508372306823730e-01
7.372151017189025879e-01;5.040435194969177246e-01;-4.499583840370178223e-01
5.248236060142517090e-01;2.554649412631988525e-01;-4.686762690544128418e-01
7.371686697006225586e-01;5.040491223335266113e-01;-4.500576257705688477e-01
7.371478676795959473e-01;5.040586590766906738e-01;-4.500069022178649902e-01
-2.771445810794830322e-01;4.907562434673309326e-01;3.740887045860290527e-01
-2.836356461048126221e-01;4.996292591094970703e-01;3.902595341205596924e-01
-2.837123274803161621e-01;4.995952248573303223e-01;3.902356326580047607e-01
-2.841238081455230713e-01;3.695795536041259766e-01;4.549713730812072754e-01
-2.836660146713256836e-01;4.995943307876586914e-01;3.902295529842376709e-01
-2.843106389045715332e-01;4.859874546527862549e-01;4.276699423789978027e-01
-2.837082445621490479e-01;4.996156692504882812e-01;3.902288079261779785e-01
-2.796640992164611816e-01;3.951965570449829102e-01;2.785896062850952148e-01
-2.837019860744476318e-01;4.996299147605895996e-01;3.902955651283264160e-01
-2.836838662624359131e-01;4.996148943901062012e-01;3.902497887611389160e-01
3.322566747665405273e-01;1.016150265932083130e-01;1.052343100309371948e-01
2.421211898326873779e-01;2.099155932664871216e-01;-4.111997038125991821e-02
2.422140538692474365e-01;2.099841833114624023e-01;-4.112385213375091553e-02
3.044479191303253174e-01;1.987541913986206055e-01;-2.128391414880752563e-01
2.421812117099761963e-01;2.100042253732681274e-01;-4.109556972980499268e-02
2.943083345890045166e-01;3.763347268104553223e-01;-1.382301300764083862e-01
2.422782778739929199e-01;2.099263221025466919e-01;-4.107613489031791687e-02
5.421778559684753418e-02;2.545565962791442871e-01;-1.140089780092239380e-01
2.422320991754531860e-01;2.099460661411285400e-01;-4.121988639235496521e-02
2.421721667051315308e-01;2.099303752183914185e-01;-4.116974025964736938e-02
-1.190389841794967651e-01;-4.403267502784729004e-01;1.245421394705772400e-01
8.129078149795532227e-02;-4.562350213527679443e-01;-5.140507221221923828e-02
8.106455951929092407e-02;-4.563856422901153564e-01;-5.146403238177299500e-02
1.386790722608566284e-01;-4.851262569427490234e-01;-2.943453490734100342e-01
8.121128380298614502e-02;-4.563377499580383301e-01;-5.149576440453529358e-02
2.876887619495391846e-01;-4.831351041793823242e-01;-4.117554426193237305e-02
8.102464675903320312e-02;-4.562488198280334473e-01;-5.148412287235260010e-02
1.360848546028137207e-03;-2.536180019378662109e-01;-8.653201162815093994e-02
8.103875815868377686e-02;-4.562289118766784668e-01;-5.124970525503158569e-02
8.113405853509902954e-02;-4.562591910362243652e-01;-5.141581594944000244e-02
-2.804492712020874023e-01;1.158381104469299316e-01;1.506911069154739380e-01
-2.835291326045989990e-01;3.967017680406570435e-02;1.007370725274085999e-01
-2.836287319660186768e-01;3.962198644876480103e-02;1.007096022367477417e-01
-2.815038859844207764e-01;-6.469048559665679932e-02;1.079293712973594666e-01
-2.835629880428314209e-01;3.964243456721305847e-02;1.007002145051956177e-01
-2.827988564968109131e-01;-1.093633845448493958e-02;1.964239776134490967e-01
-2.836192846298217773e-01;3.965556994080543518e-02;1.007104665040969849e-01
-2.817904055118560791e-01;8.509410172700881958e-02;1.286350935697555542e-02
-2.836340665817260742e-01;3.968045487999916077e-02;1.007857173681259155e-01
-2.836084067821502686e-01;3.965613245964050293e-02;1.007189005613327026e-01
5.721889734268188477e-01;1.948665827512741089e-03;-2.263621091842651367e-01
4.718679487705230713e-01;-5.146334692835807800e-02;-4.282349050045013428e-01
4.716798067092895508e-01;-5.154667794704437256e-02;-4.282944202423095703e-01
3.920990526676177979e-01;-2.008422464132308960e-01;-3.691273927688598633e-01
4.718048274517059326e-01;-5.152761191129684448e-02;-4.283148944377899170e-01
6.487306356430053711e-01;-2.521533519029617310e-03;-3.946889042854309082e-01
4.716736376285552979e-01;-5.148432403802871704e-02;-4.283137917518615723e-01
3.739436566829681396e-01;8.161178231239318848e-02;-4.232558906078338623e-01
4.716941714286804199e-01;-5.144533142447471619e-02;-4.281397461891174316e-01
4.717408120632171631e-01;-5.149273201823234558e-02;-4.282711446285247803e-01
1.467343419790267944e-02;3.440771698951721191e-01;4.140284657478332520e-01
1.133677214384078979e-01;1.394323259592056274e-01;4.254555106163024902e-01
1.133448854088783264e-01;1.393989026546478271e-01;4.254573583602905273e-01
1.296246647834777832e-01;-5.532650649547576904e-02;4.134623706340789795e-01
1.133520901203155518e-01;1.394232660531997681e-01;4.254529774188995361e-01
2.366357743740081787e-01;4.623934626579284668e-02;3.450457453727722168e-01
1.133252382278442383e-01;1.394289731979370117e-01;4.254510700702667236e-01
-3.767646104097366333e-02;5.337946116924285889e-02;2.881864905357360840e-01
1.133050769567489624e-01;1.394311934709548950e-01;4.254944920539855957e-01
1.133396551012992859e-01;1.394358873367309570e-01;4.254727661609649658e-01
7.238608002662658691e-01;4.597321450710296631e-01;1.402387171983718872e-01
7.050317525863647461e-01;5.124478340148925781e-01;8.971168659627437592e-03
7.049335837364196777e-01;5.123919248580932617e-01;8.934077806770801544e-03
6.851263642311096191e-01;5.004179477691650391e-01;-9.476473182439804077e-02
7.050010561943054199e-01;5.124188065528869629e-01;8.932852186262607574e-03
7.115342617034912109e-01;4.952392578125000000e-01;-1.986458450555801392e-01
7.049202919006347656e-01;5.124427676200866699e-01;8.942470885813236237e-03
4.929037988185882568e-01;3.462504148483276367e-01;1.574338972568511963e-02
7.049079537391662598e-01;5.124607086181640625e-01;9.045804850757122040e-03
7.049601078033447266e-01;5.124506950378417969e-01;8.967026136815547943e-03
6.859531402587890625e-01;-4.235580563545227051e-03;1.805710494518280029e-01
7.092000246047973633e-01;-1.259781867265701294e-01;-3.543136268854141235e-02
7.089921236038208008e-01;-1.260692328214645386e-01;-3.549882024526596069e-02
7.416197061538696289e-01;-9.750577062368392944e-02;-1.709115207195281982e-01
7.091327309608459473e-01;-1.260610222816467285e-01;-3.551630675792694092e-02
5.692488551139831543e-01;5.024257302284240723e-02;-1.784929335117340088e-01
7.089745998382568359e-01;-1.259931772947311401e-01;-3.551557660102844238e-02
7.130905985832214355e-01;-3.428453207015991211e-01;8.643669635057449341e-02
7.090156078338623047e-01;-1.259659677743911743e-01;-3.532945364713668823e-02
7.090671062469482422e-01;-1.260069310665130615e-01;-3.546701371669769287e-02
1.320328265428543091e-01;-4.713845551013946533e-01;-2.585015296936035156e-01
1.455659866333007812e-01;-3.483873009681701660e-01;-4.546846747398376465e-01
1.458431929349899292e-01;-3.482782542705535889e-01;-4.546113312244415283e-01
5.452522635459899902e-02;-1.233780980110168457e-01;-4.578984677791595459e-01
1.456724554300308228e-01;-3.482289612293243408e-01;-4.545689821243286133e-01
4.100205302238464355e-01;-2.163867205381393433e-01;-4.388877451419830322e-01
1.458897590637207031e-01;-3.483657240867614746e-01;-4.545532166957855225e-01
2.917394042015075684e-03;-1.665655970573425293e-01;-4.638335108757019043e-01
1.457720696926116943e-01;-3.483773767948150635e-01;-4.548187553882598877e-01
1.457096338272094727e-01;-3.483374714851379395e-01;-4.546702802181243896e-01
6.473072171211242676e-01;-4.539054632186889648e-01;3.459042608737945557e-01
5.402154922485351562e-01;-5.019031167030334473e-01;5.146200209856033325e-02
5.403077006340026855e-01;-5.018468499183654785e-01;5.146789550781250000e-02
6.973907947540283203e-01;-2.896211743354797363e-01;2.751312591135501862e-02
5.402742028236389160e-01;-5.018407106399536133e-01;5.148417875170707703e-02
6.992565393447875977e-01;-4.258138537406921387e-01;-6.550972163677215576e-02
5.403145551681518555e-01;-5.018825531005859375e-01;5.149278417229652405e-02
3.134535253047943115e-01;-5.030952692031860352e-01;-3.439800068736076355e-02
5.402952432632446289e-01;-5.018802285194396973e-01;5.139304697513580322e-02
5.402601957321166992e-01;-5.018745660781860352e-01;5.144654214382171631e-02
2.898273468017578125e-01;1.260266304016113281e-01;-1.955714225769042969e-01
1.108057126402854919e-01;-3.039123862981796265e-02;-2.911671400070190430e-01
1.108271181583404541e-01;-3.037281334400177002e-02;-2.911618649959564209e-01
4.152240604162216187e-02;-1.135057657957077026e-01;-4.772435426712036133e-01
1.108034104108810425e-01;-3.035505302250385284e-02;-2.911497652530670166e-01
2.570163905620574951e-01;-1.533468365669250488e-01;-2.292711734771728516e-01
1.108951270580291748e-01;-3.040473535656929016e-02;-2.911415100097656250e-01
7.350710034370422363e-02;1.900719702243804932e-01;-1.617065966129302979e-01
1.108532324433326721e-01;-3.038821555674076080e-02;-2.912127077579498291e-01
1.108187660574913025e-01;-3.040942363440990448e-02;-2.912011146545410156e-01
7.190434336662292480e-01;-2.731811404228210449e-01;3.775547146797180176e-01
7.587776184082031250e-01;-5.016809105873107910e-01;3.304994702339172363e-01
7.587639689445495605e-01;-5.017107725143432617e-01;3.304985463619232178e-01
7.555254697799682617e-01;-4.958119690418243408e-01;3.411962687969207764e-01
7.587713003158569336e-01;-5.016974210739135742e-01;3.304948806762695312e-01
6.736851334571838379e-01;-4.131354391574859619e-01;6.274092197418212891e-02
7.587258219718933105e-01;-5.016766786575317383e-01;3.304864168167114258e-01
6.059857606887817383e-01;-4.229675829410552979e-01;3.693998456001281738e-01
7.587282657623291016e-01;-5.016837120056152344e-01;3.305452764034271240e-01
7.587663531303405762e-01;-5.016714930534362793e-01;3.305227458477020264e-01
3.147412464022636414e-02;2.754045724868774414e-01;-1.317884325981140137e-01
4.645666107535362244e-02;5.007623434066772461e-01;-1.860779225826263428e-01
4.627107083797454834e-02;5.006822943687438965e-01;-1.861515790224075317e-01
2.568035721778869629e-01;4.222803711891174316e-01;-2.552547454833984375e-01
4.640892148017883301e-02;5.006930828094482422e-01;-1.861701458692550659e-01
1.539384126663208008e-01;4.975529909133911133e-01;-3.476322293281555176e-01
4.627748578786849976e-02;5.007415413856506348e-01;-1.861623674631118774e-01
-1.953945457935333252e-01;5.015680193901062012e-01;-2.194675803184509277e-01
4.630849137902259827e-02;5.007828474044799805e-01;-1.860115975141525269e-01
4.633583873510360718e-02;5.007273554801940918e-01;-1.861385703086853027e-01
4.874145090579986572e-01;4.562228024005889893e-01;3.459919095039367676e-01
4.308994412422180176e-01;4.625371098518371582e-01;1.814573854207992554e-01
4.305552542209625244e-01;4.623350799083709717e-01;1.813806295394897461e-01
4.105236232280731201e-01;5.071693062782287598e-01;-5.142778158187866211e-03
4.307577013969421387e-01;4.623694717884063721e-01;1.813180893659591675e-01
7.030357122421264648e-01;4.594033062458038330e-01;1.662903577089309692e-01
4.305346906185150146e-01;4.624923467636108398e-01;1.813498884439468384e-01
3.187025785446166992e-01;2.956412136554718018e-01;2.402361333370208740e-01
4.305532574653625488e-01;4.625268876552581787e-01;1.816632598638534546e-01
4.306687712669372559e-01;4.624733328819274902e-01;1.814333796501159668e-01
-3.107746690511703491e-02;-3.075309842824935913e-02;1.149189770221710205e-01
-1.823850674554705620e-03;-1.473369300365447998e-01;-1.683626137673854828e-02
-2.074132440611720085e-03;-1.474538445472717285e-01;-1.688828878104686737e-02
-1.392415016889572144e-01;-2.555457949638366699e-01;-3.759558498859405518e-02
-1.936183078214526176e-03;-1.474478393793106079e-01;-1.692357473075389862e-02
7.209192961454391479e-02;-2.653850018978118896e-01;-1.282177567481994629e-01
-2.060574246570467949e-03;-1.473801285028457642e-01;-1.691446267068386078e-02
-2.396516501903533936e-01;-1.696226745843887329e-01;8.787581697106361389e-03
-2.030743984505534172e-03;-1.473476886749267578e-01;-1.672570966184139252e-02
-1.990664517506957054e-03;-1.474058032035827637e-01;-1.688075251877307892e-02
6.839796900749206543e-01;-7.934653013944625854e-02;-1.789697259664535522e-01
7.183353304862976074e-01;1.147810369729995728e-01;-3.240370154380798340e-01
7.181226611137390137e-01;1.146807000041007996e-01;-3.241004943847656250e-01
6.011164188385009766e-01;4.154433310031890869e-02;-2.956000268459320068e-01
7.182594537734985352e-01;1.146974191069602966e-01;-3.241299986839294434e-01
6.457284688949584961e-01;3.730643391609191895e-01;-4.159793257713317871e-01
7.180929183959960938e-01;1.147607788443565369e-01;-3.241286277770996094e-01
4.711125195026397705e-01;-3.110393881797790527e-04;-4.422535300254821777e-01
7.181329727172851562e-01;1.147941425442695618e-01;-3.239313364028930664e-01
7.181907892227172852e-01;1.147495657205581665e-01;-3.240726888179779053e-01
