-2.827990055084228516e-01;7.817350327968597412e-02;-4.702539443969726562e-01
7.182123064994812012e-01;1.147730723023414612e-01;-3.240110576152801514e-01
-2.831686437129974365e-01;1.331145614385604858e-01;4.000827372074127197e-01
2.085456699132919312e-01;9.755177050828933716e-02;2.105007916688919067e-01
3.417471051216125488e-01;2.091013044118881226e-01;2.049634307622909546e-01
-2.840302586555480957e-01;-4.135259687900543213e-01;-6.251959595829248428e-03
-2.836352288722991943e-01;4.997643530368804932e-01;4.100900888442993164e-01
7.019823789596557617e-02;2.842172384262084961e-01;-2.527505457401275635e-01
2.333886921405792236e-01;-5.261018499732017517e-02;2.064908593893051147e-01
-2.832224965095520020e-01;3.692548573017120361e-01;-4.393951892852783203e-01
-1.826021224260330200e-01;1.105046048760414124e-01;-2.678731083869934082e-01
-2.831494808197021484e-01;-1.189731340855360031e-02;3.790238797664642334e-01
-2.834731042385101318e-01;-2.529284954071044922e-01;3.025519847869873047e-01
7.234513759613037109e-01;4.804167449474334717e-01;4.788889884948730469e-01
3.566789031028747559e-01;-2.140770554542541504e-01;-3.212434947490692139e-01
-2.838472127914428711e-01;-3.294210135936737061e-01;1.260591298341751099e-01
-2.840884923934936523e-01;4.373798668384552002e-01;-2.412503771483898163e-02
-2.833495438098907471e-01;2.123366110026836395e-02;-2.249027639627456665e-01
-2.835981249809265137e-01;-3.561780154705047607e-01;-2.528442740440368652e-01
5.789489150047302246e-01;-1.634039878845214844e-01;1.541907042264938354e-01
-1.260410547256469727e-01;-4.570703804492950439e-01;9.864312410354614258e-02
5.875685214996337891e-01;-2.628434598445892334e-01;-3.616283833980560303e-01
-1.889449656009674072e-01;1.274740397930145264e-01;1.435162872076034546e-01
-8.703909069299697876e-02;1.854713410139083862e-01;-2.396847307682037354e-01
1.108170226216316223e-01;-3.037305921316146851e-02;-2.911953032016754150e-01
-2.835978269577026367e-01;2.152490466833114624e-01;2.230795621871948242e-01
6.849274039268493652e-01;-3.125087618827819824e-01;3.781624138355255127e-01
-1.185396760702133179e-01;4.612050652503967285e-01;1.506759524345397949e-01
-2.835648059844970703e-01;-3.824274241924285889e-01;3.413443565368652344e-01
-2.834055721759796143e-01;1.987349987030029297e-01;3.172008991241455078e-01
-2.834697663784027100e-01;-2.329383045434951782e-02;2.090582549571990967e-01
-2.832680940628051758e-01;-1.353908032178878784e-01;-2.851693332195281982e-01
3.465109765529632568e-01;7.329767942428588867e-02;-4.020378291606903076e-01
-8.816166222095489502e-02;2.768954932689666748e-01;4.636019468307495117e-01
-1.065446659922599792e-01;-3.176431357860565186e-01;-2.400695234537124634e-01
6.691207885742187500e-01;1.932303458452224731e-01;3.113194704055786133e-01
2.299002707004547119e-01;1.271378099918365479e-01;4.205593764781951904e-01
-2.839795351028442383e-01;-4.061282277107238770e-01;-6.536247581243515015e-02
-2.828436493873596191e-01;-3.707220405340194702e-02;-4.429186880588531494e-01
-2.831012606620788574e-01;6.429711729288101196e-02;-3.439828753471374512e-01
4.473650753498077393e-01;-2.327902019023895264e-01;-3.056723177433013916e-01
-2.835287749767303467e-01;-2.428213879466056824e-02;1.625943332910537720e-01
-2.834661900997161865e-01;-1.509994566440582275e-01;2.487368732690811157e-01
4.306865632534027100e-01;4.624952077865600586e-01;1.815394312143325806e-01
2.397203147411346436e-01;-1.355759203433990479e-01;3.753085434436798096e-01
-2.591609060764312744e-01;-4.117636978626251221e-01;-4.104009270668029785e-01
-2.836641073226928711e-01;-2.409368306398391724e-01;1.800528466701507568e-01
-2.835287749767303467e-01;-2.428213879466056824e-02;1.625943332910537720e-01
-2.836426794528961182e-01;-3.393524289131164551e-01;2.746960818767547607e-01
-2.837994694709777832e-01;2.607922852039337158e-01;-5.725050345063209534e-02
1.726547926664352417e-01;4.158541262149810791e-01;1.261760145425796509e-01
-2.835347652435302734e-01;4.065406024456024170e-01;-3.254874944686889648e-01
-2.107103615999221802e-01;-2.454727739095687866e-01;-4.096224009990692139e-01
2.167008370161056519e-01;4.636687338352203369e-01;-2.656226456165313721e-01
-2.837340831756591797e-01;4.013699889183044434e-01;3.015157878398895264e-01
7.090873122215270996e-01;-1.259838193655014038e-01;-3.540808707475662231e-02
-2.833179235458374023e-01;-4.331977367401123047e-01;-4.073893129825592041e-01
1.938098222017288208e-01;-4.323069751262664795e-01;5.025027394294738770e-01
6.638029217720031738e-01;8.175513893365859985e-02;1.627178341150283813e-01
-2.837783992290496826e-01;2.313691824674606323e-01;6.669962406158447266e-02
-2.829857766628265381e-01;-5.737034603953361511e-02;4.583345651626586914e-01
-2.836637496948242188e-01;4.187016785144805908e-01;-2.795198559761047363e-01
-2.837479114532470703e-01;-3.617952167987823486e-01;-1.818598359823226929e-01
8.115583658218383789e-02;-4.562682211399078369e-01;-5.134261399507522583e-02
-2.832965552806854248e-01;3.994257152080535889e-01;-4.228089749813079834e-01
-2.834182083606719971e-01;1.448790282011032104e-01;-2.268624156713485718e-01
2.174470871686935425e-01;3.313416838645935059e-01;-4.076074361801147461e-01
-1.976647181436419487e-03;-1.473524570465087891e-01;-1.680023781955242157e-02
-2.832992076873779297e-01;-1.125489547848701477e-01;3.212928473949432373e-01
7.662707567214965820e-02;2.439731508493423462e-01;1.164456736296415329e-02
-7.302599400281906128e-02;8.889005519449710846e-03;7.497351616621017456e-02
5.828597545623779297e-01;3.318256512284278870e-02;-3.422939181327819824e-01
-2.840475738048553467e-01;4.912197291851043701e-01;1.244651749730110168e-01
-2.836509644985198975e-01;-4.858655333518981934e-01;3.608507215976715088e-01
3.339644968509674072e-01;2.405969798564910889e-01;-2.285672575235366821e-01
-2.836793959140777588e-01;3.244316875934600830e-01;2.666288018226623535e-01
6.591497659683227539e-01;-2.470041364431381226e-01;-3.369935229420661926e-02
4.495118856430053711e-01;4.188804328441619873e-01;2.497721463441848755e-01
-2.836013734340667725e-01;1.233158167451620102e-02;-2.496389672160148621e-02
-2.838556766510009766e-01;-4.090729653835296631e-01;-1.606282740831375122e-01
-2.829993963241577148e-01;-3.258552253246307373e-01;-4.939718246459960938e-01
-2.834993302822113037e-01;-1.076432596892118454e-02;1.850167959928512573e-01
-1.252285689115524292e-01;-1.880427896976470947e-01;-1.460524648427963257e-01
4.717631340026855469e-01;-5.146259441971778870e-02;-4.282217323780059814e-01
5.291253924369812012e-01;3.069518506526947021e-01;-3.481454774737358093e-02
-2.838685214519500732e-01;2.934858500957489014e-01;-2.222196944057941437e-02
-2.834007143974304199e-01;-4.047448337078094482e-01;4.354010224342346191e-01
-2.832855880260467529e-01;-8.472236245870590210e-02;3.206483721733093262e-01
5.100948810577392578e-01;1.098766922950744629e-01;2.713802158832550049e-01
5.785243511199951172e-01;-1.045758649706840515e-01;3.908213973045349121e-01
1.133427545428276062e-01;1.394172459840774536e-01;4.254773855209350586e-01
-2.835083007812500000e-01;1.706239127088338137e-04;1.787836551666259766e-01
-2.832852900028228760e-01;-1.392662823200225830e-01;-2.782058119773864746e-01
6.710602641105651855e-01;4.363196194171905518e-01;-6.541484594345092773e-02
-1.613639891147613525e-01;3.713603019714355469e-01;3.495872616767883301e-01
-2.831773161888122559e-01;2.724202908575534821e-02;-3.063314855098724365e-01
1.478588432073593140e-01;8.025477826595306396e-02;-3.109170310199260712e-02
-2.831573784351348877e-01;-3.151186704635620117e-01;5.035434365272521973e-01
1.457089036703109741e-01;-3.483691215515136719e-01;-4.547346532344818115e-01
-2.838048636913299561e-01;3.805490434169769287e-01;-1.949544101953506470e-01
-2.829051017761230469e-01;7.538925856351852417e-02;5.035123825073242188e-01
3.517200052738189697e-01;-1.616791933774948120e-01;2.477202713489532471e-01
6.615405678749084473e-01;-4.776483774185180664e-01;-7.022039964795112610e-03
-2.836669981479644775e-01;-1.636587679386138916e-01;-3.853246197104454041e-02
-2.832970023155212402e-01;1.521408706903457642e-01;3.467959165573120117e-01
-2.833061218261718750e-01;2.798760235309600830e-01;4.192393720149993896e-01
-2.831243872642517090e-01;-6.082206591963768005e-02;-3.301832973957061768e-01
-2.831193804740905762e-01;-2.427787035703659058e-01;-3.928140103816986084e-01
6.502275913953781128e-02;-3.249410688877105713e-01;2.912068068981170654e-01
-2.841074168682098389e-01;4.539768993854522705e-01;-1.508737076073884964e-02
-2.833725214004516602e-01;2.336796224117279053e-01;-2.941884696483612061e-01
-2.830003798007965088e-01;-1.226422265172004700e-01;4.684609770774841309e-01
-2.839785516262054443e-01;-4.024806916713714600e-01;-5.663963779807090759e-02
7.162932753562927246e-01;1.582342088222503662e-01;4.072361886501312256e-01
7.133061885833740234e-01;4.774188101291656494e-01;1.853977590799331665e-01
4.278855323791503906e-01;3.368538320064544678e-01;-1.435115933418273926e-01
3.399051129817962646e-01;3.033349290490150452e-02;8.443819731473922729e-02
2.417872995138168335e-01;-1.243811547756195068e-01;-1.881600469350814819e-01
2.832312323153018951e-02;1.418782863765954971e-02;4.177348911762237549e-01
-1.306402981281280518e-01;2.493943125009536743e-01;3.303481638431549072e-01
-2.838988602161407471e-01;-3.806678354740142822e-01;1.539354473352432251e-01
-2.835069596767425537e-01;6.260957568883895874e-02;-1.418197453022003174e-01
-3.203240688890218735e-03;-3.659230172634124756e-01;-1.764262318611145020e-01
4.983029142022132874e-02;-1.523389965295791626e-01;-4.561948478221893311e-01
-2.070635855197906494e-01;2.982436120510101318e-01;1.984778046607971191e-01
-2.831834852695465088e-01;-2.189905345439910889e-01;4.242337048053741455e-01
-1.340394169092178345e-01;-3.632452785968780518e-01;3.646114170551300049e-01
-1.622220873832702637e-01;-1.063910797238349915e-01;-3.646859228610992432e-01
-2.840941250324249268e-01;4.871944189071655273e-01;1.698253154754638672e-01
2.766594290733337402e-01;3.932325243949890137e-01;-4.441976845264434814e-01
-2.838139832019805908e-01;-2.878830134868621826e-01;-4.550506919622421265e-02
5.278456807136535645e-01;4.604142159223556519e-02;-1.886057555675506592e-01
7.735066115856170654e-02;4.218887984752655029e-01;4.169897139072418213e-01
5.361915826797485352e-01;-1.476571056991815567e-02;3.988654017448425293e-01
-2.835921049118041992e-01;3.966965526342391968e-02;1.007427796721458435e-01
-2.828839421272277832e-01;2.181814983487129211e-03;5.035151839256286621e-01
7.545400857925415039e-01;4.721239507198333740e-01;-2.149405181407928467e-01
-2.837479114532470703e-01;-3.617952167987823486e-01;-1.818598359823226929e-01
5.331471562385559082e-01;-5.038114190101623535e-01;-2.496647238731384277e-01
-2.833561599254608154e-01;1.034086346626281738e-01;2.964197993278503418e-01
2.421855181455612183e-01;2.099567949771881104e-01;-4.118819907307624817e-02
-2.836345434188842773e-01;1.840789616107940674e-01;-1.206275001168251038e-01
-2.837859392166137695e-01;-3.612129390239715576e-01;-1.604613214731216431e-01
-1.188071817159652710e-01;1.849687695503234863e-01;3.749194145202636719e-01
-2.836102843284606934e-01;3.870729804039001465e-01;3.499503731727600098e-01
-2.801828086376190186e-03;-2.456156909465789795e-02;1.245022863149642944e-01
-2.835175096988677979e-01;7.555352896451950073e-02;-1.376073956489562988e-01
-2.124936431646347046e-01;4.138902425765991211e-01;6.994933634996414185e-02
-2.831593751907348633e-01;1.950201094150543213e-01;-3.639084994792938232e-01
7.250455021858215332e-01;4.448486268520355225e-01;-4.364071786403656006e-01
-1.869415491819381714e-01;-4.118531346321105957e-01;-3.684904575347900391e-01
-2.834992706775665283e-01;-1.024842262268066406e-01;2.055898308753967285e-01
-2.831659018993377686e-01;1.921821832656860352e-01;-3.598698973655700684e-01
-2.836961448192596436e-01;-2.163855880498886108e-01;-7.475398480892181396e-02
-2.837994694709777832e-01;2.607922852039337158e-01;-5.725050345063209534e-02
1.882140785455703735e-01;2.412436455488204956e-01;1.768189072608947754e-01
5.843726396560668945e-01;-5.582545697689056396e-02;-3.903934061527252197e-01
-2.829993963241577148e-01;-3.258552253246307373e-01;-4.939718246459960938e-01
-2.835648059844970703e-01;-3.824274241924285889e-01;3.413443565368652344e-01
1.864552050828933716e-01;-2.464418858289718628e-01;4.142077565193176270e-01
6.947958841919898987e-03;2.849396765232086182e-01;-1.291059255599975586e-01
-3.904933109879493713e-02;-4.071300029754638672e-01;1.236945539712905884e-01
-2.836356163024902344e-01;-1.036239042878150940e-01;5.547104403376579285e-02
-2.837773561477661133e-01;2.297270596027374268e-01;6.349097192287445068e-02
5.284181833267211914e-01;4.485617578029632568e-02;8.030275255441665649e-02
-2.828948199748992920e-01;1.439377963542938232e-01;-4.511743187904357910e-01
2.107349187135696411e-01;-1.702036410570144653e-01;-5.602993443608283997e-02
7.073013782501220703e-01;2.593333423137664795e-01;1.201836690306663513e-01
-2.830520868301391602e-01;3.031287193298339844e-01;-4.729322195053100586e-01
-4.175109416246414185e-02;2.812258303165435791e-01;2.202163338661193848e-01
3.190852403640747070e-01;1.001271381974220276e-01;-2.247749716043472290e-01
-2.833676338195800781e-01;-6.043827906250953674e-02;2.730208635330200195e-01
-2.833468019962310791e-01;4.769125580787658691e-02;2.855638563632965088e-01
7.192646861076354980e-01;-4.727322757244110107e-01;3.339609801769256592e-01
-1.166513115167617798e-01;-2.537773847579956055e-01;9.032638743519783020e-03
-2.747197449207305908e-01;-4.720504954457283020e-02;1.229243427515029907e-01
-2.839409112930297852e-01;3.495647013187408447e-01;1.096573099493980408e-01
2.393501549959182739e-01;-3.333303034305572510e-01;2.169622927904129028e-01
-2.840606570243835449e-01;4.466790854930877686e-01;1.447910219430923462e-01
1.348218601197004318e-02;3.147851303219795227e-02;2.896921038627624512e-01
-2.839424312114715576e-01;-4.851716160774230957e-01;-1.829359382390975952e-01
-2.830275893211364746e-01;2.666588127613067627e-02;-3.690568506717681885e-01
-1.403656005859375000e-01;1.900826245546340942e-01;-6.109736859798431396e-03
-2.835978269577026367e-01;2.152490466833114624e-01;2.230795621871948242e-01
2.408563494682312012e-01;5.103975534439086914e-02;3.205661475658416748e-01
-2.223816663026809692e-01;-3.356621041893959045e-02;4.245380759239196777e-01
-2.447832077741622925e-01;4.101080298423767090e-01;-3.315030932426452637e-01
-2.834700644016265869e-01;-1.115471199154853821e-01;2.270842939615249634e-01
-2.832114696502685547e-01;-2.823415696620941162e-01;-3.753140270709991455e-01
4.518061578273773193e-01;7.494961470365524292e-02;3.240278959274291992e-01
-2.829016745090484619e-01;1.855506002902984619e-01;-4.669837951660156250e-01
1.812774389982223511e-01;3.418519496917724609e-01;-1.815896183252334595e-01
-2.835646569728851318e-01;3.165361583232879639e-01;3.195791542530059814e-01
-2.831921279430389404e-01;-2.345780283212661743e-01;-3.585313260555267334e-01
-2.305254191160202026e-01;-4.569041728973388672e-01;1.962033286690711975e-02
-2.835035920143127441e-01;-5.169554054737091064e-02;-1.357156187295913696e-01
6.171925663948059082e-01;3.710011243820190430e-01;-3.841201364994049072e-01
-2.834731042385101318e-01;-2.529284954071044922e-01;3.025519847869873047e-01
7.120132446289062500e-01;-2.650276422500610352e-01;3.797478675842285156e-01
-2.840383946895599365e-01;4.303732812404632568e-01;-8.470067381858825684e-02
6.467673778533935547e-01;5.103799104690551758e-01;-9.251010417938232422e-02
-2.827477753162384033e-01;-1.092071235179901123e-01;-4.939647316932678223e-01
5.768833160400390625e-01;-4.651583433151245117e-01;3.633945286273956299e-01
-2.835385799407958984e-01;-4.953974187374114990e-01;-3.580705821514129639e-01
6.769548058509826660e-01;2.902725934982299805e-01;3.612801730632781982e-01
-2.836176455020904541e-01;5.008563026785850525e-02;1.037720823660492897e-03
4.372818470001220703e-01;-2.460594922304153442e-01;-4.692241847515106201e-01
-2.832443714141845703e-01;-1.957157254219055176e-01;3.819268941879272461e-01
-2.837812304496765137e-01;-4.954397082328796387e-01;3.113547563552856445e-01
1.534132212400436401e-01;5.009032487869262695e-01;-3.489489555358886719e-01
-1.776369065046310425e-01;5.003039836883544922e-01;-2.733528614044189453e-01
-2.835050523281097412e-01;-4.606198966503143311e-01;-3.521015942096710205e-01
-2.837043404579162598e-01;-4.956429302692413330e-01;9.764949977397918701e-02
8.276665210723876953e-02;4.482495188713073730e-01;4.426817893981933594e-01
7.542517185211181641e-01;2.626854479312896729e-01;2.754018604755401611e-01
-2.842094600200653076e-01;4.997737705707550049e-01;1.068478450179100037e-01
-2.837812304496765137e-01;-4.954397082328796387e-01;3.113547563552856445e-01
7.538872361183166504e-01;-2.527006566524505615e-01;2.500517666339874268e-01
7.427154183387756348e-01;-1.106529906392097473e-01;-1.460442841053009033e-01
-2.840989232063293457e-01;-4.726071059703826904e-01;5.380541831254959106e-02
-2.838324606418609619e-01;-4.786822795867919922e-01;-2.185086756944656372e-01
7.371556758880615234e-01;5.040488243103027344e-01;-4.500403702259063721e-01
-2.830654680728912354e-01;1.152507662773132324e-01;4.412527978420257568e-01
7.047452330589294434e-01;5.071032047271728516e-01;2.977876961231231689e-01
-2.838141322135925293e-01;4.999655783176422119e-01;-1.909186840057373047e-01
-2.831836342811584473e-01;-1.843837499618530273e-01;-3.396132588386535645e-01
2.044478952884674072e-01;-4.285395517945289612e-02;4.413659572601318359e-01
5.736370682716369629e-01;-5.005376935005187988e-01;-4.634833037853240967e-01
-2.828615903854370117e-01;2.036392390727996826e-01;-4.939800202846527100e-01
-2.836793363094329834e-01;4.996286332607269287e-01;3.902658224105834961e-01
-2.830554842948913574e-01;4.071792587637901306e-02;4.262537658214569092e-01
-2.126445770263671875e-01;-4.959145784378051758e-01;-2.509679198265075684e-01
4.636114090681076050e-02;5.007702112197875977e-01;-1.860800981521606445e-01
-2.831242382526397705e-01;1.542179286479949951e-01;4.295967519283294678e-01
-2.828366458415985107e-01;-2.054766267538070679e-01;-4.939651489257812500e-01
-2.833852767944335938e-01;-3.466006219387054443e-01;4.066475033760070801e-01
1.038854122161865234e-01;-1.952291093766689301e-02;-4.928873777389526367e-01
8.940528333187103271e-02;-8.714898675680160522e-02;4.422702193260192871e-01
-2.828988432884216309e-01;3.594477847218513489e-02;-4.218532145023345947e-01
-2.830991446971893311e-01;-4.956454336643218994e-01;-4.674471914768218994e-01
-2.837170362472534180e-01;-1.998130381107330322e-01;-3.614833112806081772e-03
7.040316462516784668e-01;5.098010897636413574e-01;-1.763705313205718994e-01
6.715715527534484863e-01;-5.065368413925170898e-01;-8.913881331682205200e-02
7.049739956855773926e-01;5.124399662017822266e-01;8.987956680357456207e-03
-2.837327718734741211e-01;-4.948196411132812500e-01;1.064656749367713928e-01
7.376518249511718750e-01;-3.668723702430725098e-01;1.174972578883171082e-01
1.869180612266063690e-02;-1.645632982254028320e-01;-4.932359457015991211e-01
-2.836419939994812012e-01;4.997855722904205322e-01;-3.353688716888427734e-01
2.284150272607803345e-01;-2.927768826484680176e-01;4.247448742389678955e-01
3.832150399684906006e-01;5.028602480888366699e-01;6.483872234821319580e-02
-2.831893265247344971e-01;-4.694825410842895508e-01;-4.699600934982299805e-01
-2.838710844516754150e-01;-4.955678582191467285e-01;-2.107237130403518677e-01
-2.836793363094329834e-01;4.996286332607269287e-01;3.902658224105834961e-01
-2.835619151592254639e-01;4.745615422725677490e-01;4.359482526779174805e-01
-2.827185690402984619e-01;1.111227087676525116e-02;-4.939669370651245117e-01
5.402721762657165527e-01;-5.018823146820068359e-01;5.142523720860481262e-02
-2.841196656227111816e-01;-4.953475892543792725e-01;1.383220851421356201e-01
7.587662339210510254e-01;-5.016983151435852051e-01;3.305273354053497314e-01
6.503176689147949219e-01;-5.000736117362976074e-01;-4.451085925102233887e-01
-2.827355861663818359e-01;-8.514220267534255981e-02;-4.939649403095245361e-01
-2.841491103172302246e-01;4.989258348941802979e-01;-1.011250764131546021e-01
1.740527749061584473e-01;-4.966088235378265381e-01;3.620415925979614258e-01
7.300974130630493164e-01;4.646973311901092529e-01;1.157862916588783264e-01
-2.833937108516693115e-01;3.508085012435913086e-01;4.301548302173614502e-01
7.264509797096252441e-01;-5.024204254150390625e-01;-2.879830002784729004e-01
-2.842208743095397949e-01;4.996783435344696045e-01;-6.331781297922134399e-02
7.562422752380371094e-01;-9.243342280387878418e-02;3.260456919670104980e-01
-2.839328348636627197e-01;-4.956427514553070068e-01;3.881697356700897217e-02
-2.832971513271331787e-01;4.996404945850372314e-01;-4.940317869186401367e-01
5.412698984146118164e-01;-2.415281683206558228e-01;3.626351356506347656e-01
-1.996012926101684570e-01;5.002907514572143555e-01;-5.501334369182586670e-02
-2.838799953460693359e-01;-4.953607022762298584e-01;2.741618752479553223e-01
1.989005953073501587e-01;-4.968498647212982178e-01;-2.621380090713500977e-01
-2.835817039012908936e-01;1.486396640539169312e-01;1.821586042642593384e-01
-2.830003798007965088e-01;-1.226422265172004700e-01;4.684609770774841309e-01
7.559930086135864258e-01;4.939191788434982300e-02;-4.692224264144897461e-01
7.500531077384948730e-01;-5.834856536239385605e-03;1.227772012352943420e-01
3.939189910888671875e-01;5.056914687156677246e-01;-3.230065405368804932e-01
-6.565449386835098267e-02;-4.962347745895385742e-01;9.659422188997268677e-02
1.791563183069229126e-01;1.758547574281692505e-01;-4.925488233566284180e-01
-2.836352288722991943e-01;4.997643530368804932e-01;4.100900888442993164e-01
-2.830080389976501465e-01;-7.048070430755615234e-02;4.507885277271270752e-01
-2.831520736217498779e-01;-4.038145840167999268e-01;-4.743125140666961670e-01
-2.831843197345733643e-01;-2.541671693325042725e-01;4.454318881034851074e-01
4.875737130641937256e-01;2.459273487329483032e-01;-4.692253172397613525e-01
-2.839938402175903320e-01;4.535554945468902588e-01;2.049615830183029175e-01
-2.835406959056854248e-01;1.202387288212776184e-01;-1.426938772201538086e-01
2.846265435218811035e-01;-4.975075423717498779e-01;-4.108199104666709900e-02
-2.828314006328582764e-01;1.795683950185775757e-01;-4.939773976802825928e-01
7.537969946861267090e-01;4.412786364555358887e-01;-3.636210262775421143e-01
-2.838710844516754150e-01;-4.955678582191467285e-01;-2.107237130403518677e-01
7.093117237091064453e-01;5.123918056488037109e-01;4.783143475651741028e-02
-2.832971513271331787e-01;4.996404945850372314e-01;-4.940317869186401367e-01
7.073476314544677734e-01;-4.367699921131134033e-01;-7.743375003337860107e-02
-2.831508517265319824e-01;-3.924146294593811035e-01;-4.672938883304595947e-01
-2.830686569213867188e-01;-2.192599140107631683e-02;4.168235361576080322e-01
-2.839276790618896484e-01;-4.880337715148925781e-01;8.677211590111255646e-03
-2.831916213035583496e-01;3.877767324447631836e-01;-4.683885574340820312e-01
-2.828366458415985107e-01;-2.054766267538070679e-01;-4.939651489257812500e-01
-2.840583920478820801e-01;-4.477498233318328857e-01;-3.438600152730941772e-02
