-1.855178624391555786e-01;-6.023117899894714355e-01;5.700402259826660156e-01
-1.492896378040313721e-01;-6.598020792007446289e-01;5.011869668960571289e-01
-1.925231963396072388e-01;-4.747433960437774658e-01;5.698786377906799316e-01
-2.862340509891510010e-01;-6.510410904884338379e-01;4.689580500125885010e-01
-1.447680294513702393e-01;-5.279424190521240234e-01;4.410392343997955322e-01
-1.293564140796661377e-01;-6.596245169639587402e-01;4.285890460014343262e-01
-3.012644052505493164e-01;-6.453923583030700684e-01;4.338902533054351807e-01
-3.755630254745483398e-01;-5.893553495407104492e-01;5.488252639770507812e-01
-1.602170765399932861e-01;-4.281139075756072998e-01;4.790613651275634766e-01
-2.276204973459243774e-01;-4.725703895092010498e-01;4.257349967956542969e-01
-7.339061796665191650e-02;5.439233779907226562e-01;2.572997212409973145e-01
-1.139260828495025635e-02;6.045668721199035645e-01;2.244556248188018799e-01
2.067454904317855835e-02;4.823062419891357422e-01;2.591088414192199707e-01
-1.124772429466247559e-01;6.504960060119628906e-01;4.056950211524963379e-01
-1.004524528980255127e-01;4.144293963909149170e-01;3.986583650112152100e-01
5.493138730525970459e-02;4.572417736053466797e-01;1.349129974842071533e-01
-1.868809312582015991e-01;6.999979019165039062e-01;3.169701397418975830e-01
-1.300589144229888916e-01;6.411384344100952148e-01;4.399886429309844971e-01
-1.351043581962585449e-03;3.305233716964721680e-01;2.321109473705291748e-01
-2.063982486724853516e-01;7.008523941040039062e-01;3.579396009445190430e-01
8.782986551523208618e-02;-2.479032129049301147e-01;2.716796398162841797e-01
5.424881726503372192e-02;-1.375774145126342773e-01;2.044215202331542969e-01
5.099943280220031738e-02;-2.725451290607452393e-01;1.210600584745407104e-01
-3.955496102571487427e-02;-3.491929173469543457e-01;2.512141168117523193e-01
-7.077485322952270508e-03;-3.574361503124237061e-01;1.589757353067398071e-01
-7.362397760152816772e-02;-2.363953590393066406e-01;1.822491288185119629e-01
2.680436968803405762e-01;-2.297264188528060913e-01;2.071288079023361206e-01
1.848194748163223267e-02;-4.406050443649291992e-01;2.680902183055877686e-01
-7.001668959856033325e-02;-3.652507066726684570e-01;2.053463310003280640e-01
-1.338556408882141113e-02;-1.704111099243164062e-01;1.070737540721893311e-01
-2.634417265653610229e-02;3.547563850879669189e-01;-1.288121789693832397e-01
-2.639666013419628143e-02;2.127645760774612427e-01;-1.148852705955505371e-01
5.235110223293304443e-02;4.880685806274414062e-01;-9.484167397022247314e-02
1.241136267781257629e-01;2.965851724147796631e-01;-1.220644265413284302e-01
1.372362375259399414e-01;4.209111332893371582e-01;-1.287478059530258179e-01
3.690565377473831177e-02;4.882929325103759766e-01;-2.383719533681869507e-01
-5.076431483030319214e-02;4.528061449527740479e-01;-3.322173953056335449e-01
1.091323420405387878e-01;4.835793077945709229e-01;5.947202444076538086e-04
1.932216882705688477e-01;4.026617407798767090e-01;-9.380055218935012817e-02
1.746879816055297852e-01;3.878333270549774170e-01;-1.288202404975891113e-02
2.593840360641479492e-01;-3.189990818500518799e-01;-9.817969799041748047e-02
2.307183742523193359e-01;-3.387173414230346680e-01;-1.223045289516448975e-01
2.141042947769165039e-01;-2.811079621315002441e-01;-7.324721664190292358e-02
1.793250292539596558e-01;-2.277356833219528198e-01;-6.318478286266326904e-02
2.523091733455657959e-01;-1.942370086908340454e-01;-1.565873473882675171e-01
2.678749263286590576e-01;-4.297688901424407959e-01;-1.839549839496612549e-01
2.663042843341827393e-01;-1.839811205863952637e-01;-1.437183022499084473e-01
2.140850275754928589e-01;-2.566872239112854004e-01;2.423871308565139771e-02
2.047546803951263428e-01;-3.964338600635528564e-01;2.008140087127685547e-02
1.152808815240859985e-01;-2.633487582206726074e-01;-4.784529283642768860e-02
-8.746332675218582153e-02;1.410270929336547852e-01;-3.585360050201416016e-01
-3.172243759036064148e-02;1.061767786741256714e-01;-3.198285698890686035e-01
-1.621397584676742554e-01;1.629884690046310425e-01;-3.441711366176605225e-01
-1.556940376758575439e-01;2.282310873270034790e-01;-3.264800906181335449e-01
-2.315806746482849121e-01;1.323919743299484253e-01;-3.853233456611633301e-01
-1.852393597364425659e-01;2.164874523878097534e-01;-4.566756188869476318e-01
7.059246301651000977e-03;8.981854468584060669e-02;-2.284198552370071411e-01
-1.437542587518692017e-01;-3.577917814254760742e-04;-2.824713289737701416e-01
-1.750069558620452881e-01;1.533351838588714600e-01;-5.469182729721069336e-01
-2.011953145265579224e-01;2.882241308689117432e-01;-4.618416428565979004e-01
-3.418400511145591736e-02;3.878968581557273865e-02;3.386334776878356934e-01
-9.537525475025177002e-02;-1.946614310145378113e-02;4.279448986053466797e-01
9.062184393405914307e-02;5.745585262775421143e-02;2.601024210453033447e-01
-1.871189624071121216e-01;3.177283331751823425e-02;3.577232956886291504e-01
3.546102717518806458e-02;1.767386496067047119e-01;2.838643789291381836e-01
-1.491979211568832397e-01;1.202403753995895386e-01;4.382409751415252686e-01
1.245297119021415710e-02;1.156286150217056274e-01;1.778458207845687866e-01
-7.201997563242912292e-03;-7.130187749862670898e-02;1.912032216787338257e-01
-1.516402214765548706e-01;1.728823333978652954e-01;4.272620081901550293e-01
-1.509193480014801025e-01;-1.124099344015121460e-01;4.381343126296997070e-01
-4.140380024909973145e-01;5.699492692947387695e-01;-6.168159842491149902e-01
-3.824713230133056641e-01;4.761709868907928467e-01;-5.947853326797485352e-01
-3.868626952171325684e-01;5.241475701332092285e-01;-5.116638541221618652e-01
-3.363088071346282959e-01;6.567254066467285156e-01;-5.457022786140441895e-01
-3.972238898277282715e-01;4.194898605346679688e-01;-6.038053035736083984e-01
-3.323003053665161133e-01;7.049201726913452148e-01;-5.478700399398803711e-01
-3.137001693248748779e-01;6.992461681365966797e-01;-4.593473374843597412e-01
-3.676258623600006104e-01;3.413461744785308838e-01;-5.595870614051818848e-01
-1.663765013217926025e-01;6.028545498847961426e-01;-5.467354059219360352e-01
-3.813337981700897217e-01;3.111320436000823975e-01;-6.024317145347595215e-01
2.194558084011077881e-01;4.706797897815704346e-01;7.077091187238693237e-02
2.088993489742279053e-01;4.474782645702362061e-01;3.561064228415489197e-02
2.495070695877075195e-01;4.926206469535827637e-01;3.657701238989830017e-02
2.159162908792495728e-01;5.386384725570678711e-01;7.790903747081756592e-02
1.763239055871963501e-01;3.688603639602661133e-01;8.698356896638870239e-02
1.746879816055297852e-01;3.878333270549774170e-01;-1.288203150033950806e-02
1.091323420405387878e-01;4.835793077945709229e-01;5.947276949882507324e-04
2.629483938217163086e-01;3.720303177833557129e-01;1.629777848720550537e-01
1.963221132755279541e-01;5.378979444503784180e-01;-5.599395185708999634e-02
1.899813562631607056e-01;6.297982335090637207e-01;3.689390048384666443e-02
-1.404066979885101318e-01;4.023271799087524414e-01;-4.965651929378509521e-01
-2.011953145265579224e-01;2.882241308689117432e-01;-4.618416428565979004e-01
-2.873630523681640625e-01;4.576770961284637451e-01;-3.988241553306579590e-01
-5.076431483030319214e-02;4.528061449527740479e-01;-3.322173953056335449e-01
-1.852393597364425659e-01;2.164874523878097534e-01;-4.566756188869476318e-01
-1.444367915391921997e-01;5.933204889297485352e-01;-4.161623418331146240e-01
-1.663765013217926025e-01;6.028545498847961426e-01;-5.467354059219360352e-01
-1.482679992914199829e-01;5.315876603126525879e-01;-2.958491742610931396e-01
-3.676258623600006104e-01;3.413461744785308838e-01;-5.595870614051818848e-01
-1.556940376758575439e-01;2.282310873270034790e-01;-3.264800906181335449e-01
-8.190493285655975342e-02;-6.023842692375183105e-01;2.994119822978973389e-01
-1.215286403894424438e-01;-6.017870306968688965e-01;3.593405783176422119e-01
-1.629651039838790894e-01;-5.396376252174377441e-01;3.586114346981048584e-01
-1.293564140796661377e-01;-6.596245169639587402e-01;4.285890460014343262e-01
-1.447680294513702393e-01;-5.279424190521240234e-01;4.410392343997955322e-01
1.848195493221282959e-02;-4.406050443649291992e-01;2.680902183055877686e-01
-1.460485011339187622e-01;-4.165613651275634766e-01;2.823556065559387207e-01
-1.492896378040313721e-01;-6.598020792007446289e-01;5.011869668960571289e-01
-2.276204973459243774e-01;-4.725703895092010498e-01;4.257349967956542969e-01
-1.971933990716934204e-01;-4.168681502342224121e-01;3.898992538452148438e-01
-3.789356946945190430e-01;-5.900094509124755859e-01;-5.334764122962951660e-01
-3.122754096984863281e-01;-6.308078169822692871e-01;-5.631245970726013184e-01
-3.760084807872772217e-01;-4.873930811882019043e-01;-5.899577736854553223e-01
-2.364483922719955444e-01;-6.603561043739318848e-01;-5.488653779029846191e-01
-2.408387959003448486e-01;-4.949973523616790771e-01;-5.090621709823608398e-01
-3.456663787364959717e-01;-4.256262779235839844e-01;-4.954424798488616943e-01
-1.729220598936080933e-01;-5.433127880096435547e-01;-5.467716455459594727e-01
-2.255336046218872070e-01;-6.556845307350158691e-01;-3.908136487007141113e-01
-3.785841464996337891e-01;-3.730983436107635498e-01;-5.908727049827575684e-01
-1.616479158401489258e-01;-6.568450331687927246e-01;-5.467042922973632812e-01
2.129732966423034668e-01;-5.740300193428993225e-02;-3.302181884646415710e-02
2.499249279499053955e-01;-6.675261259078979492e-02;-3.908597677946090698e-02
2.114287763833999634e-01;-1.443149298429489136e-01;-2.264841832220554352e-02
2.214849442243576050e-01;-1.188542693853378296e-01;3.127184882760047913e-02
1.110706329345703125e-01;-5.798929184675216675e-02;-7.909484207630157471e-02
2.504703700542449951e-01;-7.413781434297561646e-02;7.243365049362182617e-02
2.210478782653808594e-01;5.831237509846687317e-02;2.069471403956413269e-02
2.464881539344787598e-01;6.569240987300872803e-02;-7.157765328884124756e-03
2.582777738571166992e-01;5.942789837718009949e-02;-8.484679460525512695e-02
2.396821081638336182e-01;6.204802915453910828e-02;-1.051222383975982666e-01
