2.671435177326202393e-01;1.921118609607219696e-02;2.490680105984210968e-02
2.352049797773361206e-01;3.978956863284111023e-02;2.012467384338378906e-02
2.625419199466705322e-01;3.725311905145645142e-02;7.840736955404281616e-02
2.267768532037734985e-01;-2.519344724714756012e-02;-2.232976071536540985e-02
2.738209962844848633e-01;-3.733374178409576416e-03;1.129172667860984802e-01
2.396768182516098022e-01;9.160293638706207275e-02;-5.896893143653869629e-02
1.725382655858993530e-01;7.290445268154144287e-02;-9.748665615916252136e-03
2.678564786911010742e-01;-8.358614891767501831e-02;-2.628842182457447052e-02
2.436439245939254761e-01;1.526319682598114014e-01;5.082720145583152771e-02
2.096951156854629517e-01;1.037402600049972534e-01;1.345755010843276978e-01
-2.600657343864440918e-01;6.928590536117553711e-01;5.771663188934326172e-01
-2.500864565372467041e-01;6.407057642936706543e-01;5.102313756942749023e-01
-3.364062309265136719e-01;6.128553748130798340e-01;5.670984983444213867e-01
-3.229605853557586670e-01;6.240656375885009766e-01;4.985473752021789551e-01
-2.509375512599945068e-01;5.638534426689147949e-01;4.768850207328796387e-01
-1.420038789510726929e-01;6.922237873077392578e-01;4.554030299186706543e-01
-6.963995099067687988e-02;6.871058344841003418e-01;5.311082601547241211e-01
-1.040014326572418213e-01;6.308718919754028320e-01;4.168148040771484375e-01
-9.279671311378479004e-02;6.896879673004150391e-01;3.657116293907165527e-01
-7.541805505752563477e-03;6.900377869606018066e-01;4.420350492000579834e-01
-1.639783233404159546e-01;3.304668515920639038e-02;5.141867995262145996e-01
-2.281163632869720459e-01;6.516744196414947510e-02;4.694188535213470459e-01
-1.838947385549545288e-01;-3.679137676954269409e-02;4.515158236026763916e-01
-1.424085199832916260e-01;1.030788570642471313e-01;4.006851911544799805e-01
-7.500325143337249756e-02;-3.609567135572433472e-02;4.285657703876495361e-01
-5.233200639486312866e-02;6.278668344020843506e-02;4.267960488796234131e-01
-2.874590456485748291e-01;1.430517286062240601e-01;5.179045796394348145e-01
-7.153404504060745239e-02;-1.185604706406593323e-01;4.701007306575775146e-01
-2.900796532630920410e-01;-9.781796485185623169e-02;4.904012680053710938e-01
-1.672197282314300537e-01;1.698955893516540527e-01;3.889170885086059570e-01
6.292504817247390747e-02;-4.367772638797760010e-01;3.230018913745880127e-01
7.220353931188583374e-02;-4.569987058639526367e-01;2.357627302408218384e-01
-6.955027580261230469e-03;-4.261272847652435303e-01;2.354590296745300293e-01
-6.205938011407852173e-02;-3.097279369831085205e-01;2.626826167106628418e-01
1.052179858088493347e-01;-2.591907083988189697e-01;2.708527147769927979e-01
-7.167584449052810669e-02;-4.367481768131256104e-01;4.666411876678466797e-01
4.224213212728500366e-02;-2.342642694711685181e-01;3.037590682506561279e-01
-1.243644282221794128e-01;-4.047076106071472168e-01;4.442653656005859375e-01
-8.012308925390243530e-02;-6.154519915580749512e-01;3.141869008541107178e-01
-1.500529050827026367e-01;-4.925594031810760498e-01;3.972446918487548828e-01
1.097293645143508911e-01;3.691927492618560791e-01;2.973354458808898926e-01
8.144189417362213135e-02;3.418229818344116211e-01;2.520410418510437012e-01
6.818181276321411133e-02;4.120590090751647949e-01;1.883474737405776978e-01
1.416939198970794678e-01;4.708486497402191162e-01;2.100413441658020020e-01
6.498004496097564697e-02;5.071955323219299316e-01;3.043320775032043457e-01
3.593868017196655273e-02;4.945560097694396973e-01;3.628760278224945068e-01
2.242703437805175781e-01;2.575948536396026611e-01;2.001163661479949951e-01
2.556526064872741699e-01;4.652889668941497803e-01;1.793394535779953003e-01
-1.011659950017929077e-02;2.500056922435760498e-01;1.605504900217056274e-01
1.905427873134613037e-01;2.771091759204864502e-01;1.005585789680480957e-01
1.944865286350250244e-01;3.774006962776184082e-01;-8.947817981243133545e-02
2.196539491415023804e-01;3.872592151165008545e-01;-8.902068436145782471e-02
1.776724755764007568e-01;3.232387900352478027e-01;-5.235897004604339600e-02
1.707659214735031128e-01;4.212926030158996582e-01;-3.115171194076538086e-02
1.984183788299560547e-01;4.840965867042541504e-01;-8.415579795837402344e-02
1.529768109321594238e-01;3.728355467319488525e-01;-1.888066381216049194e-01
2.107284069061279297e-01;2.861313223838806152e-01;-3.176009654998779297e-02
2.037016451358795166e-01;4.218889474868774414e-01;3.488866984844207764e-02
1.997314840555191040e-01;5.217429399490356445e-01;-1.037319898605346680e-01
1.103504374623298645e-01;5.105609893798828125e-01;-6.495921313762664795e-02
-1.106484904885292053e-01;-1.352911591529846191e-01;2.349833697080612183e-01
-4.775444418191909790e-02;-1.183507591485977173e-02;2.734687030315399170e-01
6.228613108396530151e-02;-1.011784747242927551e-01;2.340471595525741577e-01
-6.205938383936882019e-02;-3.097279369831085205e-01;2.626826167106628418e-01
4.224213212728500366e-02;-2.342642694711685181e-01;3.037590682506561279e-01
-2.494814395904541016e-01;-1.115835979580879211e-01;3.793136775493621826e-01
-4.329026490449905396e-02;-1.329862028360366821e-01;4.254427850246429443e-01
-5.195745080709457397e-02;-2.127536833286285400e-01;4.207234680652618408e-01
-1.441470533609390259e-02;2.081410586833953857e-02;3.384874463081359863e-01
-7.500325143337249756e-02;-3.609567880630493164e-02;4.285657703876495361e-01
-1.830183416604995728e-01;3.556456863880157471e-01;4.105779528617858887e-01
-1.888287812471389771e-01;3.936030566692352295e-01;4.586039483547210693e-01
-2.058060616254806519e-01;4.298495054244995117e-01;4.173021316528320312e-01
-1.065071523189544678e-01;2.994377017021179199e-01;4.042420387268066406e-01
-1.257762163877487183e-01;3.499017059803009033e-01;5.222284197807312012e-01
-1.632452756166458130e-01;2.260466963052749634e-01;4.504155218601226807e-01
-3.216339647769927979e-01;3.279813230037689209e-01;4.986650049686431885e-01
-2.684450745582580566e-01;2.531596422195434570e-01;5.124036073684692383e-01
-1.428897976875305176e-01;3.860402107238769531e-01;5.707004666328430176e-01
-7.295472919940948486e-02;4.797455370426177979e-01;4.377242326736450195e-01
-7.541814818978309631e-03;6.900377869606018066e-01;4.420350492000579834e-01
-6.963994354009628296e-02;6.871058344841003418e-01;5.311082601547241211e-01
-9.279671311378479004e-02;6.896879673004150391e-01;3.657116293907165527e-01
-1.040014401078224182e-01;6.308718919754028320e-01;4.168148040771484375e-01
-1.420038789510726929e-01;6.922237873077392578e-01;4.554030299186706543e-01
3.593868762254714966e-02;4.945560097694396973e-01;3.628760278224945068e-01
-7.295472919940948486e-02;4.797455370426177979e-01;4.377242326736450195e-01
6.498004496097564697e-02;5.071955323219299316e-01;3.043320775032043457e-01
-2.500864565372467041e-01;6.407057642936706543e-01;5.102313756942749023e-01
1.145185530185699463e-01;6.461915373802185059e-01;2.095263898372650146e-01
-1.708287894725799561e-01;-6.799643039703369141e-01;-4.861099123954772949e-01
-2.024543285369873047e-01;-6.339984536170959473e-01;-5.474298596382141113e-01
-8.736512809991836548e-02;-6.321356296539306641e-01;-5.051184296607971191e-01
-2.640519142150878906e-01;-6.695786714553833008e-01;-4.485813379287719727e-01
-2.561431527137756348e-01;-6.350992321968078613e-01;-5.282269120216369629e-01
-1.491693854331970215e-01;-6.197533011436462402e-01;-3.947363793849945068e-01
-2.282860875129699707e-01;-6.106087565422058105e-01;-4.101070761680603027e-01
-3.202360272407531738e-01;-6.716651916503906250e-01;-5.167945623397827148e-01
-3.090848028659820557e-01;-6.549345254898071289e-01;-5.679764151573181152e-01
-6.123143434524536133e-02;-5.602851510047912598e-01;-4.119741916656494141e-01
-1.528837680816650391e-01;-1.739166378974914551e-01;-3.741502165794372559e-01
-1.004359349608421326e-01;-2.274852693080902100e-01;-3.676873445510864258e-01
-1.192608103156089783e-01;-2.853912115097045898e-01;-4.141288995742797852e-01
-9.522765874862670898e-03;-1.272384375333786011e-01;-3.862850368022918701e-01
-1.980803906917572021e-02;-1.540995091199874878e-01;-2.665242850780487061e-01
-1.615768224000930786e-01;-2.024870216846466064e-01;-5.464424490928649902e-01
-2.954069077968597412e-01;-2.244424372911453247e-01;-4.935337901115417480e-01
-1.811500191688537598e-01;-3.734457492828369141e-01;-3.903006315231323242e-01
-9.481574594974517822e-02;2.261701226234436035e-02;-3.196708261966705322e-01
-2.381544709205627441e-01;-8.994394540786743164e-02;-5.493073463439941406e-01
7.980504631996154785e-02;-6.188035607337951660e-01;-2.900124788284301758e-01
1.049870103597640991e-01;-6.235327124595642090e-01;-2.291050255298614502e-01
1.077580079436302185e-01;-6.812281608581542969e-01;-2.771954536437988281e-01
6.440539658069610596e-02;-5.518569350242614746e-01;-2.044744491577148438e-01
-4.192093014717102051e-02;-6.763329505920410156e-01;-2.764496803283691406e-01
1.643070727586746216e-01;-6.132220029830932617e-01;-1.674678921699523926e-01
5.584143102169036865e-03;-4.948337674140930176e-01;-3.568061292171478271e-01
1.658540815114974976e-01;-6.962316632270812988e-01;-1.553744971752166748e-01
1.846171617507934570e-01;-6.458464264869689941e-01;-1.441714614629745483e-01
-6.123143434524536133e-02;-5.602851510047912598e-01;-4.119741916656494141e-01
-1.692793667316436768e-01;6.829794645309448242e-01;-3.413073420524597168e-01
-1.259223222732543945e-01;6.914195418357849121e-01;-4.142502546310424805e-01
-1.168338358402252197e-01;6.367459297180175781e-01;-4.749636352062225342e-01
-1.080238968133926392e-01;5.187845826148986816e-01;-3.976862430572509766e-01
6.216526031494140625e-03;6.887349486351013184e-01;-4.136440753936767578e-01
2.070818841457366943e-02;6.345933079719543457e-01;-2.965697050094604492e-01
-1.275200992822647095e-01;5.178171992301940918e-01;-4.558657109737396240e-01
-2.082491964101791382e-01;6.876239180564880371e-01;-5.470800995826721191e-01
-2.172527462244033813e-01;6.938984990119934082e-01;-5.473036766052246094e-01
-2.813040018081665039e-01;6.934330463409423828e-01;-5.257419943809509277e-01
-3.235486447811126709e-01;-4.826760292053222656e-01;-5.488371849060058594e-01
-4.055848717689514160e-01;-6.534518599510192871e-01;-6.278232336044311523e-01
-4.056144058704376221e-01;-6.534589529037475586e-01;-6.278341412544250488e-01
-3.128615617752075195e-01;-6.546267271041870117e-01;-5.794881582260131836e-01
-4.055923223495483398e-01;-6.534559130668640137e-01;-6.278345584869384766e-01
-3.155141472816467285e-01;-6.731182336807250977e-01;-5.145911574363708496e-01
-4.056068658828735352e-01;-6.534560322761535645e-01;-6.278295516967773438e-01
-2.503192722797393799e-01;-6.294654011726379395e-01;-5.336257219314575195e-01
-4.056170880794525146e-01;-6.534458994865417480e-01;-6.278052926063537598e-01
-4.056068658828735352e-01;-6.534543633460998535e-01;-6.278286576271057129e-01
-2.822026610374450684e-01;6.886987686157226562e-01;-5.284942388534545898e-01
-3.986613452434539795e-01;6.747893691062927246e-01;-6.210772395133972168e-01
-3.986066877841949463e-01;6.748058795928955078e-01;-6.210643053054809570e-01
-1.930911093950271606e-01;4.809305071830749512e-01;-5.565249323844909668e-01
-3.986386358737945557e-01;6.748225688934326172e-01;-6.210570931434631348e-01
-1.192687153816223145e-01;6.360896229743957520e-01;-4.804028272628784180e-01
-3.985950052738189697e-01;6.747948527336120605e-01;-6.210429072380065918e-01
-2.127662897109985352e-01;6.844162344932556152e-01;-5.533264279365539551e-01
-3.986429572105407715e-01;6.747967004776000977e-01;-6.210914254188537598e-01
-3.986377418041229248e-01;6.748086214065551758e-01;-6.210644245147705078e-01
-2.725507915019989014e-01;-3.743141293525695801e-01;5.201251506805419922e-01
-3.090576827526092529e-01;-6.765389442443847656e-01;5.909007787704467773e-01
-3.091499209403991699e-01;-6.765699386596679688e-01;5.908734202384948730e-01
-3.105660676956176758e-01;-6.728911995887756348e-01;5.876859426498413086e-01
-3.090904355049133301e-01;-6.765653491020202637e-01;5.908650159835815430e-01
-7.040074467658996582e-02;-6.381063461303710938e-01;4.516243040561676025e-01
-3.091224431991577148e-01;-6.765556335449218750e-01;5.908709168434143066e-01
-1.498994529247283936e-01;-4.967025816440582275e-01;3.948551416397094727e-01
-3.091204464435577393e-01;-6.765314936637878418e-01;5.909228920936584473e-01
-3.091225028038024902e-01;-6.765677928924560547e-01;5.908666253089904785e-01
1.575678586959838867e-01;-7.014542222023010254e-01;-7.928584516048431396e-02
2.085081785917282104e-01;-7.149066925048828125e-01;-7.619038224220275879e-02
2.084802538156509399e-01;-7.149158120155334473e-01;-7.619698345661163330e-02
2.098337858915328979e-01;-7.149007320404052734e-01;-7.577317953109741211e-02
2.084947526454925537e-01;-7.149224281311035156e-01;-7.619909942150115967e-02
2.214567065238952637e-01;-7.167844176292419434e-01;-1.199985891580581665e-01
2.084773033857345581e-01;-7.149106264114379883e-01;-7.620347291231155396e-02
1.951131969690322876e-01;-7.020212411880493164e-01;-1.929962262511253357e-02
2.084856033325195312e-01;-7.149085402488708496e-01;-7.617282867431640625e-02
2.084930837154388428e-01;-7.149133682250976562e-01;-7.619103789329528809e-02
1.520670354366302490e-01;7.084920406341552734e-01;-8.487875014543533325e-02
2.004461586475372314e-01;7.127301096916198730e-01;-1.577470004558563232e-01
2.004078924655914307e-01;7.127264738082885742e-01;-1.577613204717636108e-01
1.981211602687835693e-01;7.114751338958740234e-01;-1.567603051662445068e-01
2.004321664571762085e-01;7.127144932746887207e-01;-1.577625125646591187e-01
1.859884709119796753e-01;6.487603783607482910e-01;-1.400354951620101929e-01
2.004140168428421021e-01;7.127235531806945801e-01;-1.577614992856979370e-01
2.146906703710556030e-01;7.186689972877502441e-01;-6.993672251701354980e-02
2.004233896732330322e-01;7.127332687377929688e-01;-1.577363610267639160e-01
2.004231065511703491e-01;7.127190232276916504e-01;-1.577611714601516724e-01
-1.902176886796951294e-01;1.819423437118530273e-01;-4.547111988067626953e-01
-2.272751927375793457e-01;3.476781398057937622e-02;-5.483405590057373047e-01
-2.272645086050033569e-01;3.476983681321144104e-02;-5.483335852622985840e-01
-2.453766912221908569e-01;-8.946305513381958008e-02;-5.516411662101745605e-01
-2.272814512252807617e-01;3.475871309638023376e-02;-5.483352541923522949e-01
-1.035282164812088013e-01;6.764242053031921387e-02;-3.976940512657165527e-01
-2.272938489913940430e-01;3.477410599589347839e-02;-5.483468770980834961e-01
-2.976763546466827393e-01;1.925471723079681396e-01;-5.299711823463439941e-01
-2.272768467664718628e-01;3.476078435778617859e-02;-5.483258962631225586e-01
-2.272653728723526001e-01;3.477143123745918274e-02;-5.483245849609375000e-01
-1.300834417343139648e-01;-2.851141095161437988e-01;-4.217549562454223633e-01
-1.346618533134460449e-01;-4.427624940872192383e-01;-3.194956779479980469e-01
-1.347034871578216553e-01;-4.427736103534698486e-01;-3.195134997367858887e-01
-1.528010666370391846e-01;-6.165174245834350586e-01;-3.973695933818817139e-01
-1.346716880798339844e-01;-4.427697658538818359e-01;-3.195143342018127441e-01
-2.935498952865600586e-03;-4.931910336017608643e-01;-3.627764880657196045e-01
-1.346992850303649902e-01;-4.427711963653564453e-01;-3.195201754570007324e-01
-1.449679881334304810e-01;-4.339502453804016113e-01;-4.204674959182739258e-01
-1.346914470195770264e-01;-4.427558779716491699e-01;-3.194899260997772217e-01
-1.346943676471710205e-01;-4.427725672721862793e-01;-3.195130228996276855e-01
-2.020868062973022461e-01;4.571220576763153076e-01;-3.477188944816589355e-01
-1.157367303967475891e-01;3.620870709419250488e-01;-2.538641989231109619e-01
-1.157866790890693665e-01;3.620681166648864746e-01;-2.538767755031585693e-01
-1.042205840349197388e-01;2.410720586776733398e-01;-2.305580675601959229e-01
-1.157604530453681946e-01;3.620637655258178711e-01;-2.538805007934570312e-01
3.692422062158584595e-02;4.627819657325744629e-01;-2.520202100276947021e-01
-1.157886758446693420e-01;3.620769381523132324e-01;-2.538877725601196289e-01
-1.048820763826370239e-01;3.607940673828125000e-01;-3.413575291633605957e-01
-1.157714650034904480e-01;3.620841503143310547e-01;-2.538457512855529785e-01
-1.157682836055755615e-01;3.620736598968505859e-01;-2.538713514804840088e-01
-1.224091649055480957e-01;6.765670180320739746e-01;-4.189623594284057617e-01
-3.948521334677934647e-03;6.801589131355285645e-01;-5.463228225708007812e-01
-3.955228719860315323e-03;6.801624298095703125e-01;-5.463399887084960938e-01
-1.264218091964721680e-01;5.175230503082275391e-01;-4.571407735347747803e-01
-3.935397136956453323e-03;6.801611185073852539e-01;-5.463356375694274902e-01
3.493736963719129562e-03;6.845311522483825684e-01;-4.089644849300384521e-01
-3.985174465924501419e-03;6.801717877388000488e-01;-5.463439822196960449e-01
-2.067707031965255737e-01;6.872354149818420410e-01;-5.501768589019775391e-01
-3.964474890381097794e-03;6.801738739013671875e-01;-5.463104248046875000e-01
-3.951392602175474167e-03;6.801737546920776367e-01;-5.463269352912902832e-01
-2.535066604614257812e-01;-2.148513495922088623e-01;4.808601737022399902e-01
-3.633701503276824951e-01;-3.073761165142059326e-01;5.122740268707275391e-01
-3.633684813976287842e-01;-3.073513805866241455e-01;5.122639536857604980e-01
-2.747814655303955078e-01;-3.693048059940338135e-01;5.166740417480468750e-01
-3.633607327938079834e-01;-3.073542416095733643e-01;5.122704505920410156e-01
-1.847419440746307373e-01;-3.472467362880706787e-01;4.578942954540252686e-01
-3.633290231227874756e-01;-3.073827624320983887e-01;5.122816562652587891e-01
-1.415071338415145874e-01;-2.786636352539062500e-01;5.247843265533447266e-01
-3.633481264114379883e-01;-3.073614537715911865e-01;5.122423768043518066e-01
-3.633750379085540771e-01;-3.073786199092864990e-01;5.122489333152770996e-01
2.130759954452514648e-01;-2.653102874755859375e-01;1.330372691154479980e-02
1.066197901964187622e-01;-3.290465474128723145e-01;-3.306512534618377686e-02
1.067275255918502808e-01;-3.289658725261688232e-01;-3.305086120963096619e-02
1.107329055666923523e-01;-4.596449136734008789e-01;-2.653460390865802765e-02
1.066691800951957703e-01;-3.289789259433746338e-01;-3.302596881985664368e-02
2.092524021863937378e-01;-2.471686303615570068e-01;-4.734884202480316162e-02
1.067426875233650208e-01;-3.290317356586456299e-01;-3.303590789437294006e-02
9.214065968990325928e-02;-2.883087396621704102e-01;-1.218690574169158936e-01
1.067382544279098511e-01;-3.290322721004486084e-01;-3.314814716577529907e-02
1.066872403025627136e-01;-3.290284574031829834e-01;-3.308023512363433838e-02
-1.937436014413833618e-01;3.914101719856262207e-01;4.628544747829437256e-01
-4.008300304412841797e-01;3.518171906471252441e-01;6.069255471229553223e-01
-4.009328484535217285e-01;3.517740964889526367e-01;6.069005727767944336e-01
-3.887090086936950684e-01;1.325326859951019287e-01;5.628566145896911621e-01
-4.008713960647583008e-01;3.517775237560272217e-01;6.068830490112304688e-01
-2.770932912826538086e-01;2.557547688484191895e-01;5.088021755218505859e-01
-4.009155631065368652e-01;3.517969250679016113e-01;6.068984270095825195e-01
-1.569616496562957764e-01;3.857563436031341553e-01;5.695128440856933594e-01
-4.009128212928771973e-01;3.518196642398834229e-01;6.069598197937011719e-01
-4.009014666080474854e-01;3.517941534519195557e-01;6.069036722183227539e-01
9.571529924869537354e-02;1.771886050701141357e-01;-2.318451255559921265e-01
-3.227717708796262741e-03;3.081375174224376678e-02;-1.844126582145690918e-01
-3.328712191432714462e-03;3.078161738812923431e-02;-1.844457387924194336e-01
-2.120448090136051178e-02;-1.589838266372680664e-01;-2.670983076095581055e-01
-3.264661412686109543e-03;3.078227117657661438e-02;-1.844515204429626465e-01
1.176532208919525146e-01;-7.041667401790618896e-02;-8.198096603155136108e-02
-3.324485849589109421e-03;3.080307319760322571e-02;-1.844531744718551636e-01
-9.893124550580978394e-02;2.331617660820484161e-02;-3.204081952571868896e-01
-3.310864325612783432e-03;3.082325495779514313e-02;-1.843702495098114014e-01
-3.294023219496011734e-03;3.079457953572273254e-02;-1.844359040260314941e-01
-1.829358339309692383e-01;4.888473749160766602e-01;-5.550054907798767090e-01
-3.789213299751281738e-01;3.354256153106689453e-01;-6.042997241020202637e-01
-3.790012300014495850e-01;3.353877067565917969e-01;-6.043205261230468750e-01
-3.059663772583007812e-01;1.888210922479629517e-01;-5.387296676635742188e-01
-3.789512515068054199e-01;3.353918194770812988e-01;-6.043332815170288086e-01
-1.848432570695877075e-01;1.957374513149261475e-01;-4.648283123970031738e-01
-3.790023028850555420e-01;3.354138135910034180e-01;-6.043311953544616699e-01
-1.916478276252746582e-01;3.581449687480926514e-01;-5.547843575477600098e-01
-3.789984881877899170e-01;3.354279696941375732e-01;-6.042592525482177734e-01
-3.789759278297424316e-01;3.354116976261138916e-01;-6.043078899383544922e-01
1.943134367465972900e-01;7.108371853828430176e-01;1.256290972232818604e-01
2.354625761508941650e-01;6.914984583854675293e-01;1.746042668819427490e-01
2.354268431663513184e-01;6.914766430854797363e-01;1.746016591787338257e-01
2.317482829093933105e-01;7.136598825454711914e-01;1.612175107002258301e-01
2.354391664266586304e-01;6.914749741554260254e-01;1.745956391096115112e-01
1.957848370075225830e-01;7.146419286727905273e-01;1.117628738284111023e-01
2.354258596897125244e-01;6.914880275726318359e-01;1.745934933423995972e-01
2.352541983127593994e-01;6.356416940689086914e-01;1.717881411314010620e-01
2.354274541139602661e-01;6.914909482002258301e-01;1.746257543563842773e-01
2.354393303394317627e-01;6.914855837821960449e-01;1.746075004339218140e-01
-2.943018674850463867e-01;-2.220892012119293213e-01;-4.968453645706176758e-01
-4.076668024063110352e-01;-3.314626216888427734e-01;-6.303353309631347656e-01
-4.076937139034271240e-01;-3.314638435840606689e-01;-6.303472518920898438e-01
-3.271582424640655518e-01;-4.840369224548339844e-01;-5.512911081314086914e-01
-4.076697528362274170e-01;-3.314571678638458252e-01;-6.303479075431823730e-01
-3.098046481609344482e-01;-3.779627084732055664e-01;-5.770513415336608887e-01
-4.076823592185974121e-01;-3.314678370952606201e-01;-6.303412914276123047e-01
-2.217981368303298950e-01;-3.231446444988250732e-01;-5.610053539276123047e-01
-4.076922833919525146e-01;-3.314506411552429199e-01;-6.303340196609497070e-01
-4.076952338218688965e-01;-3.314634561538696289e-01;-6.303520202636718750e-01
-1.521693468093872070e-01;-4.924034476280212402e-01;3.972742259502410889e-01
-1.082786321640014648e-01;-6.725301742553710938e-01;3.389095067977905273e-01
-1.083400920033454895e-01;-6.725611686706542969e-01;3.388952612876892090e-01
-8.220688998699188232e-02;-6.169865131378173828e-01;3.049639463424682617e-01
-1.083049848675727844e-01;-6.725619435310363770e-01;3.388868272304534912e-01
5.551683902740478516e-02;-6.843603849411010742e-01;3.400335609912872314e-01
-1.083552911877632141e-01;-6.725367307662963867e-01;3.388800024986267090e-01
-8.649396896362304688e-02;-6.371025443077087402e-01;4.679967761039733887e-01
-1.083381772041320801e-01;-6.725315451622009277e-01;3.389454185962677002e-01
-1.083199158310890198e-01;-6.725412607192993164e-01;3.389055430889129639e-01
1.816151887178421021e-01;-6.804144382476806641e-01;1.206359192728996277e-01
1.923553794622421265e-01;-6.951091885566711426e-01;2.124980986118316650e-01
1.923372000455856323e-01;-6.951202750205993652e-01;2.124951779842376709e-01
1.868542432785034180e-01;-6.877604722976684570e-01;2.131985276937484741e-01
1.923427283763885498e-01;-6.951191425323486328e-01;2.124955058097839355e-01
2.178016304969787598e-01;-6.993746757507324219e-01;1.324219703674316406e-01
1.923346221446990967e-01;-6.951149702072143555e-01;2.124896943569183350e-01
2.167934477329254150e-01;-6.970382928848266602e-01;1.730069816112518311e-01
1.923352032899856567e-01;-6.951118707656860352e-01;2.125125378370285034e-01
1.923452913761138916e-01;-6.951137781143188477e-01;2.125025391578674316e-01
4.613727331161499023e-03;2.200483977794647217e-01;4.093792140483856201e-01
-6.647637486457824707e-02;1.469677388668060303e-01;2.396811097860336304e-01
-6.653477251529693604e-02;1.469406038522720337e-01;2.396723181009292603e-01
-2.699453011155128479e-02;1.746025681495666504e-02;3.361802399158477783e-01
-6.650830060243606567e-02;1.469335705041885376e-01;2.396595776081085205e-01
-1.074633374810218811e-02;2.515670657157897949e-01;1.622924804687500000e-01
-6.653723120689392090e-02;1.469571888446807861e-01;2.396650314331054688e-01
-1.476737558841705322e-01;1.040434390306472778e-01;4.024759531021118164e-01
-6.652384251356124878e-02;1.469588279724121094e-01;2.397067695856094360e-01
-6.651398539543151855e-02;1.469505727291107178e-01;2.396787852048873901e-01
