-3.296224772930145264e-01;-4.064079374074935913e-02;-4.477565288543701172e-01
-3.399823009967803955e-01;3.816130012273788452e-02;-4.503982663154602051e-01
-3.846278786659240723e-01;-2.053046524524688721e-01;-4.541451334953308105e-01
-3.396824002265930176e-01;2.772234082221984863e-01;-4.337187111377716064e-01
-4.106086492538452148e-01;-3.553982079029083252e-01;4.918395876884460449e-01
-3.422754108905792236e-01;-3.904754817485809326e-01;-4.301140308380126953e-01
-3.180416226387023926e-01;4.214535057544708252e-01;4.703610539436340332e-01
-4.298293292522430420e-01;-6.716857105493545532e-02;5.144137144088745117e-01
-2.533525526523590088e-01;1.662714332342147827e-01;3.668268024921417236e-01
1.819023042917251587e-01;-1.062835231423377991e-01;-1.861836574971675873e-02
1.832556128501892090e-01;-1.153441593050956726e-01;5.121989548206329346e-02
-2.425023615360260010e-01;3.039048984646797180e-02;-3.951908648014068604e-01
-2.296303957700729370e-01;-9.037595987319946289e-02;3.620991706848144531e-01
1.803909838199615479e-01;2.565945982933044434e-01;-6.887785159051418304e-03
1.996540427207946777e-01;1.448317915201187134e-01;-4.990121722221374512e-02
-2.264871150255203247e-01;1.384151875972747803e-01;3.886267840862274170e-01
1.866565197706222534e-01;3.326737880706787109e-01;5.116397142410278320e-02
-3.464238047599792480e-01;6.050802469253540039e-01;-4.524562656879425049e-01
-3.939239382743835449e-01;-2.093357294797897339e-01;4.623843729496002197e-01
1.793162822723388672e-01;3.528029918670654297e-01;2.451713010668754578e-02
-2.529582381248474121e-01;-3.660134673118591309e-01;-3.700198233127593994e-01
-2.160006463527679443e-01;-2.386410087347030640e-01;-3.328151106834411621e-01
-2.651362419128417969e-01;-2.374685257673263550e-01;3.476645350456237793e-01
-4.567814469337463379e-01;2.487231194972991943e-01;-5.195699930191040039e-01
-2.309291064739227295e-01;3.688073456287384033e-01;3.606945574283599854e-01
-2.758253216743469238e-01;4.435598552227020264e-01;3.757474720478057861e-01
9.438502043485641479e-02;9.784189611673355103e-02;7.186701893806457520e-02
1.116792932152748108e-01;-1.769294738769531250e-01;-6.849057972431182861e-02
7.368288934230804443e-02;6.312715262174606323e-02;3.651339188218116760e-02
1.901471465826034546e-01;-4.227299094200134277e-01;-2.773454971611499786e-02
7.629658281803131104e-02;-1.453457772731781006e-01;6.576996296644210815e-02
2.136813253164291382e-01;3.384990394115447998e-01;1.097781211137771606e-01
-2.848958671092987061e-01;-6.180172562599182129e-01;4.634960293769836426e-01
-2.235694527626037598e-01;2.700054645538330078e-01;-3.907738924026489258e-01
-3.520978689193725586e-01;-3.339079618453979492e-01;-3.740291893482208252e-01
4.062932729721069336e-02;4.865770787000656128e-02;1.291202455759048462e-01
-2.132097482681274414e-01;1.772988885641098022e-01;-3.927497565746307373e-01
1.856116205453872681e-01;5.089215636253356934e-01;-4.084377083927392960e-03
-3.131312131881713867e-01;1.841762065887451172e-01;3.546702861785888672e-01
1.887778937816619873e-01;-5.048047900199890137e-01;-1.441499963402748108e-02
-2.915099859237670898e-01;-6.870913505554199219e-01;4.645742177963256836e-01
-1.325591802597045898e-01;2.618545889854431152e-01;2.593687176704406738e-01
-1.678347587585449219e-01;-2.219674289226531982e-01;3.732720017433166504e-01
2.478037923574447632e-01;-7.365291714668273926e-01;4.584672152996063232e-01
-2.394832298159599304e-02;-9.642904996871948242e-02;2.075036913156509399e-01
1.990861594676971436e-01;-4.931161403656005859e-01;-5.292793363332748413e-02
-5.153198912739753723e-02;6.196863949298858643e-02;-2.017562836408615112e-01
2.456777542829513550e-01;7.549736499786376953e-01;-4.147005379199981689e-01
-9.992163628339767456e-02;7.993820309638977051e-02;-1.777112334966659546e-01
1.113693341612815857e-01;4.603780806064605713e-01;-5.812107399106025696e-02
-3.626318573951721191e-01;-4.593022763729095459e-01;4.156525731086730957e-01
1.111028194427490234e-01;4.365811645984649658e-01;9.547168761491775513e-02
1.078546494245529175e-01;-4.357056319713592529e-01;9.168981015682220459e-02
-1.459771096706390381e-01;-3.192926645278930664e-01;-2.318189144134521484e-01
-3.113029897212982178e-01;5.674382448196411133e-01;4.677124321460723877e-01
-2.394029684364795685e-02;8.684121072292327881e-02;2.300135791301727295e-01
2.481864541769027710e-01;7.483496069908142090e-01;-4.314113855361938477e-01
-3.461016714572906494e-02;-1.177069358527660370e-02;-1.226747781038284302e-01
2.448301315307617188e-01;7.549368739128112793e-01;4.394579529762268066e-01
1.617322266101837158e-01;-5.593124032020568848e-02;1.640103012323379517e-01
9.305185824632644653e-02;5.076134204864501953e-01;5.622160434722900391e-02
1.695879548788070679e-01;-1.581127047538757324e-01;-1.303672641515731812e-01
-5.431710183620452881e-02;-1.779958307743072510e-01;1.606337875127792358e-01
-1.837580204010009766e-01;-1.483714394271373749e-02;2.343686372041702271e-01
2.246187329292297363e-01;-3.956252038478851318e-01;1.453309804201126099e-01
-1.701935231685638428e-01;-2.561726570129394531e-01;-2.037063986063003540e-01
-1.585503853857517242e-02;-2.135261893272399902e-02;-7.415454834699630737e-02
-9.498163312673568726e-02;2.716236710548400879e-01;-2.731978595256805420e-01
-3.090148866176605225e-01;-3.065699934959411621e-01;3.295036852359771729e-01
2.480266690254211426e-01;-1.024328321218490601e-01;-1.398578733205795288e-01
-1.370768528431653976e-02;-2.739824354648590088e-01;-1.684425920248031616e-01
1.995744407176971436e-01;5.593240857124328613e-01;-6.364585459232330322e-02
-2.417968660593032837e-01;-6.125917434692382812e-01;-4.318891763687133789e-01
-1.838164478540420532e-01;-7.007958739995956421e-02;4.158350229263305664e-01
-2.300641834735870361e-01;6.322364211082458496e-01;-4.318777024745941162e-01
-2.735212147235870361e-01;-4.392032921314239502e-01;3.078527152538299561e-01
2.400348633527755737e-01;-7.494828701019287109e-01;-3.852175474166870117e-01
1.523127853870391846e-01;7.532941699028015137e-01;4.584650099277496338e-01
4.298760741949081421e-02;4.720103144645690918e-01;-8.458411693572998047e-02
2.400788813829421997e-01;7.641939520835876465e-01;4.117047786712646484e-01
-2.057579457759857178e-01;4.161438643932342529e-01;-3.912887871265411377e-01
4.723556339740753174e-02;-4.353723526000976562e-01;-1.021215766668319702e-01
-4.380938112735748291e-01;2.272693254053592682e-02;4.599628448486328125e-01
-2.347924746572971344e-02;1.886752247810363770e-01;-4.328356683254241943e-02
-1.448619067668914795e-01;3.952687978744506836e-01;-1.979814171791076660e-01
1.434966027736663818e-01;4.177948534488677979e-01;1.595020294189453125e-01
-1.383698880672454834e-01;-4.357650578022003174e-01;-2.464900016784667969e-01
6.100042164325714111e-02;3.653889894485473633e-01;-1.457864791154861450e-01
2.496677190065383911e-01;1.603284329175949097e-01;-1.477411091327667236e-01
-2.471927553415298462e-02;-1.567985117435455322e-01;4.030782729387283325e-02
2.309199273586273193e-01;7.440435886383056641e-01;4.203532934188842773e-01
-2.795095089823007584e-03;-4.672225117683410645e-01;-1.213867682963609695e-02
2.283085882663726807e-01;-7.281042337417602539e-01;-3.956266045570373535e-01
-1.306640058755874634e-01;4.502067267894744873e-01;2.813930511474609375e-01
1.350423600524663925e-02;-3.067871034145355225e-01;2.005103826522827148e-01
-2.190060168504714966e-01;-6.339060664176940918e-01;-3.959480226039886475e-01
-2.408227026462554932e-01;-2.234797328710556030e-01;2.545107007026672363e-01
-4.243221580982208252e-01;6.664269566535949707e-01;-4.934168159961700439e-01
-3.511556982994079590e-01;-6.819803118705749512e-01;-4.090836644172668457e-01
2.248310148715972900e-01;-7.316617965698242188e-01;4.071754217147827148e-01
2.197483032941818237e-01;5.403995513916015625e-01;-1.342426091432571411e-01
1.296491324901580811e-01;5.423035025596618652e-01;1.391271650791168213e-01
2.246206551790237427e-01;7.445467114448547363e-01;-3.772877454757690430e-01
-1.696200668811798096e-02;-4.536876976490020752e-01;1.397818606346845627e-02
2.228078842163085938e-01;5.282083749771118164e-01;1.663569360971450806e-01
4.673602059483528137e-02;2.608020901679992676e-01;2.197684496641159058e-01
-8.698013424873352051e-02;-4.452213346958160400e-01;2.608447670936584473e-01
2.356389462947845459e-01;-7.581182122230529785e-01;3.871142566204071045e-01
-6.874521076679229736e-02;3.977115750312805176e-01;1.267790347337722778e-01
2.435792535543441772e-01;3.168128132820129395e-01;1.854566633701324463e-01
2.429515272378921509e-01;-3.194482624530792236e-01;-1.620271950960159302e-01
-2.673308253288269043e-01;6.926971673965454102e-01;-3.246586322784423828e-01
1.738379597663879395e-01;2.843818962574005127e-01;-1.657109111547470093e-01
2.142682820558547974e-01;-7.067272663116455078e-01;-4.314134120941162109e-01
1.343707740306854248e-01;-4.934981763362884521e-01;1.657260805368423462e-01
2.116110920906066895e-01;6.057381033897399902e-01;-1.132493689656257629e-01
-1.556773930788040161e-01;4.924178123474121094e-01;-3.454607725143432617e-01
1.823157668113708496e-01;-1.936958581209182739e-01;-1.678516715764999390e-01
2.358884364366531372e-01;7.710149288177490234e-01;3.874351084232330322e-01
-2.115479707717895508e-01;-6.314889788627624512e-01;3.253181576728820801e-01
1.862474232912063599e-01;8.552846312522888184e-02;2.012927830219268799e-01
-1.756178289651870728e-01;2.778512537479400635e-01;1.989804059267044067e-01
1.281587928533554077e-01;-7.357687354087829590e-01;4.584563672542572021e-01
-2.959349891170859337e-03;-2.783525884151458740e-01;2.674511671066284180e-01
-2.605017125606536865e-01;1.416312605142593384e-01;2.620498538017272949e-01
-1.004775911569595337e-01;6.548664718866348267e-02;-3.352064490318298340e-01
1.243927404284477234e-01;7.586265206336975098e-01;-3.951871693134307861e-01
1.706610471010208130e-01;-3.662911057472229004e-01;-1.666602641344070435e-01
2.206667065620422363e-01;7.556431889533996582e-01;-3.560457229614257812e-01
2.417868077754974365e-01;-7.000591754913330078e-01;-3.670107722282409668e-01
1.322615444660186768e-01;-7.525159716606140137e-01;-3.730685114860534668e-01
-2.048925124108791351e-02;-7.414425611495971680e-01;-4.314175844192504883e-01
-8.323596417903900146e-02;-5.187082886695861816e-01;2.105293422937393188e-01
-5.732513219118118286e-02;5.095010995864868164e-01;-2.239608019590377808e-01
9.219649434089660645e-02;-6.459732651710510254e-01;1.019375920295715332e-01
-2.909360527992248535e-01;4.455246403813362122e-02;-2.488356530666351318e-01
-1.310068517923355103e-01;-4.842360019683837891e-01;1.831331253051757812e-01
-1.345303952693939209e-01;-3.433113992214202881e-01;-1.411451250314712524e-01
2.509622871875762939e-01;-6.752947568893432617e-01;4.584607481956481934e-01
2.307450175285339355e-01;-7.655667662620544434e-01;3.633862137794494629e-01
-9.457577764987945557e-02;-7.457748651504516602e-01;4.584546983242034912e-01
-3.073246963322162628e-02;-5.332252383232116699e-01;1.713301837444305420e-01
-4.234938621520996094e-01;7.429087162017822266e-01;5.184009075164794922e-01
2.143266946077346802e-01;6.437786221504211426e-01;1.659885197877883911e-01
-9.013023972511291504e-02;1.601963341236114502e-01;1.050966158509254456e-01
2.221340835094451904e-01;-6.071463227272033691e-01;-1.698899120092391968e-01
-3.465178906917572021e-01;-4.994688183069229126e-02;-3.130863904953002930e-01
2.599486410617828369e-01;4.214857146143913269e-02;-1.844713985919952393e-01
-2.311756312847137451e-01;7.029181122779846191e-01;3.392860889434814453e-01
-5.106718465685844421e-02;7.569121718406677246e-01;4.584647119045257568e-01
1.508541405200958252e-02;-6.881918311119079590e-01;-2.974938973784446716e-02
4.085258021950721741e-02;6.045868396759033203e-01;-1.342312991619110107e-01
2.310205250978469849e-01;7.782246470451354980e-01;3.626861572265625000e-01
-1.390397846698760986e-01;-5.503031015396118164e-01;-3.481314182281494141e-01
-2.290359586477279663e-01;-2.761804163455963135e-01;2.200131267309188843e-01
-1.398120373487472534e-01;6.731599569320678711e-02;4.063729047775268555e-01
1.953803896903991699e-01;8.637961000204086304e-02;-1.940324306488037109e-01
-9.553618729114532471e-02;7.590865492820739746e-01;-4.314158558845520020e-01
1.309380233287811279e-01;-8.439745008945465088e-02;2.364464104175567627e-01
-1.604989767074584961e-01;-6.248952746391296387e-01;-2.214256525039672852e-01
-4.961967002600431442e-03;-3.548808023333549500e-02;-2.807928323745727539e-01
-2.918639481067657471e-01;5.536602735519409180e-01;-2.674894630908966064e-01
-4.356245398521423340e-01;-1.638620719313621521e-02;-4.356162250041961670e-01
2.354682981967926025e-01;-7.106419801712036133e-01;-3.287965655326843262e-01
-1.012267097830772400e-01;4.119299054145812988e-01;9.391263872385025024e-02
2.813634090125560760e-02;-7.497292160987854004e-01;4.177998602390289307e-01
-4.235503673553466797e-01;-1.517917066812515259e-01;-3.907511234283447266e-01
-6.197289377450942993e-02;-1.050945594906806946e-01;3.571719825267791748e-01
2.293785959482192993e-01;7.813110947608947754e-01;3.523923754692077637e-01
-1.228216737508773804e-01;5.841255784034729004e-01;1.725513637065887451e-01
-6.976523995399475098e-02;-7.553696036338806152e-01;4.126995503902435303e-01
-4.425635337829589844e-01;-6.219102740287780762e-01;5.139901638031005859e-01
2.363003194332122803e-01;-5.713891386985778809e-01;-2.361272722482681274e-01
2.326046526432037354e-01;6.117970943450927734e-01;2.565689086914062500e-01
1.966523975133895874e-01;-7.082713842391967773e-01;-6.686895340681076050e-02
2.295932322740554810e-01;7.796153426170349121e-01;-3.241360485553741455e-01
-2.819325402379035950e-02;6.629739999771118164e-01;-1.077457442879676819e-01
2.934163250029087067e-02;7.682386040687561035e-01;4.235208779573440552e-02
-8.970598876476287842e-02;-2.011556327342987061e-01;-6.643193215131759644e-02
1.686394214630126953e-01;4.632458388805389404e-01;-2.127674371004104614e-01
2.126551419496536255e-01;6.753638386726379395e-01;-4.314151406288146973e-01
-7.656471431255340576e-02;-7.071736454963684082e-01;7.233734428882598877e-02
-1.372992992401123047e-01;-7.024074345827102661e-02;-3.829419910907745361e-01
9.065625816583633423e-02;-6.337802112102508545e-02;-2.362022846937179565e-01
1.360906362533569336e-01;-7.020591497421264648e-01;1.588270813226699829e-01
-4.268651083111763000e-02;6.572822928428649902e-01;1.467880010604858398e-01
2.333062738180160522e-01;6.566011309623718262e-01;-2.643248140811920166e-01
-1.878872364759445190e-01;6.356714367866516113e-01;4.584249258041381836e-01
7.832690328359603882e-02;7.700517773628234863e-02;-2.415807098150253296e-01
2.448985576629638672e-01;-4.681228697299957275e-01;-2.320695072412490845e-01
-1.313109099864959717e-01;-7.032486200332641602e-01;-4.069783091545104980e-01
2.627069056034088135e-01;-1.029529795050621033e-01;2.395751178264617920e-01
-1.589117795228958130e-01;2.778379917144775391e-01;1.358830034732818604e-01
4.685652256011962891e-02;-8.085079789161682129e-01;-4.206678271293640137e-02
-1.350192278623580933e-01;-7.535265684127807617e-01;-4.177043214440345764e-02
-1.938198506832122803e-01;-3.700659871101379395e-01;4.584670066833496094e-01
2.263090461492538452e-01;-7.732735872268676758e-01;3.328862488269805908e-01
-2.390798777341842651e-01;-7.573338150978088379e-01;3.245491385459899902e-01
-2.397182881832122803e-01;6.860550045967102051e-01;2.379242777824401855e-01
-2.637188434600830078e-01;7.601767182350158691e-01;2.971793115139007568e-01
-3.413530886173248291e-01;2.478313893079757690e-01;-4.517418146133422852e-01
-3.077368438243865967e-01;-3.505910038948059082e-01;-4.406695067882537842e-01
-3.488443493843078613e-01;4.420916438102722168e-01;-4.571835994720458984e-01
-2.425483316183090210e-01;3.761534765362739563e-02;3.711214363574981689e-01
-3.453784584999084473e-01;-1.806003004312515259e-01;4.162076413631439209e-01
-2.393215596675872803e-01;1.099807098507881165e-01;3.680116534233093262e-01
1.377959251403808594e-01;-7.669503241777420044e-02;2.202458865940570831e-02
1.780135482549667358e-01;1.366165727376937866e-01;6.590466946363449097e-02
1.993893384933471680e-01;-7.091385778039693832e-03;8.772346377372741699e-02
1.561012566089630127e-01;8.028740994632244110e-04;-4.288701713085174561e-02
-2.215379327535629272e-01;1.863520145416259766e-01;3.620874285697937012e-01
1.345067024230957031e-01;-2.911659888923168182e-02;-2.645769901573657990e-02
-3.800507485866546631e-01;-6.140972375869750977e-01;-4.653601348400115967e-01
1.514853090047836304e-01;-2.695763707160949707e-01;3.888282552361488342e-02
1.303375810384750366e-01;1.292999237775802612e-01;-1.803619042038917542e-02
1.768319457769393921e-01;2.838135063648223877e-01;6.971838325262069702e-02
-2.605397999286651611e-01;-3.073352277278900146e-01;3.748270273208618164e-01
1.268419921398162842e-01;2.670962512493133545e-01;9.328779764473438263e-03
1.221437007188796997e-01;3.531782329082489014e-01;-1.815603859722614288e-02
-1.773359924554824829e-01;-1.008723303675651550e-01;3.462515175342559814e-01
1.382226943969726562e-01;-3.651058077812194824e-01;-4.307920858263969421e-02
1.311528533697128296e-01;4.224543869495391846e-01;2.156174182891845703e-02
-3.239175379276275635e-01;4.267360866069793701e-01;4.012071490287780762e-01
1.634126454591751099e-01;-3.539414703845977783e-01;-6.562973558902740479e-02
1.220444142818450928e-01;-4.176341593265533447e-01;-1.948253437876701355e-02
2.258618772029876709e-01;-2.162168473005294800e-01;1.288480758666992188e-01
1.732754707336425781e-01;-4.293251037597656250e-01;7.199153304100036621e-02
2.058754414319992065e-01;2.384356558322906494e-01;-9.753932803869247437e-02
2.256786525249481201e-01;-1.394530981779098511e-01;-1.119882315397262573e-01
2.274559140205383301e-01;5.069159343838691711e-02;-1.129851192235946655e-01
1.453988850116729736e-01;-4.433854818344116211e-01;-5.475269258022308350e-02
-2.856067717075347900e-01;-4.926286637783050537e-01;3.830780088901519775e-01
2.475705742835998535e-01;7.567426562309265137e-01;-4.133740961551666260e-01
1.474241316318511963e-01;-4.955429434776306152e-01;4.581756889820098877e-02
1.246697306632995605e-01;-5.030739903450012207e-01;1.834583282470703125e-02
2.129442095756530762e-01;2.935927808284759521e-01;-1.110576316714286804e-01
-3.791083693504333496e-01;-4.427174627780914307e-01;4.284306764602661133e-01
2.411736249923706055e-01;7.530424594879150391e-01;-4.221961796283721924e-01
2.444916963577270508e-01;-9.416570886969566345e-03;1.541466265916824341e-01
1.474092900753021240e-01;5.483778715133666992e-01;5.359704419970512390e-02
2.349708974361419678e-01;7.482069134712219238e-01;-4.314104020595550537e-01
1.706205755472183228e-01;4.801388978958129883e-01;-8.827433735132217407e-02
2.221439331769943237e-01;-2.911886274814605713e-01;-1.288133710622787476e-01
1.314200460910797119e-01;-5.381551980972290039e-01;-4.922579973936080933e-02
2.522150576114654541e-01;7.344174385070800781e-01;-4.314129054546356201e-01
2.444745153188705444e-01;-7.475544810295104980e-01;-3.914091289043426514e-01
-2.569085359573364258e-01;-6.026440858840942383e-01;3.726628720760345459e-01
2.223355174064636230e-01;4.126244783401489258e-01;1.545995771884918213e-01
2.448048442602157593e-01;-1.677811890840530396e-01;1.696997731924057007e-01
2.032114267349243164e-01;7.599330544471740723e-01;-3.927132189273834229e-01
1.093089953064918518e-01;6.042650938034057617e-01;-1.329487189650535583e-02
2.125916332006454468e-01;-3.993381559848785400e-01;-1.357759237289428711e-01
1.657310277223587036e-01;-7.368043065071105957e-01;-4.252357482910156250e-01
1.485355198383331299e-01;-6.006099581718444824e-01;6.265443563461303711e-02
2.378844618797302246e-01;2.459777444601058960e-01;-1.487439423799514771e-01
-1.437081843614578247e-01;-4.632874429225921631e-01;3.427844047546386719e-01
2.487561404705047607e-01;-7.052270174026489258e-01;-4.119570851325988770e-01
1.443815082311630249e-01;6.276253461837768555e-01;6.073643639683723450e-02
2.292017638683319092e-01;-7.037199735641479492e-01;-4.314129948616027832e-01
1.697967201471328735e-01;-5.682280659675598145e-01;-1.088414043188095093e-01
-6.478188186883926392e-02;-9.992731362581253052e-02;3.239685595035552979e-01
2.398866415023803711e-01;7.697117328643798828e-01;-3.628826141357421875e-01
1.944384127855300903e-01;5.597956776618957520e-01;-1.420003026723861694e-01
-1.003751754760742188e-01;-2.922533452510833740e-01;3.315994739532470703e-01
1.461382806301116943e-01;7.619002461433410645e-01;-3.822292089462280273e-01
2.458271980285644531e-01;2.773951590061187744e-01;1.924424618482589722e-01
2.435721158981323242e-01;7.059921622276306152e-01;-3.757098913192749023e-01
-2.461411952972412109e-01;6.924614906311035156e-01;3.690013289451599121e-01
2.372423559427261353e-01;-4.026116430759429932e-01;2.027854323387145996e-01
9.597896784543991089e-02;7.561779618263244629e-01;-4.082610011100769043e-01
-2.895204424858093262e-01;7.722198367118835449e-01;-3.690851032733917236e-01
1.244128867983818054e-01;6.881259679794311523e-01;4.557466506958007812e-02
2.261490076780319214e-01;-5.193684697151184082e-01;1.998815834522247314e-01
-2.150807380676269531e-01;-5.284097790718078613e-01;-4.316627979278564453e-01
1.915469169616699219e-01;-6.526745557785034180e-01;1.429012864828109741e-01
-6.215979531407356262e-02;3.186081945896148682e-01;3.258455991744995117e-01
2.173462659120559692e-01;6.162259578704833984e-01;2.010972052812576294e-01
1.990691423416137695e-01;6.592985391616821289e-01;1.590069532394409180e-01
-7.052775472402572632e-02;-7.493500709533691406e-01;-4.058339595794677734e-01
-7.040136307477951050e-02;-3.573211729526519775e-01;3.299548923969268799e-01
-2.001211643218994141e-01;-7.594216465950012207e-01;-3.859723806381225586e-01
2.060048580169677734e-01;-7.462719678878784180e-01;3.519941568374633789e-01
-5.288892239332199097e-02;7.935581207275390625e-01;6.652335170656442642e-03
1.223555952310562134e-01;7.132717967033386230e-01;-7.407037168741226196e-02
-2.015448734164237976e-02;-7.499740719795227051e-01;-3.923219144344329834e-01
2.423633635044097900e-01;4.177539050579071045e-01;2.272794246673583984e-01
1.063766926527023315e-01;-7.182494997978210449e-01;-5.220808088779449463e-02
-3.975467681884765625e-01;7.540683746337890625e-01;-4.760791361331939697e-01
8.076033554971218109e-03;8.127120137214660645e-01;-1.368055678904056549e-02
2.332795113325119019e-01;7.607485651969909668e-01;3.466473817825317383e-01
2.257445603609085083e-01;-7.481804490089416504e-01;-3.162403404712677002e-01
-1.526929140090942383e-01;7.492090463638305664e-01;-4.314180612564086914e-01
2.452344000339508057e-01;3.606710731983184814e-01;-2.058264166116714478e-01
-1.997826993465423584e-02;7.646530270576477051e-01;-3.872343003749847412e-01
-6.608403474092483521e-02;-7.754164338111877441e-01;-2.603985555469989777e-02
-4.095150530338287354e-02;-7.838898301124572754e-01;-1.121603045612573624e-02
1.678350865840911865e-01;-7.407568097114562988e-01;3.498167097568511963e-01
-4.546870663762092590e-02;-7.821148037910461426e-01;6.700066477060317993e-02
2.748150937259197235e-02;8.180327415466308594e-01;4.311686381697654724e-02
-9.760017693042755127e-02;-7.652500867843627930e-01;5.082959681749343872e-02
