-3.543692231178283691e-01;-4.687202572822570801e-01;5.442066788673400879e-01
-2.689077854156494141e-01;4.071152210235595703e-02;-5.080729722976684570e-01
-3.286958336830139160e-01;-3.487392961978912354e-01;5.045402646064758301e-01
-3.373709917068481445e-01;7.744441926479339600e-02;-5.074312686920166016e-01
2.213498800992965698e-01;-1.533010452985763550e-01;-4.986618179827928543e-03
2.222443670034408569e-01;-1.619466096162796021e-01;2.658108808100223541e-02
2.248665988445281982e-01;2.386806607246398926e-01;-1.961388438940048218e-02
2.406800389289855957e-01;5.028545111417770386e-02;-7.085986435413360596e-02
-2.842481136322021484e-01;-3.502936959266662598e-01;4.570281505584716797e-01
-3.041107654571533203e-01;-9.460794180631637573e-02;4.324713349342346191e-01
2.254712581634521484e-01;3.197888135910034180e-01;-1.703609153628349304e-02
2.325228005647659302e-01;2.463298290967941284e-01;6.443642824888229370e-02
-2.977123856544494629e-01;-1.537528932094573975e-01;5.307027101516723633e-01
2.419776469469070435e-01;-2.051771730184555054e-01;-7.657799869775772095e-02
-2.921865880489349365e-01;3.349681496620178223e-01;4.663327336311340332e-01
-2.219896614551544189e-01;-1.206749901175498962e-01;-3.758693039417266846e-01
-3.638570606708526611e-01;1.564566493034362793e-01;4.944242537021636963e-01
-1.574320048093795776e-01;3.028441034257411957e-02;3.446473777294158936e-01
2.270559519529342651e-01;-3.706450164318084717e-01;1.124853827059268951e-02
-2.608236670494079590e-01;5.571390390396118164e-01;5.202394723892211914e-01
2.425934821367263794e-01;2.113312184810638428e-01;9.395857155323028564e-02
2.466491907835006714e-01;2.907341122627258301e-01;-8.934572339057922363e-02
-3.034679293632507324e-01;9.130828082561492920e-02;4.208501875400543213e-01
2.395082414150238037e-01;-2.762068510055541992e-01;8.588041365146636963e-02
1.377714574337005615e-01;-4.019535332918167114e-02;-5.284681543707847595e-02
1.505730152130126953e-01;9.557551890611648560e-02;7.785333693027496338e-02
1.406270861625671387e-01;1.858888939023017883e-02;7.218844443559646606e-02
-2.307653725147247314e-01;-3.451682254672050476e-02;4.796208441257476807e-01
-1.584782898426055908e-01;2.819767221808433533e-02;-3.002766668796539307e-01
-2.328871488571166992e-01;-1.561197936534881592e-01;-5.057055950164794922e-01
-1.657544374465942383e-01;3.970584645867347717e-02;-4.098889827728271484e-01
-2.623701393604278564e-01;5.401551127433776855e-01;-4.416085183620452881e-01
-3.125749230384826660e-01;6.575393080711364746e-01;5.263906717300415039e-01
2.296666651964187622e-01;-4.573467671871185303e-01;6.796759553253650665e-03
-2.312367111444473267e-01;-4.426302015781402588e-01;-4.684803783893585205e-01
-3.840692937374114990e-01;5.623226761817932129e-01;-5.238180160522460938e-01
-2.984040677547454834e-01;-2.608065605163574219e-01;-4.250280261039733887e-01
-1.551294177770614624e-01;-2.436721920967102051e-01;-3.402665555477142334e-01
2.522656023502349854e-01;-1.603195518255233765e-01;1.231895834207534790e-01
-4.313435554504394531e-01;-2.338209375739097595e-02;5.363634228706359863e-01
-6.994859129190444946e-02;1.085507646203041077e-01;2.786086201667785645e-01
-3.676317632198333740e-01;4.051925241947174072e-01;4.874873757362365723e-01
-1.675252616405487061e-01;2.319430261850357056e-01;3.152258992195129395e-01
9.124903008341789246e-04;-3.659462556242942810e-02;-2.473490238189697266e-01
-4.485277533531188965e-01;-1.960791498422622681e-01;-5.607858896255493164e-01
9.509202837944030762e-02;1.694155633449554443e-01;-1.311967074871063232e-01
3.040165081620216370e-02;-7.831606268882751465e-02;-1.663175076246261597e-01
-1.890716254711151123e-01;-3.385694697499275208e-02;-4.591287970542907715e-01
-2.686186432838439941e-01;2.252625375986099243e-01;-3.725253641605377197e-01
-1.605027168989181519e-01;4.013611972332000732e-01;-3.475105464458465576e-01
-2.171561419963836670e-01;2.266631722450256348e-01;-3.212827146053314209e-01
7.473576068878173828e-02;2.161908298730850220e-01;-1.023868918418884277e-01
-1.923701167106628418e-01;1.648206859827041626e-01;4.704866707324981689e-01
2.373156547546386719e-01;5.130005478858947754e-01;7.191254943609237671e-02
2.534179985523223877e-01;-4.157359004020690918e-01;-1.191932111978530884e-01
-2.214357852935791016e-01;-5.309410691261291504e-01;-5.057332515716552734e-01
-7.152182608842849731e-02;2.130756080150604248e-01;3.256006240844726562e-01
1.147678121924400330e-01;-1.318035274744033813e-01;1.769062131643295288e-01
5.123415216803550720e-02;-2.558141052722930908e-01;-1.648874282836914062e-01
6.392623484134674072e-02;4.714850336313247681e-02;2.186859399080276489e-01
2.641532421112060547e-01;-1.899571567773818970e-01;-1.534658521413803101e-01
-2.715790271759033203e-01;-6.584634780883789062e-01;-4.534097909927368164e-01
-7.848822325468063354e-02;2.839725315570831299e-01;3.306371867656707764e-01
2.445677816867828369e-01;5.276988148689270020e-01;1.046670451760292053e-01
-2.221285551786422729e-01;-6.560463309288024902e-01;5.171779990196228027e-01
-1.714256703853607178e-01;-5.405865311622619629e-01;-3.849010169506072998e-01
2.360317856073379517e-01;6.001439094543457031e-01;-4.063358902931213379e-02
-8.349048346281051636e-02;-2.423871755599975586e-01;2.313706278800964355e-01
8.725405484437942505e-02;-3.510165512561798096e-01;1.185482442378997803e-01
-1.339669525623321533e-01;-2.114038318395614624e-01;4.204606711864471436e-01
-1.405803114175796509e-01;3.262660503387451172e-01;-4.103466272354125977e-01
-1.239111125469207764e-01;7.489987462759017944e-02;-2.155725210905075073e-01
1.832041740417480469e-01;3.765485286712646484e-01;-1.557508558034896851e-01
-3.765797913074493408e-01;3.437275886535644531e-01;-4.519512653350830078e-01
-2.741584777832031250e-01;-2.355078756809234619e-01;3.521014750003814697e-01
-2.242195606231689453e-01;4.351708590984344482e-01;-3.296061456203460693e-01
-3.162553310394287109e-01;-4.015510976314544678e-01;3.971936702728271484e-01
-4.486952349543571472e-02;1.093071550130844116e-01;1.585524380207061768e-01
6.222201511263847351e-03;-2.110828757286071777e-01;1.259473115205764771e-01
-1.829352974891662598e-01;1.450142115354537964e-01;2.645142972469329834e-01
-8.113663643598556519e-02;2.266280055046081543e-01;-3.647432327270507812e-01
-2.397791892290115356e-01;-5.806790590286254883e-01;3.827459216117858887e-01
2.312774956226348877e-01;6.205576658248901367e-01;1.787944510579109192e-02
8.508449792861938477e-02;2.388448687270283699e-03;-2.393713146448135376e-01
-2.040314078330993652e-01;-2.725998163223266602e-01;-5.062609314918518066e-01
1.307056169025599957e-03;-2.536335885524749756e-01;-1.292112767696380615e-01
-5.265167355537414551e-02;3.717738687992095947e-01;2.394890487194061279e-01
1.260709166526794434e-01;2.680720388889312744e-01;1.921543031930923462e-01
4.176996648311614990e-02;2.419439256191253662e-01;3.694139420986175537e-02
-7.197603583335876465e-02;-5.423269420862197876e-02;3.733674287796020508e-01
-6.427534669637680054e-02;1.206188797950744629e-01;-1.687145382165908813e-01
7.996255904436111450e-02;2.011513113975524902e-01;2.207011282444000244e-01
-1.791296303272247314e-01;5.090195536613464355e-01;4.702216684818267822e-01
-2.643846571445465088e-01;-4.568767547607421875e-02;-3.258838951587677002e-01
-1.917422413825988770e-01;6.844382286071777344e-01;-4.769590497016906738e-01
5.940739065408706665e-02;4.432562887668609619e-01;1.658855006098747253e-02
-1.767932027578353882e-01;-5.276416540145874023e-01;-3.259102404117584229e-01
2.592435777187347412e-01;-3.557608425617218018e-01;1.635990738868713379e-01
-1.177508607506752014e-01;-1.050570532679557800e-01;-2.078532129526138306e-01
6.294886022806167603e-02;-4.576133787631988525e-01;6.294986605644226074e-02
-1.714951992034912109e-01;3.777588307857513428e-01;4.706768095493316650e-01
-9.267355501651763916e-02;-3.888874351978302002e-01;2.262640744447708130e-01
-1.939171403646469116e-01;6.372714638710021973e-01;4.747979640960693359e-01
-2.934615314006805420e-01;6.118102073669433594e-01;3.985627591609954834e-01
-1.180539280176162720e-01;-3.000977039337158203e-01;-2.217504233121871948e-01
-1.664643436670303345e-01;4.108496904373168945e-01;-4.578880667686462402e-01
1.942405700683593750e-01;-4.650308564305305481e-02;1.948085129261016846e-01
8.189533650875091553e-02;-1.668255031108856201e-01;-2.492003142833709717e-01
2.604618668556213379e-01;4.281320273876190186e-01;1.724044680595397949e-01
1.524090766906738281e-01;-6.202554702758789062e-01;3.641075640916824341e-02
-4.614689052104949951e-01;-5.233027338981628418e-01;-6.028887629508972168e-01
8.273222483694553375e-03;-1.987244486808776855e-01;2.995503544807434082e-01
-1.237448677420616150e-02;1.951612681150436401e-01;-9.635244309902191162e-02
1.054984107613563538e-01;5.057722330093383789e-01;-1.457602083683013916e-01
-1.441936492919921875e-01;3.455643653869628906e-01;-2.288105189800262451e-01
-6.874204427003860474e-02;-3.460565507411956787e-01;3.682256340980529785e-01
1.937546953558921814e-02;4.589344859123229980e-01;1.516118049621582031e-01
6.934018433094024658e-02;4.411279559135437012e-01;-2.197292000055313110e-01
5.798486247658729553e-02;5.757565498352050781e-01;6.467233598232269287e-02
2.708543837070465088e-01;6.747505627572536469e-03;-1.937945336103439331e-01
5.925811454653739929e-02;-5.619025230407714844e-01;-7.335513085126876831e-02
3.018471598625183105e-02;-5.123572349548339844e-01;-1.691187173128128052e-01
5.855031311511993408e-03;-4.528148770332336426e-01;-2.681251466274261475e-01
-2.310810536146163940e-01;6.047993898391723633e-01;-3.279597461223602295e-01
-1.242740005254745483e-01;-4.536985754966735840e-01;2.321073263883590698e-01
2.709096670150756836e-01;1.534714102745056152e-01;-1.967955678701400757e-01
-3.189304769039154053e-01;7.387791275978088379e-01;-4.617048203945159912e-01
2.693566977977752686e-01;3.040507435798645020e-01;-2.026300728321075439e-01
-9.293536841869354248e-02;-1.916407942771911621e-01;-1.541589498519897461e-01
1.743468940258026123e-01;-5.903435349464416504e-01;1.458768844604492188e-01
2.391206026077270508e-01;7.032440900802612305e-01;-7.052237540483474731e-02
1.473117023706436157e-01;6.974242329597473145e-01;-3.730570897459983826e-02
6.823815405368804932e-02;4.764742255210876465e-01;2.204172313213348389e-01
8.615334331989288330e-02;5.945084691047668457e-01;1.436863988637924194e-01
-3.407058715820312500e-01;7.293170690536499023e-01;4.437695145606994629e-01
-1.460005193948745728e-01;6.218801140785217285e-01;2.957325577735900879e-01
-2.905196547508239746e-01;6.658059358596801758e-02;3.260271549224853516e-01
-1.202409639954566956e-01;-5.955581665039062500e-01;4.266445934772491455e-01
-7.738093286752700806e-02;7.314482927322387695e-01;5.164930224418640137e-01
-3.587487339973449707e-01;-5.735910534858703613e-01;4.208340942859649658e-01
3.553948923945426941e-02;5.735988616943359375e-01;-2.045494914054870605e-01
2.625202238559722900e-01;-5.078563094139099121e-01;1.993743628263473511e-01
1.842401772737503052e-01;5.908797383308410645e-01;-1.890578269958496094e-01
-3.973416388034820557e-01;7.323945164680480957e-01;-5.529175996780395508e-01
1.720184087753295898e-01;7.887960672378540039e-01;-5.252740811556577682e-03
-5.668838974088430405e-03;-5.322833657264709473e-01;-2.724340558052062988e-01
2.641054689884185791e-01;-5.530536174774169922e-01;-2.020166218280792236e-01
1.979157924652099609e-01;4.965096414089202881e-01;-2.132111042737960815e-01
-2.133665978908538818e-01;7.414705157279968262e-01;3.661177456378936768e-01
1.052132472395896912e-01;7.774450182914733887e-01;2.569005265831947327e-02
2.058798968791961670e-01;-7.549227476119995117e-01;-8.356265723705291748e-03
2.287498675286769867e-02;-7.029976248741149902e-01;-5.053772926330566406e-01
1.273963898420333862e-01;-4.545026123523712158e-01;-2.259343415498733521e-01
2.312549501657485962e-01;7.920295596122741699e-01;-4.674239456653594971e-02
-5.642532929778099060e-02;-6.060166358947753906e-01;-3.477105498313903809e-01
2.359233498573303223e-01;-7.344442009925842285e-01;-5.777861550450325012e-02
1.847921609878540039e-01;6.673569679260253906e-01;-1.657597422599792480e-01
2.291363626718521118e-01;-7.726473212242126465e-01;1.525638159364461899e-02
-2.775919139385223389e-01;-6.502524614334106445e-01;-3.510483205318450928e-01
2.263651937246322632e-01;-7.576052546501159668e-01;-7.651653885841369629e-02
2.272107005119323730e-01;7.952663302421569824e-01;1.499926205724477768e-02
-1.383283138275146484e-01;6.885455250740051270e-01;4.402519464492797852e-01
2.298991978168487549e-01;-7.725744247436523438e-01;2.541907876729965210e-02
2.223947942256927490e-01;7.800024747848510742e-01;-6.740224361419677734e-02
-2.016636542975902557e-02;-5.425012707710266113e-01;1.148155853152275085e-01
-1.651395410299301147e-01;-3.563906848430633545e-01;5.164906978607177734e-01
2.471526116132736206e-01;-7.254130840301513672e-01;-1.251115202903747559e-01
2.389200925827026367e-01;-7.643372416496276855e-01;-9.748435765504837036e-02
-1.229370608925819397e-01;9.280698373913764954e-03;-4.524487555027008057e-01
-2.501587383449077606e-02;-3.652346730232238770e-01;2.281383983790874481e-02
-1.631607264280319214e-01;-7.206756472587585449e-01;3.591559529304504395e-01
2.298172712326049805e-01;7.926476597785949707e-01;6.105281785130500793e-02
-1.950557343661785126e-02;-5.162084102630615234e-01;-8.924444764852523804e-02
2.671897113323211670e-01;4.625256657600402832e-01;2.248041033744812012e-01
-3.630236089229583740e-01;-6.943688392639160156e-01;4.169463217258453369e-01
1.474573165178298950e-01;1.155710741877555847e-01;2.597986757755279541e-01
2.344541400671005249e-01;-7.687121033668518066e-01;7.688158005475997925e-02
1.861411631107330322e-01;7.824125289916992188e-01;-9.904443472623825073e-02
-1.169843003153800964e-01;-7.099466919898986816e-01;5.164948105812072754e-01
-2.593555115163326263e-02;4.207920134067535400e-01;3.610817790031433105e-01
-3.924202620983123779e-01;-7.379200309514999390e-02;4.354074895381927490e-01
-3.067309036850929260e-02;9.433969855308532715e-02;-2.909565716981887817e-02
2.260628342628479004e-01;-7.483661174774169922e-01;-1.263725459575653076e-01
2.429241985082626343e-01;-7.611116170883178711e-01;-1.186136975884437561e-01
-2.371058240532875061e-02;5.587213039398193359e-01;-1.189297586679458618e-01
2.525976300239562988e-01;7.026550173759460449e-01;1.641699224710464478e-01
7.161220908164978027e-02;-4.090320467948913574e-01;2.758639156818389893e-01
-2.746981568634510040e-02;-3.848568797111511230e-01;-1.882757991552352905e-02
-1.284112185239791870e-01;-7.225415706634521484e-01;-3.740302026271820068e-01
2.706455998122692108e-02;-7.387541532516479492e-01;-7.430671900510787964e-02
-1.167427226901054382e-01;-6.410805881023406982e-02;-4.530771970748901367e-01
1.607131063938140869e-01;2.923914790153503418e-01;2.506251037120819092e-01
2.230457961559295654e-01;-7.533090710639953613e-01;1.064140498638153076e-01
1.342774629592895508e-01;-3.607569336891174316e-01;2.553178966045379639e-01
2.484100908041000366e-01;7.790254950523376465e-01;-1.399164646863937378e-01
-3.396151214838027954e-02;-1.501396764069795609e-02;4.931569844484329224e-02
2.512301504611968994e-01;-7.518413066864013672e-01;-1.615005880594253540e-01
-2.748466432094573975e-01;4.777281582355499268e-01;3.114483356475830078e-01
-4.294959083199501038e-02;6.734060645103454590e-01;-3.806964457035064697e-01
2.388733625411987305e-01;7.878063917160034180e-01;1.079932898283004761e-01
-2.831275165081024170e-01;2.513086795806884766e-01;-5.129520297050476074e-01
-2.842273414134979248e-01;1.110130846500396729e-01;-5.134942531585693359e-01
-4.354617893695831299e-01;-3.244996070861816406e-01;-5.782577395439147949e-01
1.893358379602432251e-01;-1.068425644189119339e-02;1.519315876066684723e-02
2.050106376409530640e-01;-1.699486374855041504e-01;4.473443701863288879e-02
1.826592683792114258e-01;2.638176642358303070e-02;-2.927980013191699982e-02
1.827962249517440796e-01;1.241179555654525757e-01;-3.383984044194221497e-02
2.220771908760070801e-01;2.031623125076293945e-01;7.359431684017181396e-02
2.182932198047637939e-01;-4.010670259594917297e-02;-8.677042275667190552e-02
-2.871615886688232422e-01;-3.037599325180053711e-01;4.331446588039398193e-01
-1.897914856672286987e-01;4.168272763490676880e-02;4.011732935905456543e-01
1.786193251609802246e-01;2.505061328411102295e-01;1.185435685329139233e-03
2.198206335306167603e-01;1.458769291639328003e-01;-9.232065081596374512e-02
1.747782528400421143e-01;-2.612145841121673584e-01;-2.330501750111579895e-02
1.832092851400375366e-01;-3.025526404380798340e-01;1.495879050344228745e-02
1.948004961013793945e-01;-2.669669687747955322e-01;-6.980691850185394287e-02
2.404678761959075928e-01;-8.042027801275253296e-02;1.053189486265182495e-01
-2.367275208234786987e-01;-3.650321662425994873e-01;4.144405722618103027e-01
2.405442148447036743e-01;-2.439859360456466675e-01;1.072840616106987000e-01
-1.992596685886383057e-01;3.046425879001617432e-01;4.050772488117218018e-01
2.254866212606430054e-01;-2.769184112548828125e-01;-1.116096302866935730e-01
1.743269115686416626e-01;4.084727168083190918e-01;-4.112881422042846680e-02
-2.173016220331192017e-01;-6.890009343624114990e-02;-5.055853724479675293e-01
-3.822011947631835938e-01;-4.315990209579467773e-02;4.781389534473419189e-01
2.361307144165039062e-01;-3.308168053627014160e-01;1.071055456995964050e-01
-1.355457305908203125e-01;-9.335453063249588013e-02;3.857837915420532227e-01
2.543466091156005859e-01;3.791468963027000427e-02;1.374260038137435913e-01
-2.183521091938018799e-01;-4.767668247222900391e-01;4.082490801811218262e-01
2.120031118392944336e-01;-3.920656442642211914e-01;-1.044667884707450867e-01
-1.734078675508499146e-01;3.758443892002105713e-01;3.959682583808898926e-01
-2.068767249584197998e-01;-2.097016423940658569e-01;-5.055257081985473633e-01
1.654609292745590210e-01;-4.647741913795471191e-01;-1.441204361617565155e-02
1.746670305728912354e-01;4.927048981189727783e-01;-5.491830408573150635e-02
1.680060327053070068e-01;5.308637619018554688e-01;2.045339671894907951e-03
2.159029990434646606e-01;4.451523125171661377e-01;-1.152310520410537720e-01
-2.618347704410552979e-01;-6.706020832061767578e-01;-5.082544684410095215e-01
-3.893381059169769287e-01;-1.534056216478347778e-01;4.826132655143737793e-01
2.551952600479125977e-01;-3.804259002208709717e-02;-1.527521461248397827e-01
2.525489628314971924e-01;-1.944857239723205566e-01;-1.565136760473251343e-01
1.957589834928512573e-01;-5.463706851005554199e-01;6.241466850042343140e-02
-3.728544712066650391e-01;2.400979548692703247e-01;4.722803533077239990e-01
2.302374392747879028e-01;4.920451641082763672e-01;1.138281226158142090e-01
2.558299303054809570e-01;2.072653472423553467e-01;-1.649439334869384766e-01
-2.078246772289276123e-01;-2.787442803382873535e-01;-5.066624283790588379e-01
-9.393531084060668945e-02;1.431029587984085083e-01;3.798758685588836670e-01
2.455201447010040283e-01;4.393022954463958740e-01;1.463016569614410400e-01
-1.140857487916946411e-01;-3.661584556102752686e-01;3.832294642925262451e-01
-1.839015185832977295e-01;4.546982645988464355e-01;-5.054157972335815430e-01
1.667338609695434570e-01;-5.847324728965759277e-01;-6.160467863082885742e-02
2.159583866596221924e-01;-5.168845057487487793e-01;-1.363610178232192993e-01
2.483264505863189697e-01;-3.618845045566558838e-01;-1.737958192825317383e-01
2.434091717004776001e-01;5.201365351676940918e-01;1.524302959442138672e-01
-3.996545970439910889e-01;5.083205699920654297e-01;-5.618582367897033691e-01
-1.026107296347618103e-01;4.565856158733367920e-01;3.838548362255096436e-01
1.640244126319885254e-01;6.400967836380004883e-01;-6.867106258869171143e-02
2.662116885185241699e-01;1.447567492723464966e-01;1.902266591787338257e-01
1.963108181953430176e-01;6.572420597076416016e-01;8.271043747663497925e-02
2.186493575572967529e-01;5.955289602279663086e-01;-1.540113836526870728e-01
-1.868033856153488159e-01;-7.210517525672912598e-01;-4.570584893226623535e-01
1.476808190345764160e-01;-6.737307310104370117e-01;-5.014481022953987122e-03
-3.871373459696769714e-02;-9.193250536918640137e-02;3.711478412151336670e-01
-2.466162890195846558e-01;-7.193390727043151855e-01;-4.298147559165954590e-01
1.849659532308578491e-01;-6.475377082824707031e-01;-1.156018301844596863e-01
2.613489627838134766e-01;3.092626333236694336e-01;-2.041303515434265137e-01
-1.786674261093139648e-01;7.450397610664367676e-01;-4.440015852451324463e-01
2.524078786373138428e-01;-5.354584455490112305e-01;1.859023123979568481e-01
-2.181535959243774414e-01;-7.180737257003784180e-01;3.733083009719848633e-01
1.443135887384414673e-01;7.192610502243041992e-01;6.985182873904705048e-03
1.904115080833435059e-01;-6.842018365859985352e-01;8.606421947479248047e-02
1.205248832702636719e-01;-7.582623362541198730e-01;2.680253796279430389e-02
1.434573829174041748e-01;-7.118840813636779785e-01;-5.623236671090126038e-02
1.022798046469688416e-01;-7.538930177688598633e-01;-2.245484106242656708e-02
1.097124963998794556e-01;-7.547757625579833984e-01;-3.310280293226242065e-02
1.080438271164894104e-01;7.779261469841003418e-01;-2.151168696582317352e-02
1.307874321937561035e-01;-7.580861449241638184e-01;-4.185402393341064453e-02
1.251232177019119263e-01;7.691180109977722168e-01;-2.873100340366363525e-02
9.339020401239395142e-02;7.753868699073791504e-01;2.341179735958576202e-02
1.422348320484161377e-01;-7.608774304389953613e-01;3.895287588238716125e-02
-3.267417252063751221e-01;7.222272753715515137e-01;3.862791061401367188e-01
1.413395404815673828e-01;7.651273012161254883e-01;3.203836455941200256e-02
1.027059406042098999e-01;7.769154310226440430e-01;2.972949482500553131e-02
2.003810405731201172e-01;-6.609688401222229004e-01;-1.504485905170440674e-01
2.139932848513126373e-02;-7.030858993530273438e-01;-5.053774118423461914e-01
1.147541180253028870e-01;7.783743739128112793e-01;-4.978604242205619812e-02
1.108348444104194641e-01;7.777758240699768066e-01;-4.050797224044799805e-02
-1.495819389820098877e-01;6.904296875000000000e-01;-5.053728222846984863e-01
1.334546804428100586e-01;-7.562095522880554199e-01;-7.857399433851242065e-02
-2.493840903043746948e-01;7.288970351219177246e-01;3.250951468944549561e-01
-2.178404629230499268e-01;7.419514656066894531e-01;-3.742095232009887695e-01
1.346190571784973145e-01;-7.557985782623291016e-01;-8.403015136718750000e-02
4.562505707144737244e-02;7.661730051040649414e-01;-1.817000471055507660e-02
1.351056843996047974e-01;-7.556268572807312012e-01;-8.631040155887603760e-02
1.183391436934471130e-01;7.770404219627380371e-01;-6.787570565938949585e-02
1.827574372291564941e-01;7.087921500205993652e-01;-1.272179484367370605e-01
1.318260431289672852e-01;-7.577301859855651855e-01;6.636559218168258667e-02
-3.552944064140319824e-01;-7.120292186737060547e-01;-4.770689606666564941e-01
2.525534331798553467e-01;-5.829967260360717773e-01;1.972889900207519531e-01
1.367031186819076538e-01;-7.550629973411560059e-01;-9.379582107067108154e-02
-6.919510662555694580e-02;-5.874076485633850098e-01;3.848309218883514404e-01
1.562461107969284058e-01;7.833037376403808594e-01;8.609525859355926514e-02
