-2.898634970188140869e-01;1.839882135391235352e-01;5.802826881408691406e-01
-3.225759267807006836e-01;8.839651942253112793e-02;-6.135956645011901855e-01
-2.595015466213226318e-01;-1.056277081370353699e-01;5.395883321762084961e-01
-2.694424390792846680e-01;8.818082511425018311e-02;-5.616059899330139160e-01
-2.708103358745574951e-01;-5.726427435874938965e-01;5.414352416992187500e-01
-3.282725811004638672e-01;2.823361754417419434e-01;-5.903146862983703613e-01
-3.568305969238281250e-01;-6.493895500898361206e-02;5.769044160842895508e-01
-3.803569376468658447e-01;3.101751208305358887e-01;6.256916522979736328e-01
-2.449489086866378784e-01;6.448341608047485352e-01;5.694163441658020020e-01
-2.248436361551284790e-01;4.957886040210723877e-01;5.291267037391662598e-01
1.497849673032760620e-01;1.874510943889617920e-01;7.411096990108489990e-02
-3.595952093601226807e-01;3.476483821868896484e-01;-5.989408493041992188e-01
1.464925855398178101e-01;-1.124980971217155457e-01;6.545471400022506714e-02
-2.691564261913299561e-01;6.522195339202880859e-01;-5.961686968803405762e-01
-2.141070812940597534e-01;-5.253968834877014160e-01;5.282087326049804688e-01
-3.451943397521972656e-01;6.073164939880371094e-01;6.089832186698913574e-01
1.505813002586364746e-01;-1.868599653244018555e-01;8.102882653474807739e-02
1.277349889278411865e-01;-5.549385026097297668e-02;-9.880230575799942017e-02
1.464375555515289307e-01;1.435918807983398438e-01;-8.177077770233154297e-02
-1.598975062370300293e-01;1.911639422178268433e-01;3.763137757778167725e-01
1.537310034036636353e-01;2.986769676208496094e-01;-1.139293536543846130e-01
-1.172909289598464966e-01;-1.396379619836807251e-01;4.212044775485992432e-01
-1.359750032424926758e-01;4.155471622943878174e-01;-4.521399140357971191e-01
-2.299043387174606323e-01;-2.356901317834854126e-01;-4.797153472900390625e-01
-1.471500843763351440e-01;-3.231798112392425537e-01;-4.922314286231994629e-01
-9.079919010400772095e-02;1.112688854336738586e-01;-3.507866561412811279e-01
1.380368024110794067e-01;-5.866593122482299805e-02;2.681252174079418182e-02
1.370600014925003052e-01;6.582260131835937500e-02;2.810483239591121674e-02
1.366762667894363403e-01;-5.912977457046508789e-02;-3.010422922670841217e-02
7.588430494070053101e-02;7.141434401273727417e-02;1.466285586357116699e-01
1.437622308731079102e-01;4.640673995018005371e-01;8.758414536714553833e-02
-1.053466554731130600e-02;6.862437725067138672e-02;2.744869589805603027e-01
1.402801126241683960e-01;-3.941890299320220947e-01;7.364004850387573242e-02
-9.628458321094512939e-02;-2.145570069551467896e-01;-4.014129340648651123e-01
1.366864740848541260e-01;4.140101671218872070e-01;1.119074001908302307e-01
1.660779863595962524e-01;3.398542106151580811e-02;1.085152104496955872e-01
1.275859922170639038e-01;-2.557869255542755127e-01;-7.149317860603332520e-02
-1.868593841791152954e-01;-5.726784467697143555e-01;-5.453953146934509277e-01
8.227482438087463379e-02;1.428950130939483643e-01;-1.658091098070144653e-01
1.413950324058532715e-01;5.702267885208129883e-01;-1.337810754776000977e-01
3.082861565053462982e-02;-5.215637758374214172e-02;-2.570020258426666260e-01
-6.395457684993743896e-02;-2.781565487384796143e-01;3.681195378303527832e-01
1.539328843355178833e-01;-3.975833654403686523e-01;-1.411227732896804810e-01
1.312614232301712036e-01;4.905406832695007324e-01;-2.880781702697277069e-02
1.328715085983276367e-01;-3.703394830226898193e-01;-1.245629414916038513e-02
1.336222440004348755e-01;5.511958599090576172e-01;-8.750390261411666870e-02
1.316158473491668701e-01;-2.889454960823059082e-01;-2.958179917186498642e-03
1.341211944818496704e-01;-2.174050062894821167e-01;-3.543316200375556946e-02
1.495180279016494751e-01;4.201254844665527344e-01;-1.479780524969100952e-01
1.216039583086967468e-01;-4.718112647533416748e-01;9.912201017141342163e-02
-4.019676446914672852e-01;4.132733345031738281e-01;6.364992260932922363e-01
-6.268139183521270752e-02;3.121116757392883301e-01;2.831130921840667725e-01
-2.052478194236755371e-01;-6.147478222846984863e-01;-5.193668007850646973e-01
-7.656090706586837769e-02;-1.248410269618034363e-01;2.765786349773406982e-01
1.180661283433437347e-02;-2.532848119735717773e-01;2.061878889799118042e-01
-1.624958217144012451e-01;-2.852401137351989746e-01;-5.375387072563171387e-01
-2.898205816745758057e-01;2.042406350374221802e-01;4.730225503444671631e-01
-1.206357702612876892e-01;-8.065189421176910400e-02;-4.742338657379150391e-01
-2.515003643929958344e-02;-3.754751086235046387e-01;-3.508863151073455811e-01
-1.258871257305145264e-01;-1.277137175202369690e-02;4.666280150413513184e-01
1.428071260452270508e-01;3.720318377017974854e-01;1.471399068832397461e-01
1.649285703897476196e-01;3.692702353000640869e-01;1.403475701808929443e-01
-2.886597216129302979e-01;3.246876001358032227e-01;4.708292782306671143e-01
-1.631848067045211792e-01;4.846550822257995605e-01;-5.378151535987854004e-01
1.136667579412460327e-01;7.348349690437316895e-01;1.444713957607746124e-02
1.310887038707733154e-01;3.815061450004577637e-01;-2.627105079591274261e-02
-7.427125424146652222e-02;-8.655754476785659790e-02;-4.289132058620452881e-01
1.209687218070030212e-01;-6.666699051856994629e-01;7.053703069686889648e-02
-7.173413038253784180e-02;4.636517167091369629e-01;-4.209505021572113037e-01
1.544339656829833984e-01;-1.295108646154403687e-01;1.404877305030822754e-01
-3.846627771854400635e-01;-3.107447624206542969e-01;6.284788250923156738e-01
1.291929483413696289e-01;-5.719387531280517578e-01;6.247849017381668091e-02
1.312800794839859009e-01;-4.121091961860656738e-01;2.575355768203735352e-02
5.165547132492065430e-03;1.259828954935073853e-01;-2.134975641965866089e-01
1.315165460109710693e-01;4.075755178928375244e-01;2.149319276213645935e-02
-8.691702783107757568e-02;-2.754099071025848389e-01;2.924180626869201660e-01
-1.721359342336654663e-01;3.235812485218048096e-02;3.542051613330841064e-01
1.507306843996047974e-01;-2.794523239135742188e-01;-1.665844172239303589e-01
1.146548390388488770e-01;7.339261174201965332e-01;-2.480435371398925781e-02
1.146548390388488770e-01;7.339261174201965332e-01;-2.480435371398925781e-02
1.156507655978202820e-01;-6.846854686737060547e-01;2.455831319093704224e-02
-2.114849239587783813e-01;-6.751825213432312012e-01;5.656862258911132812e-01
1.285696327686309814e-01;6.274808645248413086e-01;-8.831167221069335938e-02
1.159260198473930359e-01;-6.832028031349182129e-01;-2.049663662910461426e-02
1.548466980457305908e-01;5.435848236083984375e-01;1.536859571933746338e-01
1.616209745407104492e-01;-1.921514570713043213e-01;-1.672529578208923340e-01
1.192743778228759766e-01;-6.782070398330688477e-01;7.404271513223648071e-02
-1.992785483598709106e-01;4.566611945629119873e-01;4.042449295520782471e-01
-1.280758380889892578e-01;-3.896506428718566895e-01;3.408778607845306396e-01
3.752499818801879883e-03;2.625950872898101807e-01;-3.381224870681762695e-01
-1.625672727823257446e-01;-6.172253489494323730e-01;4.563924372196197510e-01
-3.218242824077606201e-01;-4.300185441970825195e-01;5.242218971252441406e-01
1.213902533054351807e-01;7.170946002006530762e-01;-1.095974743366241455e-01
1.166452616453170776e-01;-6.799598932266235352e-01;-3.747987374663352966e-02
1.170396581292152405e-01;4.764942824840545654e-01;-2.252314053475856781e-02
1.157547086477279663e-01;7.378944754600524902e-01;5.950198695063591003e-02
-5.030186846852302551e-02;-1.546812206506729126e-01;-2.563243806362152100e-01
1.102503091096878052e-01;-2.179456204175949097e-01;-2.103938609361648560e-01
-2.452701926231384277e-01;7.223505377769470215e-01;-5.184770822525024414e-01
1.167269647121429443e-01;7.273529767990112305e-01;5.077339336276054382e-02
-4.520848765969276428e-02;-4.829621315002441406e-01;-3.539363443851470947e-01
-4.629035294055938721e-02;4.909828603267669678e-01;-3.138448297977447510e-01
-1.562514901161193848e-01;6.675429344177246094e-01;4.848408102989196777e-01
-1.643200218677520752e-01;8.366395533084869385e-02;5.628444552421569824e-01
5.985840409994125366e-02;-5.265985056757926941e-02;1.188433840870857239e-01
-8.377745002508163452e-02;5.696233510971069336e-01;-3.703812360763549805e-01
1.188099905848503113e-01;-6.910097002983093262e-01;9.466305375099182129e-02
1.539027839899063110e-01;3.514931797981262207e-01;-1.752097457647323608e-01
1.195654720067977905e-01;-6.734169721603393555e-01;-8.423489332199096680e-02
1.173515021800994873e-01;7.412035465240478516e-01;8.848561346530914307e-02
1.297355741262435913e-01;7.135105729103088379e-01;1.401184052228927612e-01
1.716530621051788330e-01;2.310258001089096069e-01;1.364488452672958374e-01
2.793012419715523720e-03;-4.163731634616851807e-01;2.172311693429946899e-01
1.152486503124237061e-01;7.372415661811828613e-01;-7.342515885829925537e-02
-1.663314104080200195e-01;-5.214705690741539001e-02;-5.825147628784179688e-01
1.302866041660308838e-01;-6.796183586120605469e-01;1.480799168348312378e-01
-3.185416460037231445e-01;-6.670872569084167480e-01;-5.523993372917175293e-01
1.151307597756385803e-01;-4.475126564502716064e-01;-5.476947128772735596e-02
1.163333132863044739e-01;-6.880393028259277344e-01;-7.869264483451843262e-02
1.231547147035598755e-01;7.369126677513122559e-01;-1.462182998657226562e-01
1.610457152128219604e-01;6.073811277747154236e-02;1.439802348613739014e-01
1.195624768733978271e-01;-6.918295621871948242e-01;-1.197515949606895447e-01
8.746755123138427734e-02;3.445366322994232178e-01;-7.553239166736602783e-02
1.248625069856643677e-01;-6.939468979835510254e-01;-1.547146737575531006e-01
1.372205913066864014e-01;-6.439743638038635254e-01;1.533509939908981323e-01
-3.712664544582366943e-01;-5.578803420066833496e-01;-6.044541001319885254e-01
9.033242613077163696e-02;6.758989691734313965e-01;-1.015202850103378296e-01
6.300190836191177368e-02;-4.070650637149810791e-01;-1.405629664659500122e-01
1.228941604495048523e-01;6.324940919876098633e-01;-1.360384980216622353e-03
8.822388201951980591e-02;-6.840100288391113281e-01;7.019447535276412964e-02
1.298878937959671021e-01;-6.741900444030761719e-01;-1.631635129451751709e-01
-1.059039235115051270e-01;6.591030359268188477e-01;-3.844020068645477295e-01
1.752389669418334961e-01;-2.152140289545059204e-01;1.503672748804092407e-01
-1.398987621068954468e-01;1.718011498451232910e-01;5.112188458442687988e-01
-3.807507455348968506e-01;-3.747609257698059082e-01;6.324776411056518555e-01
-1.344866156578063965e-01;-7.691138307563960552e-05;-3.234575092792510986e-01
8.743288367986679077e-02;-4.104554355144500732e-01;-2.560727298259735107e-01
1.205880194902420044e-01;-6.924027800559997559e-01;-1.285760402679443359e-01
1.707174330949783325e-01;-3.659690916538238525e-01;-1.900835186243057251e-01
8.643025904893875122e-02;-4.747788608074188232e-01;6.300584226846694946e-02
5.927069485187530518e-02;-1.877367496490478516e-02;-3.038813471794128418e-01
-3.543387651443481445e-01;-6.632014513015747070e-01;-5.947439670562744141e-01
-2.799218520522117615e-03;6.014795303344726562e-01;3.582729399204254150e-01
-4.732241481542587280e-02;4.118714034557342529e-01;-2.527125179767608643e-01
-4.220205545425415039e-01;7.313159853219985962e-02;-6.669886708259582520e-01
-1.513289511203765869e-01;6.558215022087097168e-01;3.739382922649383545e-01
1.771262586116790771e-01;3.578909114003181458e-02;-1.659802943468093872e-01
9.066458046436309814e-02;-6.410027295351028442e-02;2.548078298568725586e-01
1.766335070133209229e-01;-1.371773630380630493e-01;-1.724134087562561035e-01
-2.272724807262420654e-01;-6.049768924713134766e-01;-4.441483318805694580e-01
3.972078487277030945e-02;-5.480188131332397461e-01;-2.987288236618041992e-01
-1.508905291557312012e-01;-6.675729155540466309e-01;3.584672212600708008e-01
-2.411540970206260681e-02;-4.459241926670074463e-01;-4.246746897697448730e-01
-1.995961368083953857e-02;4.949141144752502441e-01;2.171658277511596680e-01
1.314726471900939941e-01;7.452877759933471680e-01;1.700550764799118042e-01
-3.152516111731529236e-02;1.555141061544418335e-01;-4.305401742458343506e-01
2.853596583008766174e-02;-5.643734708428382874e-02;-3.594183623790740967e-01
4.388755653053522110e-03;6.669501066207885742e-01;2.584835886955261230e-01
1.950487494468688965e-02;-4.271610081195831299e-01;3.582866489887237549e-01
-7.175643742084503174e-02;-6.735784411430358887e-01;-3.726249933242797852e-01
-8.382242918014526367e-02;7.251891493797302246e-01;4.303837418556213379e-01
-7.932955026626586914e-02;6.050798892974853516e-01;-4.933860599994659424e-01
-3.222439885139465332e-01;-6.028385162353515625e-01;4.899585545063018799e-01
-4.395816326141357422e-01;-4.567224159836769104e-02;-6.735723018646240234e-01
-1.479543149471282959e-01;-1.748851537704467773e-01;5.625591278076171875e-01
-3.953229263424873352e-02;-6.742317080497741699e-01;-3.282654583454132080e-01
5.176318064332008362e-02;2.387592494487762451e-01;6.180157512426376343e-02
2.912877826020121574e-03;4.711727201938629150e-01;3.842559456825256348e-01
-1.300622075796127319e-01;4.681587219238281250e-01;2.967038154602050781e-01
-4.312440752983093262e-02;2.342454940080642700e-01;-2.116557806730270386e-01
1.297809779644012451e-01;7.447611689567565918e-01;-1.843994557857513428e-01
-1.850563660264015198e-02;-6.749479770660400391e-01;3.032298386096954346e-01
-3.648997545242309570e-01;-2.742152810096740723e-01;-5.579543113708496094e-01
1.380412876605987549e-01;-6.893448829650878906e-01;1.851268857717514038e-01
-4.144834578037261963e-01;5.814193487167358398e-01;-6.598845124244689941e-01
1.385994553565979004e-01;7.270202040672302246e-01;-2.050592154264450073e-01
-1.139429062604904175e-01;6.736696362495422363e-01;5.256472229957580566e-01
1.483594775199890137e-01;-6.553277373313903809e-01;-2.217359542846679688e-01
-1.508814543485641479e-01;1.559107303619384766e-01;-5.823075175285339355e-01
1.037468612194061279e-01;5.969411730766296387e-01;-2.852487564086914062e-01
3.813912346959114075e-02;-6.204562783241271973e-01;-2.106407433748245239e-01
-2.340577244758605957e-01;-1.563771665096282959e-01;3.682611584663391113e-01
-6.277684867382049561e-02;-6.729016900062561035e-01;4.683763682842254639e-01
1.062782406806945801e-01;-6.176677346229553223e-01;2.335480451583862305e-01
1.502770930528640747e-01;-3.852125704288482666e-01;2.376296818256378174e-01
1.799944490194320679e-01;2.909425795078277588e-01;-2.004535943269729614e-01
1.391745507717132568e-01;7.435896396636962891e-01;1.936172246932983398e-01
-9.735080599784851074e-02;2.890223264694213867e-01;2.308501899242401123e-01
1.456086337566375732e-01;7.419762015342712402e-01;-2.327258735895156860e-01
-6.307776272296905518e-02;-1.037155315279960632e-01;4.602240622043609619e-01
-4.007955491542816162e-01;7.053235769271850586e-01;5.847064256668090820e-01
1.620694249868392944e-01;-4.481020867824554443e-01;2.188043296337127686e-01
1.626561284065246582e-01;-5.999262928962707520e-01;-2.449840456247329712e-01
1.095078326761722565e-02;-6.138317584991455078e-01;1.827660501003265381e-01
1.518409848213195801e-01;-6.890878081321716309e-01;-2.471798360347747803e-01
-7.818793877959251404e-03;7.244296073913574219e-01;-2.297857105731964111e-01
-9.116847813129425049e-02;-6.652447581291198730e-01;2.545567452907562256e-01
-1.099192872643470764e-01;-4.298631846904754639e-01;5.624066591262817383e-01
1.215622797608375549e-01;3.962973356246948242e-01;2.779938578605651855e-01
-3.741485774517059326e-01;-6.545738577842712402e-01;5.171000361442565918e-01
-2.508158087730407715e-01;-1.661407053470611572e-01;-5.904998183250427246e-01
-2.425229847431182861e-01;1.929033547639846802e-01;-5.887882709503173828e-01
-2.082992345094680786e-01;-3.139253258705139160e-01;-5.836682915687561035e-01
1.449329853057861328e-01;1.564847305417060852e-03;5.369786173105239868e-02
1.459531933069229126e-01;2.171192318201065063e-01;6.720831245183944702e-02
1.561750620603561401e-01;2.140618674457073212e-02;-1.079562678933143616e-01
1.462259292602539062e-01;1.460359543561935425e-01;-8.133183419704437256e-02
-2.144095897674560547e-01;-2.771308720111846924e-01;4.576442241668701172e-01
-1.561419367790222168e-01;2.489221096038818359e-01;4.388360679149627686e-01
-2.307618111371994019e-01;1.688712537288665771e-01;4.619395732879638672e-01
-4.058548808097839355e-01;8.160009235143661499e-02;-6.591904759407043457e-01
1.470882743597030640e-01;-2.798445522785186768e-01;-9.607274085283279419e-02
1.459989696741104126e-01;3.366143405437469482e-01;7.173448801040649414e-02
1.637409031391143799e-01;-1.425519287586212158e-01;1.109402850270271301e-01
1.613148897886276245e-01;2.381739467382431030e-01;-1.320116668939590454e-01
1.371365040540695190e-01;-3.117744624614715576e-02;-4.551719129085540771e-02
-2.621987164020538330e-01;-3.069704174995422363e-01;4.728012382984161377e-01
-1.546436399221420288e-01;-4.395995438098907471e-01;4.421480894088745117e-01
1.369295716285705566e-01;1.608199477195739746e-01;-4.383127763867378235e-02
1.387146562337875366e-01;-3.434176743030548096e-01;-7.350716739892959595e-02
1.666881591081619263e-01;-8.456775546073913574e-02;1.158332452178001404e-01
1.648472547531127930e-01;-2.100806236267089844e-01;-1.408248543739318848e-01
-1.167289912700653076e-01;4.318248927593231201e-01;4.309189021587371826e-01
1.603165715932846069e-01;-2.496488392353057861e-01;1.133394390344619751e-01
1.346114575862884521e-01;-2.680839896202087402e-01;-3.484353050589561462e-02
-1.247326880693435669e-01;1.205183044075965881e-01;4.299384355545043945e-01
1.531616896390914917e-01;-4.007588624954223633e-01;-1.393719017505645752e-01
-2.893747687339782715e-01;2.449115961790084839e-01;4.806860387325286865e-01
-2.990241646766662598e-01;-1.356658190488815308e-01;4.844321310520172119e-01
1.484507471323013306e-01;5.158081054687500000e-01;-1.435286402702331543e-01
1.385762244462966919e-01;5.300474166870117188e-01;-1.108803004026412964e-01
1.316158473491668701e-01;-2.889454960823059082e-01;-2.958179917186498642e-03
1.324502378702163696e-01;-1.505789011716842651e-01;-2.114942111074924469e-02
1.308182775974273682e-01;4.862221479415893555e-01;-2.053479664027690887e-02
1.343902349472045898e-01;-4.726902246475219727e-01;5.569995194673538208e-02
1.329452693462371826e-01;-4.008009731769561768e-01;-4.482854157686233521e-02
1.311676502227783203e-01;4.169040620326995850e-01;-3.892254084348678589e-02
-1.956977695226669312e-01;-6.294026970863342285e-01;-5.829231142997741699e-01
1.136608049273490906e-01;7.348737716674804688e-01;1.444666460156440735e-02
1.138173490762710571e-01;7.345653176307678223e-01;-2.055201679468154907e-03
1.138173490762710571e-01;7.345653176307678223e-01;-2.055201679468154907e-03
1.578973978757858276e-01;5.324929952621459961e-01;-1.826053559780120850e-01
1.161235645413398743e-01;-6.864355206489562988e-01;4.768946394324302673e-02
1.161235645413398743e-01;-6.864355206489562988e-01;4.768946394324302673e-02
1.161235645413398743e-01;-6.864355206489562988e-01;4.768946394324302673e-02
1.553684026002883911e-01;-5.090480446815490723e-01;1.559108197689056396e-01
1.143143475055694580e-01;7.340914607048034668e-01;-2.168071083724498749e-02
1.153774186968803406e-01;-6.859504580497741699e-01;-5.544901639223098755e-02
1.321848332881927490e-01;6.869708895683288574e-01;1.304381489753723145e-01
1.301927119493484497e-01;-5.441436171531677246e-01;5.618931353092193604e-02
-7.109100371599197388e-02;-1.548176854848861694e-01;4.189604818820953369e-01
1.195391342043876648e-01;-6.573616862297058105e-01;2.666635811328887939e-02
-2.977089285850524902e-01;-6.651484370231628418e-01;5.029689073562622070e-01
1.169120445847511292e-01;7.399567961692810059e-01;-9.798555821180343628e-02
1.155763715505599976e-01;7.243313193321228027e-01;-1.955190673470497131e-02
1.158553659915924072e-01;-6.869949102401733398e-01;-6.707082688808441162e-02
1.405051201581954956e-01;-6.052540540695190430e-01;-1.632009744644165039e-01
1.160710155963897705e-01;-6.836615800857543945e-01;-3.184861317276954651e-02
1.291165649890899658e-01;7.054013609886169434e-01;-1.484633833169937134e-01
1.546445935964584351e-01;5.637899041175842285e-01;1.600735187530517578e-01
1.182124093174934387e-01;-6.909139156341552734e-01;8.781121671199798584e-02
1.702961772680282593e-01;2.619006931781768799e-01;-1.615041941404342651e-01
1.152887865900993347e-01;7.365409731864929199e-01;-6.858235597610473633e-02
1.185770854353904724e-01;-6.915884613990783691e-01;9.372941404581069946e-02
1.208045408129692078e-01;-6.493376493453979492e-01;-5.259550735354423523e-02
1.161409765481948853e-01;7.252364754676818848e-01;3.349722176790237427e-02
-5.744209140539169312e-02;-3.325104713439941406e-01;4.188668131828308105e-01
1.173515021800994873e-01;7.412035465240478516e-01;8.848561346530914307e-02
1.173515021800994873e-01;7.412035465240478516e-01;8.848561346530914307e-02
-6.759931147098541260e-02;-1.910311914980411530e-02;4.191590845584869385e-01
1.196049451828002930e-01;-6.890341639518737793e-01;9.784974157810211182e-02
1.152486503124237061e-01;7.372415661811828613e-01;-7.342515885829925537e-02
1.280337572097778320e-01;5.042017102241516113e-01;1.473006978631019592e-02
1.171039491891860962e-01;-6.891961097717285156e-01;-9.036087244749069214e-02
1.202800720930099487e-01;-6.874772310256958008e-01;-1.195320487022399902e-01
1.291244477033615112e-01;-6.737189292907714844e-01;-1.571979820728302002e-01
1.139894798398017883e-01;7.366836071014404297e-01;4.065642505884170532e-02
1.195624768733978271e-01;-6.918295621871948242e-01;-1.197515949606895447e-01
1.369365453720092773e-01;6.956728100776672363e-01;1.570600122213363647e-01
1.200277283787727356e-01;7.438794970512390137e-01;1.174758821725845337e-01
1.190615445375442505e-01;6.867938637733459473e-01;3.710916265845298767e-03
1.340557932853698730e-01;-6.539039611816406250e-01;-1.649119704961776733e-01
-2.536664009094238281e-01;-6.654484272003173828e-01;-4.710015952587127686e-01
-8.464451134204864502e-02;-5.809944272041320801e-01;4.308401346206665039e-01
1.221132427453994751e-01;7.438917756080627441e-01;-1.475412547588348389e-01
-4.089649319648742676e-01;4.259326159954071045e-01;-6.565302014350891113e-01
1.355641931295394897e-01;7.070713043212890625e-01;-1.805643588304519653e-01
1.682884544134140015e-01;4.202454388141632080e-01;1.637493818998336792e-01
1.245632991194725037e-01;7.443162202835083008e-01;-1.605701744556427002e-01
1.222985014319419861e-01;-6.941214799880981445e-01;1.257347464561462402e-01
-1.086294353008270264e-01;7.242114543914794922e-01;4.038627743721008301e-01
1.254687607288360596e-01;7.342023849487304688e-01;1.387600451707839966e-01
-1.368561685085296631e-01;-6.716389656066894531e-01;3.957703411579132080e-01
1.208918690681457520e-01;-6.936262845993041992e-01;-1.570511460304260254e-01
6.431296467781066895e-02;-6.779140233993530273e-01;-4.203635081648826599e-02
-1.455301344394683838e-01;6.131361722946166992e-01;-5.820907950401306152e-01
1.607687771320343018e-01;-5.417194366455078125e-01;-2.135920673608779907e-01
-1.149621456861495972e-01;7.250261306762695312e-01;-4.707075953483581543e-01
-1.361606270074844360e-01;-6.742078065872192383e-01;-5.434991121292114258e-01
-3.355433940887451172e-01;7.109928131103515625e-01;-5.407660007476806641e-01
