2.437083125114440918e-01;-7.693588733673095703e-01;-4.236315786838531494e-01
2.387574911117553711e-01;-7.687023282051086426e-01;-4.269621670246124268e-01
2.443323284387588501e-01;-7.644605040550231934e-01;-4.355972707271575928e-01
2.268822342157363892e-01;-7.538312077522277832e-01;-4.159184098243713379e-01
2.232847809791564941e-01;-7.810310125350952148e-01;-3.942249417304992676e-01
2.164173424243927002e-01;-7.691034078598022461e-01;-3.829085230827331543e-01
2.173113822937011719e-01;-7.721480727195739746e-01;-3.687988519668579102e-01
2.337875515222549438e-01;-7.238324880599975586e-01;-3.693557381629943848e-01
2.248131185770034790e-01;-7.815806865692138672e-01;-3.498649895191192627e-01
1.885841190814971924e-01;-7.861383557319641113e-01;-3.722790181636810303e-01
-3.822729587554931641e-01;-7.749746441841125488e-01;5.032709836959838867e-01
-3.670726716518402100e-01;-7.713612318038940430e-01;4.111519157886505127e-01
-2.873924374580383301e-01;-7.885813713073730469e-01;4.304407536983489990e-01
-2.987403571605682373e-01;-7.848784923553466797e-01;3.852891325950622559e-01
-2.385932952165603638e-01;-6.985387802124023438e-01;4.747507274150848389e-01
-1.930051445960998535e-01;-7.346751093864440918e-01;3.665513396263122559e-01
-2.504908740520477295e-01;-5.798079967498779297e-01;4.061286151409149170e-01
-1.902013868093490601e-01;-7.187332510948181152e-01;2.960568964481353760e-01
-3.106406033039093018e-01;-5.142428874969482422e-01;4.012350440025329590e-01
-1.497087329626083374e-01;-6.504120230674743652e-01;3.519428968429565430e-01
-4.531364738941192627e-01;5.089508295059204102e-01;-5.071676373481750488e-01
-4.278478324413299561e-01;6.219303607940673828e-01;-4.860743284225463867e-01
-4.367655813694000244e-01;4.126926958560943604e-01;-4.237731099128723145e-01
-3.977588415145874023e-01;4.805391430854797363e-01;-3.938373029232025146e-01
-4.540313482284545898e-01;6.762816309928894043e-01;-5.059938430786132812e-01
-2.403143346309661865e-01;4.663931727409362793e-01;-4.358818829059600830e-01
-2.496519237756729126e-01;6.426935791969299316e-01;-4.358718097209930420e-01
-2.823882400989532471e-01;3.424562215805053711e-01;-4.083594679832458496e-01
-2.104347646236419678e-01;5.695496797561645508e-01;-4.355246126651763916e-01
-3.311195671558380127e-01;2.313424348831176758e-01;-4.434531331062316895e-01
-1.180475205183029175e-01;2.714739143848419189e-01;-2.803675532341003418e-01
-1.050562337040901184e-01;2.490945458412170410e-01;-3.820252120494842529e-01
-1.390586048364639282e-01;1.890560835599899292e-01;-1.251985877752304077e-01
-1.342126876115798950e-01;9.196615219116210938e-02;-2.506013512611389160e-01
-1.536471396684646606e-01;1.142575144767761230e-01;-1.443447470664978027e-01
-2.468230575323104858e-01;9.575220942497253418e-02;-2.725396752357482910e-01
-2.823882400989532471e-01;3.424562215805053711e-01;-4.083594679832458496e-01
-9.198450297117233276e-02;4.968028366565704346e-01;-3.456777930259704590e-01
5.206854641437530518e-02;2.804870307445526123e-01;-1.071153134107589722e-01
5.613628029823303223e-02;4.375390708446502686e-01;-2.298626899719238281e-01
1.756873428821563721e-01;5.848259329795837402e-01;3.718871250748634338e-02
1.363135874271392822e-01;5.528229475021362305e-01;6.159376725554466248e-02
1.582055091857910156e-01;5.748645663261413574e-01;9.317797422409057617e-02
1.800152957439422607e-01;6.567505002021789551e-01;-2.455924823880195618e-02
1.031722426414489746e-01;5.216899514198303223e-01;-6.534773856401443481e-03
1.898412108421325684e-01;4.900670051574707031e-01;9.943182021379470825e-02
1.994744390249252319e-01;5.879837274551391602e-01;1.771716475486755371e-01
1.786891371011734009e-01;4.616829752922058105e-01;-3.556691482663154602e-02
1.191560551524162292e-01;6.479287147521972656e-01;1.563900560140609741e-01
1.963550597429275513e-01;4.800445735454559326e-01;1.440156847238540649e-01
2.226320654153823853e-01;-2.980984449386596680e-01;-1.242692768573760986e-01
2.080423235893249512e-01;-2.326186299324035645e-01;-1.194454282522201538e-01
1.870243251323699951e-01;-2.457702457904815674e-01;-5.188333988189697266e-02
2.282672673463821411e-01;-2.037601321935653687e-01;-1.514385938644409180e-01
1.771362125873565674e-01;-2.901706397533416748e-01;-3.045566380023956299e-02
1.810453832149505615e-01;-3.915341496467590332e-01;-1.008548364043235779e-01
9.994567185640335083e-02;-2.841998636722564697e-01;-6.624865531921386719e-02
1.325401663780212402e-01;-2.236101180315017700e-01;-3.912749886512756348e-02
2.429091483354568481e-01;-4.082428216934204102e-01;-2.398488223552703857e-01
1.600694358348846436e-01;-1.628193259239196777e-01;-6.190684065222740173e-02
-9.620394557714462280e-02;-1.220672652125358582e-01;-9.775073826313018799e-02
-1.036836728453636169e-01;-2.400477081537246704e-01;-1.514744162559509277e-01
-4.203862324357032776e-02;-2.281671166419982910e-01;1.042824238538742065e-02
-8.989591151475906372e-02;-2.865400016307830811e-01;-4.830885678529739380e-02
2.977202087640762329e-02;-1.955573558807373047e-01;-1.995542049407958984e-01
-7.337988168001174927e-02;5.499903112649917603e-02;-9.555548429489135742e-02
-4.753339663147926331e-02;-2.357077449560165405e-01;-2.312077879905700684e-01
-1.601662188768386841e-01;-4.469063133001327515e-02;-2.700107693672180176e-01
6.678817421197891235e-02;-1.334491521120071411e-01;3.573888540267944336e-02
5.436839908361434937e-02;-5.756698548793792725e-03;-5.083799362182617188e-03
-4.239368438720703125e-01;-4.349898397922515869e-01;5.250739455223083496e-01
-3.272476196289062500e-01;-3.949738740921020508e-01;4.098601639270782471e-01
-3.106406033039093018e-01;-5.142428874969482422e-01;4.012350440025329590e-01
-4.151709675788879395e-01;-2.572515010833740234e-01;4.560828804969787598e-01
-2.676960825920104980e-01;-3.707707822322845459e-01;4.120759069919586182e-01
-2.182405143976211548e-01;-3.190541565418243408e-01;4.325889050960540771e-01
-2.504908740520477295e-01;-5.798079967498779297e-01;4.061286151409149170e-01
-3.661727309226989746e-01;-1.946653723716735840e-01;4.331166744232177734e-01
-2.006790786981582642e-01;-5.549243092536926270e-01;3.649399578571319580e-01
-1.340031921863555908e-01;-4.387843310832977295e-01;3.832482695579528809e-01
2.390560060739517212e-01;4.713921844959259033e-01;-2.472336590290069580e-01
2.305753231048583984e-01;4.467226862907409668e-01;-2.217469960451126099e-01
1.574971377849578857e-01;4.703443348407745361e-01;-2.150153964757919312e-01
2.260707914829254150e-01;4.136880040168762207e-01;-1.612166613340377808e-01
1.251885592937469482e-01;4.050014615058898926e-01;-1.197244524955749512e-01
5.613628029823303223e-02;4.375390708446502686e-01;-2.298626899719238281e-01
7.369053363800048828e-02;5.065147280693054199e-01;-1.540550291538238525e-01
1.786891371011734009e-01;4.616829752922058105e-01;-3.556691110134124756e-02
1.989808827638626099e-01;2.936778068542480469e-01;-1.128532737493515015e-01
1.710131019353866577e-01;3.290455043315887451e-01;-8.448310196399688721e-02
-1.497087329626083374e-01;-6.504120230674743652e-01;3.519428968429565430e-01
-1.930051445960998535e-01;-7.346751093864440918e-01;3.665513396263122559e-01
-1.902013868093490601e-01;-7.187332510948181152e-01;2.960568964481353760e-01
-2.006790786981582642e-01;-5.549243092536926270e-01;3.649399578571319580e-01
-9.885087609291076660e-02;-5.966050028800964355e-01;2.563853561878204346e-01
-2.504908740520477295e-01;-5.798079967498779297e-01;4.061286151409149170e-01
-2.385932952165603638e-01;-6.985387802124023438e-01;4.747507274150848389e-01
-2.987403571605682373e-01;-7.848784923553466797e-01;3.852891325950622559e-01
-9.511321783065795898e-02;-4.517213702201843262e-01;3.482610881328582764e-01
-2.873924374580383301e-01;-7.885813713073730469e-01;4.304407536983489990e-01
4.224268347024917603e-02;3.556291162967681885e-01;2.215266078710556030e-01
-2.608414739370346069e-03;3.811292350292205811e-01;9.992022067308425903e-02
7.396906614303588867e-02;2.140113264322280884e-01;2.787833213806152344e-01
6.404980272054672241e-02;3.585388064384460449e-01;4.749108850955963135e-02
-1.329373717308044434e-01;3.488534390926361084e-01;2.007922381162643433e-01
-5.867087095975875854e-02;4.827417135238647461e-01;1.462084650993347168e-01
1.794179379940032959e-01;3.521982431411743164e-01;1.025342866778373718e-01
9.342460334300994873e-02;2.022730708122253418e-01;1.213960051536560059e-01
2.016620039939880371e-01;4.334107339382171631e-01;1.273948252201080322e-01
1.248539537191390991e-01;3.261745870113372803e-01;3.214788436889648438e-02
-3.938892483711242676e-02;7.538710236549377441e-01;-4.731843248009681702e-02
-5.536862835288047791e-02;7.495564818382263184e-01;-7.065385580062866211e-04
1.300757750868797302e-02;7.104856371879577637e-01;7.096223533153533936e-02
8.928465843200683594e-02;7.049623131752014160e-01;-1.446574926376342773e-02
9.861354529857635498e-02;7.373103499412536621e-01;3.797998651862144470e-02
1.281253993511199951e-01;7.017889618873596191e-01;-9.353705495595932007e-02
-6.444308906793594360e-03;5.347308516502380371e-01;-2.733160555362701416e-02
1.572898477315902710e-01;7.054390907287597656e-01;-1.422723680734634399e-01
-9.364998340606689453e-02;5.991626381874084473e-01;-2.145533263683319092e-01
1.923304945230484009e-01;7.146364450454711914e-01;-9.923546016216278076e-02
-3.311195671558380127e-01;2.313424199819564819e-01;-4.434531331062316895e-01
-3.678532540798187256e-01;1.420313864946365356e-01;-4.442410171031951904e-01
-2.823882400989532471e-01;3.424562215805053711e-01;-4.083594679832458496e-01
-4.367655813694000244e-01;4.126926958560943604e-01;-4.237731099128723145e-01
-2.679227888584136963e-01;2.250061929225921631e-02;-4.023537337779998779e-01
-2.468230575323104858e-01;9.575222432613372803e-02;-2.725396752357482910e-01
-1.050562262535095215e-01;2.490945458412170410e-01;-3.820252120494842529e-01
-2.568261027336120605e-01;-7.428154349327087402e-03;-4.362192153930664062e-01
-2.403143346309661865e-01;4.663931727409362793e-01;-4.358818829059600830e-01
-3.977588415145874023e-01;4.805391430854797363e-01;-3.938373029232025146e-01
