-4.882718622684478760e-01;5.978532601147890091e-03;-4.153203666210174561e-01
-5.629992485046386719e-01;-2.885131537914276123e-02;-4.153333008289337158e-01
-5.630078315734863281e-01;-2.941696345806121826e-02;-3.422481417655944824e-01
-5.630071759223937988e-01;5.819890275597572327e-02;-3.464804291725158691e-01
-5.630112886428833008e-01;5.905920267105102539e-02;-3.137547671794891357e-01
-4.464045464992523193e-01;1.377027779817581177e-01;-3.503763675689697266e-01
-4.154577553272247314e-01;-1.418175250291824341e-01;-4.153338372707366943e-01
-5.630031228065490723e-01;1.531538814306259155e-01;-4.153096973896026611e-01
-5.630168914794921875e-01;-7.229845225811004639e-02;-2.808344662189483643e-01
-3.062118887901306152e-01;-8.447283878922462463e-03;-4.153066277503967285e-01
7.856405377388000488e-01;-3.976557254791259766e-01;3.297212421894073486e-01
7.933200001716613770e-01;-4.207651019096374512e-01;2.656903862953186035e-01
6.949689388275146484e-01;-3.542061448097229004e-01;3.044994175434112549e-01
8.118633627891540527e-01;-2.615065872669219971e-01;2.976018190383911133e-01
8.079176545143127441e-01;-2.912917733192443848e-01;2.089204490184783936e-01
7.765914201736450195e-01;-1.729548424482345581e-01;3.112990260124206543e-01
6.313834786415100098e-01;-2.004366070032119751e-01;3.039177954196929932e-01
6.979668736457824707e-01;-4.219570159912109375e-01;7.459399104118347168e-02
7.877035737037658691e-01;-2.967710494995117188e-01;5.962404608726501465e-02
7.405620813369750977e-01;-8.594685792922973633e-02;3.212784230709075928e-01
-5.630735754966735840e-01;-4.139440059661865234e-01;1.172761693596839905e-01
-5.410748720169067383e-01;-4.141612350940704346e-01;5.054015666246414185e-02
-5.630494356155395508e-01;-3.774984180927276611e-01;3.154356032609939575e-02
-5.630678534507751465e-01;-3.862507641315460205e-01;2.129592299461364746e-01
-5.630609393119812012e-01;-3.393819928169250488e-01;3.248728066682815552e-02
-5.630642771720886230e-01;-4.139957129955291748e-01;2.527706623077392578e-01
-4.796895384788513184e-01;-4.141456484794616699e-01;2.341791838407516479e-01
-5.630620718002319336e-01;-4.085664749145507812e-01;-4.240494221448898315e-02
-5.630424022674560547e-01;-3.789457082748413086e-01;2.858287692070007324e-01
-5.630651712417602539e-01;-2.391251474618911743e-01;9.717472642660140991e-02
5.808657035231590271e-02;3.857612907886505127e-01;1.604598313570022583e-01
3.125965595245361328e-02;2.784480452537536621e-01;1.250513792037963867e-01
4.158144816756248474e-02;3.139638006687164307e-01;2.925194203853607178e-01
3.518962487578392029e-02;3.511819243431091309e-01;-7.189407944679260254e-03
-1.055700182914733887e-01;3.531775176525115967e-01;9.189640730619430542e-02
5.190055817365646362e-02;4.224096834659576416e-01;-4.807232320308685303e-02
4.370343685150146484e-02;2.292262464761734009e-01;3.145747482776641846e-01
1.576648950576782227e-01;1.996410787105560303e-01;9.793307632207870483e-02
2.732729017734527588e-01;3.555046916007995605e-01;1.072947978973388672e-01
-1.035883426666259766e-01;4.222428202629089355e-01;3.298676013946533203e-01
4.026175662875175476e-02;-2.202666699886322021e-01;-2.392615973949432373e-01
7.282220572233200073e-02;-2.232622355222702026e-01;-9.558784961700439453e-02
4.058036208152770996e-02;-8.711351454257965088e-02;-3.069688975811004639e-01
-2.429634332656860352e-04;-1.807920634746551514e-01;-3.811838924884796143e-01
2.009101212024688721e-02;-2.856906652450561523e-01;-3.822850883007049561e-01
-5.977210775017738342e-02;-3.411345481872558594e-01;-3.068037629127502441e-01
-1.246836334466934204e-01;-2.235593348741531372e-01;-3.049390614032745361e-01
-9.543757140636444092e-02;-3.093340396881103516e-01;-1.539051830768585205e-01
-9.813128411769866943e-02;-6.461715698242187500e-02;-2.297221869230270386e-01
2.269386202096939087e-01;-2.703626155853271484e-01;-1.188370734453201294e-01
7.779352068901062012e-01;4.314984083175659180e-01;-1.402632743120193481e-01
7.689796686172485352e-01;3.293717801570892334e-01;-1.740431338548660278e-01
7.399079799652099609e-01;4.314728081226348877e-01;-3.737479448318481445e-02
7.279933094978332520e-01;4.309448301792144775e-01;-1.445336639881134033e-02
6.851694583892822266e-01;3.570705950260162354e-01;-2.300717830657958984e-01
6.795067787170410156e-01;3.160607516765594482e-01;-9.841233491897583008e-02
7.665511965751647949e-01;4.207481741905212402e-01;2.657727897167205811e-02
8.096468448638916016e-01;3.730498254299163818e-01;-3.073195219039916992e-01
8.204087615013122559e-01;4.256289005279541016e-01;-3.817977011203765869e-01
7.881703376770019531e-01;4.177251160144805908e-01;1.095433980226516724e-01
-5.629826784133911133e-01;-3.914776742458343506e-01;-3.348287045955657959e-01
-4.904553294181823730e-01;-3.778433203697204590e-01;-3.036082386970520020e-01
-5.630183219909667969e-01;-3.770074248313903809e-01;-2.520771920680999756e-01
-5.630143284797668457e-01;-3.327520489692687988e-01;-3.962482511997222900e-01
-5.630145668983459473e-01;-3.065454363822937012e-01;-3.542206287384033203e-01
-5.630148649215698242e-01;-3.322074115276336670e-01;-4.153716564178466797e-01
-5.630154609680175781e-01;-3.029470741748809814e-01;-3.827569186687469482e-01
-5.630056262016296387e-01;-4.023583233356475830e-01;-1.893072873353958130e-01
-5.630331039428710938e-01;-2.874968945980072021e-01;-2.254863083362579346e-01
-5.630235075950622559e-01;-2.041514366865158081e-01;-2.791652977466583252e-01
8.064848780632019043e-01;-4.562910273671150208e-02;1.076288446784019470e-01
7.355068325996398926e-01;-7.591179758310317993e-02;1.615950614213943481e-01
8.127287030220031738e-01;-7.515682280063629150e-02;2.724667787551879883e-01
7.113548517227172852e-01;1.109201908111572266e-01;1.941221207380294800e-01
7.384828329086303711e-01;1.473568081855773926e-01;1.751234829425811768e-01
7.405620813369750977e-01;-8.594685047864913940e-02;3.212784230709075928e-01
7.724721431732177734e-01;8.212552964687347412e-02;3.001585304737091064e-01
7.765914201736450195e-01;-1.729548424482345581e-01;3.112990260124206543e-01
7.494228482246398926e-01;1.637944281101226807e-01;2.223125100135803223e-01
6.892279386520385742e-01;-2.224517017602920532e-01;-1.663288474082946777e-02
-5.630673170089721680e-01;-1.532009989023208618e-01;4.001832604408264160e-01
-5.630685687065124512e-01;-1.808740943670272827e-01;3.889882862567901611e-01
-5.139375925064086914e-01;-1.402459740638732910e-01;3.471814095973968506e-01
-5.630635023117065430e-01;-1.410656124353408813e-01;3.192835152149200439e-01
-5.630605816841125488e-01;-3.119634091854095459e-02;3.661006689071655273e-01
-4.416358470916748047e-01;-2.226938009262084961e-01;3.895061314105987549e-01
-4.826664924621582031e-01;-3.238008171319961548e-02;3.710317909717559814e-01
-5.630611777305603027e-01;-3.280699253082275391e-03;3.982445001602172852e-01
-5.630647540092468262e-01;-1.886273920536041260e-01;2.512345016002655029e-01
-5.630593895912170410e-01;-6.976393610239028931e-02;2.280827909708023071e-01
4.450882375240325928e-01;-2.373547106981277466e-01;3.224549591541290283e-01
3.647891283035278320e-01;-2.263479232788085938e-01;3.151346147060394287e-01
3.302221000194549561e-01;-1.390673369169235229e-01;3.483852446079254150e-01
4.282428324222564697e-01;-2.063820362091064453e-01;1.645665764808654785e-01
3.542336225509643555e-01;-2.408459931612014771e-01;1.577402800321578979e-01
6.313834786415100098e-01;-2.004366070032119751e-01;3.039177954196929932e-01
4.695436656475067139e-01;-2.947452664375305176e-02;3.175034821033477783e-01
3.233944475650787354e-01;-4.147475659847259521e-01;3.032173216342926025e-01
3.090777099132537842e-01;-4.146333932876586914e-01;3.555522263050079346e-01
2.518846690654754639e-01;-7.105071842670440674e-02;3.703822493553161621e-01
1.759746819734573364e-01;4.465424641966819763e-02;2.741169631481170654e-01
2.159379422664642334e-01;-3.559979423880577087e-02;3.470410108566284180e-01
8.230888843536376953e-02;1.055391430854797363e-01;3.507227003574371338e-01
2.518846690654754639e-01;-7.105070352554321289e-02;3.703822493553161621e-01
2.882219254970550537e-01;3.560210764408111572e-02;1.382175534963607788e-01
2.922959327697753906e-01;-4.389225319027900696e-02;1.718217581510543823e-01
3.549637198448181152e-01;-5.840949714183807373e-03;2.074825912714004517e-01
-2.827763557434082031e-03;9.309820830821990967e-03;3.546897768974304199e-01
3.275897204875946045e-01;1.677770763635635376e-01;3.481198847293853760e-01
1.157432645559310913e-01;9.623322635889053345e-03;6.200794875621795654e-02
-3.417536318302154541e-01;-1.749796718358993530e-01;-1.322076916694641113e-01
-3.851197063922882080e-01;-2.423270791769027710e-01;-2.363393157720565796e-01
-2.012615948915481567e-01;-1.581919491291046143e-01;-1.635314971208572388e-01
-4.414473772048950195e-01;-1.137410402297973633e-01;-2.376007586717605591e-01
-4.479005038738250732e-01;-3.050187230110168457e-01;-1.785741448402404785e-01
-4.588005840778350830e-01;-3.401343524456024170e-01;-5.396328866481781006e-02
-3.793896138668060303e-01;1.697480678558349609e-02;-2.392327040433883667e-01
-5.630493164062500000e-01;-1.903134733438491821e-01;-8.603737503290176392e-02
-5.630493164062500000e-01;-1.903134733438491821e-01;-8.603737503290176392e-02
-5.630447268486022949e-01;-1.333697140216827393e-01;-1.039053127169609070e-01
7.769581675529479980e-01;-3.591924309730529785e-01;-1.093791648745536804e-01
7.378576993942260742e-01;-4.233786463737487793e-01;-5.766129121184349060e-02
6.814613938331604004e-01;-3.466832339763641357e-01;-4.594758152961730957e-03
7.865419387817382812e-01;-4.209474325180053711e-01;-2.483975291252136230e-01
7.877035737037658691e-01;-2.967710494995117188e-01;5.962405353784561157e-02
6.892279386520385742e-01;-2.224517017602920532e-01;-1.663288474082946777e-02
6.979668736457824707e-01;-4.219570159912109375e-01;7.459396868944168091e-02
5.756151676177978516e-01;-4.195385277271270752e-01;-2.035769820213317871e-01
6.912823319435119629e-01;-1.453363895416259766e-01;-1.094937175512313843e-01
8.045014739036560059e-01;-1.100830435752868652e-01;-1.556279510259628296e-01
6.145653724670410156e-01;3.258696794509887695e-01;2.097635418176651001e-01
7.024489641189575195e-01;2.456114441156387329e-01;2.192582786083221436e-01
7.442616224288940430e-01;2.030719518661499023e-01;2.428855746984481812e-01
7.664373517036437988e-01;2.040661871433258057e-01;2.667709887027740479e-01
7.759240269660949707e-01;2.286954373121261597e-01;2.499091923236846924e-01
7.723261713981628418e-01;3.040538430213928223e-01;1.725978702306747437e-01
7.712786197662353516e-01;3.699543178081512451e-01;1.039657145738601685e-01
7.648278474807739258e-01;3.856322467327117920e-01;1.351724565029144287e-01
7.594104409217834473e-01;4.157381057739257812e-01;2.622212171554565430e-01
7.996262311935424805e-01;4.138634502887725830e-01;3.369221687316894531e-01
4.656585752964019775e-01;-3.583515286445617676e-01;-3.209555745124816895e-01
5.433281064033508301e-01;-3.291538655757904053e-01;-3.264120519161224365e-01
5.939238667488098145e-01;-3.206222057342529297e-01;-3.219211697578430176e-01
5.988915562629699707e-01;-3.085953891277313232e-01;-3.103401660919189453e-01
6.102746129035949707e-01;-3.042894303798675537e-01;-3.157661259174346924e-01
6.446830034255981445e-01;-3.165771365165710449e-01;-3.085424900054931641e-01
6.946806311607360840e-01;-3.479066193103790283e-01;-2.792186737060546875e-01
7.161329388618469238e-01;-3.553586900234222412e-01;-2.342261970043182373e-01
7.022790908813476562e-01;-3.284453749656677246e-01;-2.045087516307830811e-01
6.843902468681335449e-01;-2.787161469459533691e-01;-2.139541208744049072e-01
-1.191021800041198730e-01;-3.159927129745483398e-01;2.113995701074600220e-01
-1.016623377799987793e-01;-2.757886052131652832e-01;2.359916269779205322e-01
-3.997755795717239380e-02;-2.899026870727539062e-01;2.271914035081863403e-01
3.375957906246185303e-02;-3.152031898498535156e-01;1.938152164220809937e-01
6.600929051637649536e-02;-3.007348179817199707e-01;1.917834579944610596e-01
6.905462592840194702e-02;-2.668569684028625488e-01;2.404616177082061768e-01
7.185805588960647583e-02;-2.191955447196960449e-01;2.760475873947143555e-01
9.758684784173965454e-02;-1.945388615131378174e-01;2.910316288471221924e-01
1.388260126113891602e-01;-1.750124245882034302e-01;3.059816956520080566e-01
2.050538063049316406e-01;-1.874731779098510742e-01;3.245055973529815674e-01
-5.392690300941467285e-01;2.428283691406250000e-01;2.568362355232238770e-01
-5.349037647247314453e-01;2.832526564598083496e-01;2.600154280662536621e-01
-5.354410409927368164e-01;3.322710096836090088e-01;2.303605377674102783e-01
-5.474943518638610840e-01;3.614009916782379150e-01;2.037923187017440796e-01
-5.509372949600219727e-01;3.790459036827087402e-01;2.268565148115158081e-01
-5.534793138504028320e-01;3.941388428211212158e-01;2.746699452400207520e-01
-5.522989630699157715e-01;4.052812159061431885e-01;3.106281161308288574e-01
-5.459658503532409668e-01;4.128620922565460205e-01;3.273779153823852539e-01
-5.064349174499511719e-01;4.064086377620697021e-01;3.374947309494018555e-01
-4.071684777736663818e-01;4.012924134731292725e-01;3.479257225990295410e-01
3.114019930362701416e-01;2.064288854598999023e-01;-3.261765539646148682e-01
3.661512732505798340e-01;2.134256809949874878e-01;-3.188695013523101807e-01
3.852815628051757812e-01;2.624083757400512695e-01;-3.188289701938629150e-01
3.725330829620361328e-01;3.203232884407043457e-01;-3.172703683376312256e-01
3.553386628627777100e-01;3.655793070793151855e-01;-2.986902594566345215e-01
3.553071916103363037e-01;3.799882531166076660e-01;-2.761043310165405273e-01
3.802068829536437988e-01;3.716279864311218262e-01;-2.521220445632934570e-01
4.107508957386016846e-01;3.667463064193725586e-01;-2.356564849615097046e-01
4.605116844177246094e-01;3.595931231975555420e-01;-2.417973279953002930e-01
5.632692575454711914e-01;3.206469416618347168e-01;-2.741611599922180176e-01
6.032223701477050781e-01;-1.227296143770217896e-02;-3.559288978576660156e-01
6.448392271995544434e-01;3.029432892799377441e-02;-3.307906687259674072e-01
6.659182906150817871e-01;4.482747614383697510e-02;-3.185393214225769043e-01
6.986012458801269531e-01;4.952278733253479004e-02;-3.237116932868957520e-01
7.279271483421325684e-01;5.321327969431877136e-02;-3.264664709568023682e-01
7.435072660446166992e-01;7.882095873355865479e-02;-3.252159953117370605e-01
7.502828836441040039e-01;1.171308532357215881e-01;-3.275672793388366699e-01
7.590520977973937988e-01;1.924240291118621826e-01;-3.378275334835052490e-01
7.750196456909179688e-01;2.717649340629577637e-01;-3.421731889247894287e-01
7.832296490669250488e-01;3.430978953838348389e-01;-3.141031861305236816e-01
-3.805267214775085449e-01;-4.429788514971733093e-02;1.734156310558319092e-01
-3.185779452323913574e-01;-2.944556064903736115e-02;1.471984088420867920e-01
-2.916793823242187500e-01;-1.023662835359573364e-02;1.375978738069534302e-01
-2.852182984352111816e-01;3.643923439085483551e-03;1.577883511781692505e-01
-2.712990045547485352e-01;1.644416898488998413e-02;1.800568252801895142e-01
-2.492668181657791138e-01;3.137609362602233887e-02;1.883952170610427856e-01
-2.173070758581161499e-01;4.183150082826614380e-02;1.922521293163299561e-01
-1.882518827915191650e-01;4.546536132693290710e-02;2.000281065702438354e-01
-1.616597175598144531e-01;4.635281488299369812e-02;2.109428942203521729e-01
-1.476997435092926025e-01;6.449966132640838623e-02;2.199858874082565308e-01
3.227521777153015137e-01;8.532713353633880615e-02;2.671804837882518768e-02
3.606921732425689697e-01;8.328908681869506836e-02;-3.893997520208358765e-03
3.730859756469726562e-01;1.042213514447212219e-01;-4.164849594235420227e-02
3.734290897846221924e-01;1.204763576388359070e-01;-1.943355798721313477e-02
3.831352889537811279e-01;1.175603866577148438e-01;2.500177547335624695e-02
3.997333347797393799e-01;1.216893792152404785e-01;6.453713774681091309e-02
4.397578537464141846e-01;1.412831246852874756e-01;9.248909354209899902e-02
4.939493536949157715e-01;1.480699181556701660e-01;1.138092875480651855e-01
5.376121401786804199e-01;1.563456356525421143e-01;1.288751512765884399e-01
5.477374792098999023e-01;2.107750773429870605e-01;1.063153594732284546e-01
-5.668191909790039062e-01;2.934908270835876465e-01;-3.755528330802917480e-01
-5.751459598541259766e-01;3.431363701820373535e-01;-3.756892085075378418e-01
-5.566263794898986816e-01;3.521071076393127441e-01;-3.701803684234619141e-01
-5.226876735687255859e-01;3.413206338882446289e-01;-3.420809805393218994e-01
-4.576968550682067871e-01;3.160443305969238281e-01;-3.368759751319885254e-01
-3.668614029884338379e-01;2.836492657661437988e-01;-3.412664234638214111e-01
-2.846432626247406006e-01;2.709361314773559570e-01;-3.515400588512420654e-01
-2.284951210021972656e-01;2.950229346752166748e-01;-3.517374396324157715e-01
-2.012974619865417480e-01;3.365223109722137451e-01;-3.072643280029296875e-01
-1.524726003408432007e-01;3.511148095130920410e-01;-2.779408097267150879e-01
-5.493308305740356445e-01;1.950090229511260986e-01;-1.913182139396667480e-01
-5.516093373298645020e-01;2.083683162927627563e-01;-1.094554364681243896e-01
-5.423997044563293457e-01;2.302874028682708740e-01;-7.131378352642059326e-02
-5.409694314002990723e-01;2.785641551017761230e-01;-1.014136075973510742e-01
-5.431471467018127441e-01;3.396703600883483887e-01;-1.507717818021774292e-01
-5.537151098251342773e-01;3.845818936824798584e-01;-1.241447776556015015e-01
-5.603344440460205078e-01;3.960512578487396240e-01;-3.093151748180389404e-02
-5.554157495498657227e-01;4.042805731296539307e-01;5.765512585639953613e-02
-5.229843854904174805e-01;3.915083706378936768e-01;9.458440542221069336e-02
-4.392145872116088867e-01;3.778720200061798096e-01;6.510184705257415771e-02
-1.178577914834022522e-01;1.109117642045021057e-01;-2.914945185184478760e-01
-6.779689341783523560e-02;1.109884381294250488e-01;-2.700971961021423340e-01
-2.620305866003036499e-02;1.109100058674812317e-01;-2.710599899291992188e-01
-5.445033311843872070e-03;1.341930776834487915e-01;-2.543407380580902100e-01
7.706996053457260132e-03;1.761921495199203491e-01;-2.353437691926956177e-01
2.428633347153663635e-02;2.236858755350112915e-01;-2.171229273080825806e-01
4.884513467550277710e-02;2.623979151248931885e-01;-2.010402232408523560e-01
8.855498582124710083e-02;2.705479562282562256e-01;-1.879750639200210571e-01
1.290142387151718140e-01;2.595012784004211426e-01;-1.734489500522613525e-01
1.576691865921020508e-01;2.631214857101440430e-01;-1.646377146244049072e-01
2.852262556552886963e-01;-3.788224458694458008e-01;-1.760172247886657715e-01
3.078213632106781006e-01;-3.817946612834930420e-01;-1.273150146007537842e-01
3.607600629329681396e-01;-3.609009385108947754e-01;-1.528294086456298828e-01
4.245527982711791992e-01;-3.517936170101165771e-01;-1.640679836273193359e-01
4.404176175594329834e-01;-3.494674861431121826e-01;-1.237025707960128784e-01
4.243127107620239258e-01;-3.147571086883544922e-01;-7.442457973957061768e-02
4.277497828006744385e-01;-2.846455872058868408e-01;-3.619298338890075684e-02
5.048498511314392090e-01;-3.100276291370391846e-01;-2.739011123776435852e-02
6.365427374839782715e-01;-3.791308999061584473e-01;-2.813851833343505859e-02
6.980683803558349609e-01;-3.901492953300476074e-01;1.484923064708709717e-03
-3.647243976593017578e-01;-3.469012379646301270e-01;-3.538606464862823486e-01
-2.620164453983306885e-01;-3.659766614437103271e-01;-3.861227333545684814e-01
-2.312598675489425659e-01;-3.513986468315124512e-01;-3.747499287128448486e-01
-2.105416655540466309e-01;-3.262022733688354492e-01;-3.560519814491271973e-01
-1.694266647100448608e-01;-3.222771883010864258e-01;-3.384789526462554932e-01
-1.260346323251724243e-01;-3.327780961990356445e-01;-3.219207525253295898e-01
-9.869684278964996338e-02;-3.398507237434387207e-01;-3.087361454963684082e-01
-8.916123211383819580e-02;-3.160862922668457031e-01;-3.095535337924957275e-01
-8.976658433675765991e-02;-2.831754088401794434e-01;-3.173289299011230469e-01
-6.340532004833221436e-02;-2.672955989837646484e-01;-3.272453248500823975e-01
-4.397585988044738770e-01;-3.958776593208312988e-01;2.396304160356521606e-01
-3.994766473770141602e-01;-3.523079156875610352e-01;2.376019656658172607e-01
-3.664704263210296631e-01;-3.562774956226348877e-01;2.417376339435577393e-01
-3.375571370124816895e-01;-3.599153459072113037e-01;2.542742192745208740e-01
-3.251140713691711426e-01;-3.339159190654754639e-01;2.700418829917907715e-01
-3.252382874488830566e-01;-3.109720945358276367e-01;2.802590727806091309e-01
-3.287582993507385254e-01;-2.972308993339538574e-01;2.934092283248901367e-01
-3.255574107170104980e-01;-2.810038328170776367e-01;3.009917736053466797e-01
-2.848198115825653076e-01;-2.792949378490447998e-01;2.988015115261077881e-01
-1.797660291194915771e-01;-2.920762300491333008e-01;3.084274530410766602e-01
9.490707516670227051e-02;-1.527577489614486694e-01;-3.416207730770111084e-01
1.716296374797821045e-01;-1.446642875671386719e-01;-3.647561669349670410e-01
2.448268979787826538e-01;-1.597963869571685791e-01;-3.550840914249420166e-01
2.789660990238189697e-01;-1.367822736501693726e-01;-3.572460114955902100e-01
2.730895280838012695e-01;-8.409688621759414673e-02;-3.630493879318237305e-01
2.801969647407531738e-01;-3.805061057209968567e-02;-3.477051556110382080e-01
3.182289600372314453e-01;-5.732350051403045654e-03;-3.304694592952728271e-01
3.663439154624938965e-01;1.295508444309234619e-02;-3.265547454357147217e-01
4.076967835426330566e-01;5.501408129930496216e-03;-3.247232437133789062e-01
4.392497539520263672e-01;-3.171630203723907471e-03;-3.209691643714904785e-01
-2.033193111419677734e-01;2.903027832508087158e-01;-4.294390603899955750e-02
-1.818548291921615601e-01;2.923673987388610840e-01;-3.536913543939590454e-02
-1.824445724487304688e-01;3.166226446628570557e-01;-4.208749905228614807e-02
-1.857815384864807129e-01;3.410393297672271729e-01;-3.340227901935577393e-02
-1.792908906936645508e-01;3.597199916839599609e-01;-2.508981898427009583e-02
-1.682285368442535400e-01;3.688240051269531250e-01;-1.316645368933677673e-02
-1.527397930622100830e-01;3.822993636131286621e-01;-5.707759410142898560e-03
-1.250570118427276611e-01;3.814754486083984375e-01;7.820282131433486938e-03
-9.680712223052978516e-02;3.822974264621734619e-01;2.866301313042640686e-02
-7.424633204936981201e-02;3.932995796203613281e-01;3.903063014149665833e-02
3.349218964576721191e-01;3.231839537620544434e-01;6.100276857614517212e-02
4.758052825927734375e-01;2.746001482009887695e-01;1.422608643770217896e-02
5.348238348960876465e-01;2.749766707420349121e-01;2.616892568767070770e-02
5.301847457885742188e-01;3.176029920578002930e-01;2.746116369962692261e-02
5.155019760131835938e-01;3.514457643032073975e-01;2.270166575908660889e-02
5.187176465988159180e-01;3.722305595874786377e-01;3.649779409170150757e-02
5.462731122970581055e-01;3.855219483375549316e-01;6.970736384391784668e-02
6.098808050155639648e-01;3.912117779254913330e-01;7.848678529262542725e-02
6.892197728157043457e-01;3.935518264770507812e-01;5.852537974715232849e-02
7.278362512588500977e-01;4.012446105480194092e-01;8.126482367515563965e-02
-5.575680136680603027e-01;3.617558628320693970e-02;1.191345155239105225e-01
-5.646963715553283691e-01;6.240810453891754150e-02;1.291815936565399170e-01
-5.538635253906250000e-01;9.077934920787811279e-02;1.286805123090744019e-01
-5.474194884300231934e-01;1.211943998932838440e-01;1.292594522237777710e-01
-5.494315624237060547e-01;1.378626525402069092e-01;1.479838639497756958e-01
-5.509009361267089844e-01;1.443267017602920532e-01;1.777715831995010376e-01
-5.491836667060852051e-01;1.592988967895507812e-01;2.016637623310089111e-01
-5.407325029373168945e-01;1.737956106662750244e-01;2.128845453262329102e-01
-5.211932659149169922e-01;1.759520322084426880e-01;2.086817026138305664e-01
-4.885109663009643555e-01;1.827973276376724243e-01;2.093866467475891113e-01
-1.969134211540222168e-01;-3.928400576114654541e-01;-6.388515233993530273e-03
-1.274430304765701294e-01;-3.868793249130249023e-01;-8.603118360042572021e-03
-9.240306913852691650e-02;-3.778226971626281738e-01;9.630776941776275635e-03
-8.726865798234939575e-02;-3.677587807178497314e-01;6.385269016027450562e-02
-8.677348494529724121e-02;-3.585847020149230957e-01;1.151018887758255005e-01
-6.572718918323516846e-02;-3.506584763526916504e-01;1.323630362749099731e-01
-1.326264441013336182e-02;-3.404053747653961182e-01;1.293251067399978638e-01
4.444887489080429077e-02;-3.421483635902404785e-01;1.210512220859527588e-01
7.349749654531478882e-02;-3.274435400962829590e-01;1.134549602866172791e-01
8.497045189142227173e-02;-2.977370023727416992e-01;1.353859603404998779e-01
