-2.806715965270996094e-01;3.845694288611412048e-02;-4.932761192321777344e-01
7.148973345756530762e-01;1.228934600949287415e-01;-3.991307318210601807e-01
-2.809765338897705078e-01;1.050251424312591553e-01;4.518738389015197754e-01
2.283230423927307129e-01;4.932452738285064697e-02;2.106781601905822754e-01
4.014383256435394287e-01;2.908241748809814453e-01;1.610559076070785522e-01
-2.820457518100738525e-01;-4.513820111751556396e-01;2.820179052650928497e-02
-2.815817594528198242e-01;5.016755461692810059e-01;4.081143140792846680e-01
8.662845194339752197e-02;2.617190480232238770e-01;-1.724648773670196533e-01
1.874575316905975342e-01;-4.254152998328208923e-02;1.937148422002792358e-01
-2.810515165328979492e-01;3.675207495689392090e-01;-4.933123588562011719e-01
-1.382960230112075806e-01;1.241613999009132385e-01;-2.707799077033996582e-01
-2.811785042285919189e-01;-4.867965355515480042e-02;3.412024974822998047e-01
-2.815016806125640869e-01;-2.277501225471496582e-01;2.419292181730270386e-01
7.262324690818786621e-01;5.070982575416564941e-01;3.809686005115509033e-01
3.447315692901611328e-01;-1.226022541522979736e-01;-3.569277822971343994e-01
-2.816191315650939941e-01;-2.228173464536666870e-01;1.571920067071914673e-01
-2.819227576255798340e-01;3.570760786533355713e-01;-1.747577334754168987e-03
-2.812969088554382324e-01;2.455678582191467285e-02;-2.250049710273742676e-01
-2.815001904964447021e-01;-2.823129892349243164e-01;-2.284905016422271729e-01
6.621724367141723633e-01;-1.073499768972396851e-01;1.523362398147583008e-01
-8.164534717798233032e-02;-4.539932608604431152e-01;1.478732377290725708e-01
5.576204061508178711e-01;-3.739927411079406738e-01;-3.599528074264526367e-01
-2.765861451625823975e-01;1.504538953304290771e-01;1.303372234106063843e-01
-4.563352465629577637e-02;1.862959861755371094e-01;-1.935639679431915283e-01
5.553900077939033508e-02;-1.523287687450647354e-02;-2.927983701229095459e-01
-2.814068496227264404e-01;1.629979312419891357e-01;2.652895450592041016e-01
7.546048760414123535e-01;-3.502686917781829834e-01;3.147452771663665771e-01
-1.169733181595802307e-01;4.632300138473510742e-01;1.494655907154083252e-01
-2.815115451812744141e-01;-3.779133260250091553e-01;3.395714163780212402e-01
-2.813919782638549805e-01;1.967093348503112793e-01;2.921884059906005859e-01
-2.814523279666900635e-01;-5.910167098045349121e-02;1.854833662509918213e-01
-2.812157273292541504e-01;-1.316055506467819214e-01;-2.850937247276306152e-01
4.098700284957885742e-01;1.000586301088333130e-01;-3.923502862453460693e-01
-6.242066994309425354e-02;2.377055734395980835e-01;4.614105522632598877e-01
-1.130980998277664185e-01;-2.692203521728515625e-01;-2.749866247177124023e-01
6.312342286109924316e-01;1.678926795721054077e-01;2.645004689693450928e-01
2.995173931121826172e-01;1.090904101729393005e-01;4.129875898361206055e-01
-2.817128300666809082e-01;-3.915798068046569824e-01;-1.974518448114395142e-01
-2.807925045490264893e-01;-3.357705101370811462e-02;-4.423776865005493164e-01
-2.808475494384765625e-01;3.922449797391891479e-02;-4.213742911815643311e-01
4.390647411346435547e-01;-2.757562100887298584e-01;-2.715305685997009277e-01
-2.815571129322052002e-01;3.834504261612892151e-02;5.164899304509162903e-02
-2.813737988471984863e-01;-9.335747361183166504e-02;2.482423782348632812e-01
3.772546052932739258e-01;4.566775858402252197e-01;1.780940890312194824e-01
2.172823101282119751e-01;-1.768290698528289795e-01;3.688928782939910889e-01
-2.811509072780609131e-01;-4.149997532367706299e-01;-4.516798257827758789e-01
-2.816105484962463379e-01;-2.368401736021041870e-01;1.787557899951934814e-01
-2.814756035804748535e-01;-2.082471922039985657e-02;1.613488048315048218e-01
-2.815082967281341553e-01;-3.351579904556274414e-01;3.145963847637176514e-01
-2.816675007343292236e-01;1.825753748416900635e-01;2.668809331953525543e-02
1.484350860118865967e-01;4.187123477458953857e-01;8.135404437780380249e-02
-2.814815938472747803e-01;4.087268412113189697e-01;-3.252929151058197021e-01
-2.330043315887451172e-01;-2.274750620126724243e-01;-3.645492494106292725e-01
2.172780632972717285e-01;4.656864404678344727e-01;-2.656047046184539795e-01
-2.817242145538330078e-01;4.104699194431304932e-01;2.841208279132843018e-01
6.121963262557983398e-01;-1.717481166124343872e-01;-1.293014883995056152e-01
-2.813827395439147949e-01;-3.907309472560882568e-01;-3.458319902420043945e-01
1.581068336963653564e-01;-4.915912151336669922e-01;4.226629137992858887e-01
6.633199453353881836e-01;3.117430768907070160e-02;1.578223854303359985e-01
-2.817217707633972168e-01;2.297286689281463623e-01;5.724970996379852295e-02
-2.809342145919799805e-01;-5.381530150771141052e-02;4.562164545059204102e-01
-2.530818581581115723e-01;4.265823662281036377e-01;-2.439095973968505859e-01
-2.816573381423950195e-01;-2.538966834545135498e-01;-1.095556542277336121e-01
1.013553962111473083e-01;-4.917861223220825195e-01;-2.728668227791786194e-02
-2.812440693378448486e-01;4.016329646110534668e-01;-4.223272800445556641e-01
-2.814643979072570801e-01;7.871638238430023193e-02;-1.379671841859817505e-01
1.572972834110260010e-01;3.147226572036743164e-01;-3.690638840198516846e-01
3.582524135708808899e-02;-1.706466078758239746e-01;-4.248344153165817261e-02
-2.813823521137237549e-01;-1.155654489994049072e-01;2.497545033693313599e-01
7.761759310960769653e-02;2.466390728950500488e-01;1.084441132843494415e-02
-1.175783947110176086e-01;-2.689114958047866821e-02;8.133162558078765869e-02
5.783089399337768555e-01;4.135098680853843689e-02;-2.484982013702392578e-01
-2.820637226104736328e-01;5.016669034957885742e-01;1.685122847557067871e-01
-2.816572785377502441e-01;-4.905230402946472168e-01;3.470976948738098145e-01
3.341957330703735352e-01;2.432728707790374756e-01;-2.286586612462997437e-01
-2.817281484603881836e-01;3.994185328483581543e-01;2.745632529258728027e-01
6.579715609550476074e-01;-2.319069206714630127e-01;-1.006887480616569519e-01
4.380281269550323486e-01;4.268967211246490479e-01;3.605545163154602051e-01
-2.815560400485992432e-01;-1.067786850035190582e-02;3.383019939064979553e-02
-2.818790972232818604e-01;-4.042664170265197754e-01;-1.141667366027832031e-01
-2.812256515026092529e-01;-3.444438874721527100e-01;-3.838565647602081299e-01
-2.814461886882781982e-01;-9.879606217145919800e-02;2.042174190282821655e-01
-6.226418539881706238e-02;-2.014364302158355713e-01;-1.202671825885772705e-01
4.715878069400787354e-01;-4.792498052120208740e-02;-4.277240335941314697e-01
4.941471517086029053e-01;2.962083220481872559e-01;7.264763116836547852e-02
-2.818939685821533203e-01;3.377932310104370117e-01;1.471640542149543762e-02
-2.813018560409545898e-01;-3.806449174880981445e-01;4.460234642028808594e-01
-2.812528014183044434e-01;-1.066803559660911560e-01;3.158970475196838379e-01
4.417941272258758545e-01;1.284769624471664429e-01;3.045807182788848877e-01
5.995301008224487305e-01;-8.130623400211334229e-02;4.354116320610046387e-01
1.835739761590957642e-01;1.286804974079132080e-01;4.167180955410003662e-01
-2.814462780952453613e-01;-7.346790749579668045e-03;1.837051063776016235e-01
-2.812654376029968262e-01;-8.124670386314392090e-02;-2.473417073488235474e-01
5.492752194404602051e-01;4.666711688041687012e-01;-1.548438966274261475e-01
-1.586325317621231079e-01;4.600183069705963135e-01;3.141635060310363770e-01
-2.810972929000854492e-01;1.148760914802551270e-01;-3.349440395832061768e-01
1.317599266767501831e-01;1.270020157098770142e-01;-5.797030031681060791e-02
-2.811020016670227051e-01;-2.761518359184265137e-01;4.765994846820831299e-01
1.730270981788635254e-01;-4.134379923343658447e-01;-4.921707808971405029e-01
-2.815802991390228271e-01;3.340769708156585693e-01;-2.392884343862533569e-01
-2.808605134487152100e-01;8.763948082923889160e-02;5.012605786323547363e-01
3.518988788127899170e-01;-1.578163802623748779e-01;2.462235838174819946e-01
6.588532924652099609e-01;-4.080926775932312012e-01;7.338179647922515869e-02
-2.816625833511352539e-01;-1.949588209390640259e-01;-3.785394132137298584e-03
-2.812055647373199463e-01;1.711435467004776001e-01;3.707700967788696289e-01
-2.813990414142608643e-01;3.191790282726287842e-01;3.733633160591125488e-01
-2.811170816421508789e-01;-8.128378540277481079e-02;-3.147853016853332520e-01
-2.812333106994628906e-01;-1.621987670660018921e-01;-2.888612747192382812e-01
2.081133797764778137e-02;-3.014897406101226807e-01;2.830927371978759766e-01
-2.820015549659729004e-01;4.016147553920745850e-01;5.094845313578844070e-03
-2.814407348632812500e-01;2.589728534221649170e-01;-2.533765733242034912e-01
-2.808935642242431641e-01;-1.404259055852890015e-01;5.012733340263366699e-01
-2.819240689277648926e-01;-3.979074060916900635e-01;-5.723832175135612488e-02
7.550307512283325195e-01;1.716747134923934937e-01;3.569865226745605469e-01
6.205254197120666504e-01;4.239426553249359131e-01;2.637419998645782471e-01
3.886688351631164551e-01;3.796773850917816162e-01;-1.499096751213073730e-01
3.322445154190063477e-01;1.052938103675842285e-01;1.027145609259605408e-01
2.122800946235656738e-01;-1.536318808794021606e-01;-2.274075895547866821e-01
7.794784009456634521e-02;-5.410735309123992920e-02;3.755670785903930664e-01
-1.385419666767120361e-01;2.478359937667846680e-01;4.200889170169830322e-01
-2.818446159362792969e-01;-3.761589229106903076e-01;1.527154594659805298e-01
-2.813996374607086182e-01;1.012814864516258240e-01;-1.885782331228256226e-01
2.585243992507457733e-02;-2.801939845085144043e-01;-1.177786216139793396e-01
4.235770180821418762e-02;-9.228948503732681274e-02;-4.924507737159729004e-01
-1.818673014640808105e-01;2.653253972530364990e-01;1.733369231224060059e-01
-2.810026705265045166e-01;-2.377737313508987427e-01;5.012816786766052246e-01
-1.510711908340454102e-01;-4.146679043769836426e-01;3.346345722675323486e-01
-1.605268567800521851e-01;-1.026913896203041077e-01;-3.643757104873657227e-01
-2.820539176464080811e-01;4.633979499340057373e-01;1.205856278538703918e-01
2.314134538173675537e-01;4.170303940773010254e-01;-4.133206009864807129e-01
-2.817420363426208496e-01;-2.648660242557525635e-01;-1.869110018014907837e-02
4.821286201477050781e-01;-4.984511435031890869e-02;-1.661750823259353638e-01
1.475983262062072754e-01;4.203021228313446045e-01;3.078630268573760986e-01
5.611591935157775879e-01;-6.326095759868621826e-02;3.493327498435974121e-01
-2.815031409263610840e-01;8.463905006647109985e-02;1.595755368471145630e-01
-2.808621227741241455e-01;6.442406214773654938e-03;4.871798157691955566e-01
7.093204259872436523e-01;4.839088320732116699e-01;-2.406247556209564209e-01
-2.816941142082214355e-01;-3.573419749736785889e-01;-1.820890456438064575e-01
4.198499917984008789e-01;-4.524530768394470215e-01;-2.160649597644805908e-01
-2.811995744705200195e-01;1.831665039062500000e-01;3.803071677684783936e-01
2.426875531673431396e-01;2.127230912446975708e-01;-4.183247312903404236e-02
-2.814897894859313965e-01;1.605418622493743896e-01;-1.643100976943969727e-01
-2.816973030567169189e-01;-4.000403583049774170e-01;-2.109004706144332886e-01
-8.690161257982254028e-02;1.679692417383193970e-01;3.276960849761962891e-01
-2.816803157329559326e-01;4.035714864730834961e-01;2.998603582382202148e-01
6.915100850164890289e-03;-7.764115184545516968e-02;1.229345574975013733e-01
-2.815429270267486572e-01;1.064427122473716736e-01;-8.453824371099472046e-02
-1.467692106962203979e-01;3.715036213397979736e-01;5.108681507408618927e-03
-2.810696959495544434e-01;2.564195692539215088e-01;-4.104604125022888184e-01
6.587535142898559570e-01;3.828707635402679443e-01;-4.238511025905609131e-01
-2.365816682577133179e-01;-4.132631719112396240e-01;-3.683837354183197021e-01
-2.814818322658538818e-01;-1.099420785903930664e-01;1.820247024297714233e-01
-2.812231481075286865e-01;1.953677833080291748e-01;-3.135794699192047119e-01
-2.816424667835235596e-01;-2.123613804578781128e-01;-7.529921829700469971e-02
-2.816352844238281250e-01;1.740957498550415039e-01;-4.520571976900100708e-02
2.065067738294601440e-01;1.876832395792007446e-01;1.708219945430755615e-01
6.708003878593444824e-01;-5.394846573472023010e-02;-3.845532834529876709e-01
-2.809477746486663818e-01;-3.215080201625823975e-01;-4.932801127433776855e-01
-2.815587818622589111e-01;-3.918004631996154785e-01;3.250488340854644775e-01
2.237370163202285767e-01;-2.455950379371643066e-01;4.179464578628540039e-01
4.212639108300209045e-02;2.580728828907012939e-01;-1.606104373931884766e-01
-1.655029878020286560e-02;-3.201323449611663818e-01;1.593582779169082642e-01
-2.815528810024261475e-01;-8.672350645065307617e-02;9.455015510320663452e-02
-2.817305028438568115e-01;2.435405850410461426e-01;8.423776179552078247e-02
5.308866500854492188e-01;9.018149971961975098e-02;2.111054211854934692e-02
-2.810285985469818115e-01;9.498297423124313354e-02;-3.587734997272491455e-01
2.113297581672668457e-01;-1.663156747817993164e-01;-5.663041770458221436e-02
7.045056819915771484e-01;2.249137610197067261e-01;2.350796461105346680e-01
-2.811035215854644775e-01;3.119883835315704346e-01;-4.303060770034790039e-01
-2.079283818602561951e-02;1.929450929164886475e-01;1.767002791166305542e-01
3.193603754043579102e-01;1.032174974679946899e-01;-2.248775660991668701e-01
-2.812702953815460205e-01;-4.390177503228187561e-02;2.934938073158264160e-01
-2.813611924648284912e-01;5.955980345606803894e-02;2.499742954969406128e-01
7.182278633117675781e-01;-4.298268556594848633e-01;4.040108919143676758e-01
-1.177025064826011658e-01;-2.726080119609832764e-01;-4.148922115564346313e-02
-2.727211713790893555e-01;-9.157803654670715332e-02;1.332688182592391968e-01
-2.818940281867980957e-01;3.383017182350158691e-01;1.049250550568103790e-02
2.116147428750991821e-01;-2.852770984172821045e-01;1.876655369997024536e-01
-2.819987237453460693e-01;4.217088818550109863e-01;1.132840365171432495e-01
2.747882530093193054e-02;8.509249240159988403e-02;2.900231480598449707e-01
-2.816220223903656006e-01;-4.428647160530090332e-01;-2.779639363288879395e-01
-1.855341792106628418e-01;2.891897596418857574e-02;-3.676202893257141113e-01
-1.753898859024047852e-01;2.476203143596649170e-01;-1.164049841463565826e-02
-2.815440595149993896e-01;2.079193443059921265e-01;2.133509516716003418e-01
1.930129677057266235e-01;-1.684088259935379028e-02;3.354400992393493652e-01
-2.809074521064758301e-01;1.812216010875999928e-03;4.652518630027770996e-01
-2.457207292318344116e-01;3.665364682674407959e-01;-3.119994103908538818e-01
-2.812528014183044434e-01;-1.066803559660911560e-01;3.158970475196838379e-01
-2.811460494995117188e-01;-2.392923831939697266e-01;-3.601376414299011230e-01
3.655711114406585693e-01;1.786228083074092865e-02;3.652103543281555176e-01
-2.807976007461547852e-01;9.411078691482543945e-02;-4.529018700122833252e-01
2.288741022348403931e-01;4.211765825748443604e-01;-1.571624279022216797e-01
-2.813727259635925293e-01;2.073072940111160278e-01;3.088284432888031006e-01
-2.809538543224334717e-01;-2.397122830152511597e-01;-4.415148198604583740e-01
-1.751367300748825073e-01;-4.027187526226043701e-01;3.410470485687255859e-02
-2.814234495162963867e-01;-6.077740713953971863e-02;-1.580074131488800049e-01
5.791358351707458496e-01;4.150785207748413086e-01;-3.069442510604858398e-01
-2.815828919410705566e-01;-2.609003484249114990e-01;2.195265144109725952e-01
7.550467252731323242e-01;-2.569498121738433838e-01;4.123741984367370605e-01
-2.819837331771850586e-01;4.324892163276672363e-01;-8.521655946969985962e-02
6.695489883422851562e-01;5.129479169845581055e-01;-5.436322465538978577e-02
-2.806847691535949707e-01;-8.150520920753479004e-02;-4.932732880115509033e-01
5.754217505455017090e-01;-3.995899856090545654e-01;3.610515892505645752e-01
-2.814301848411560059e-01;-4.802210032939910889e-01;-3.245735764503479004e-01
6.703810691833496094e-01;2.470365017652511597e-01;3.594387769699096680e-01
-2.815642356872558594e-01;5.332362651824951172e-02;2.688595268409699202e-04
3.785402476787567139e-01;-2.437735497951507568e-01;-4.687959253787994385e-01
-2.811342775821685791e-01;-1.907380372285842896e-01;4.078977406024932861e-01
-2.818258106708526611e-01;-4.905134141445159912e-01;2.725871801376342773e-01
1.283315718173980713e-01;5.027919411659240723e-01;-3.039687275886535645e-01
-1.758961826562881470e-01;5.022135972976684570e-01;-2.733121216297149658e-01
-2.812933623790740967e-01;-4.530311524868011475e-01;-4.009265005588531494e-01
-2.786656022071838379e-01;-4.908128082752227783e-01;1.528837382793426514e-01
8.373905718326568604e-02;4.503127038478851318e-01;4.406099021434783936e-01
7.541376352310180664e-01;2.139257043600082397e-01;2.970192134380340576e-01
-2.821543216705322266e-01;5.016849637031555176e-01;1.057667955756187439e-01
-2.817273139953613281e-01;-4.905921816825866699e-01;3.096702992916107178e-01
7.528795003890991211e-01;-2.485692948102951050e-01;2.485481798648834229e-01
7.464883327484130859e-01;-1.296455115079879761e-01;-1.839319914579391479e-01
-2.820440828800201416e-01;-4.678269326686859131e-01;5.288086459040641785e-02
-2.817784249782562256e-01;-4.738841652870178223e-01;-2.186297476291656494e-01
7.361972928047180176e-01;5.059474110603332520e-01;-4.494782984256744385e-01
-2.810136675834655762e-01;1.182964965701103210e-01;4.391850829124450684e-01
7.038825154304504395e-01;5.089927315711975098e-01;2.961432933807373047e-01
-2.817601561546325684e-01;5.018761754035949707e-01;-1.911211758852005005e-01
-2.813638746738433838e-01;-2.324557602405548096e-01;-2.625771462917327881e-01
3.486998677253723145e-01;-3.408033028244972229e-02;3.769438862800598145e-01
4.985882043838500977e-01;-4.968323409557342529e-01;-4.527763426303863525e-01
-2.808104157447814941e-01;2.064241766929626465e-01;-4.932883083820343018e-01
-2.816257178783416748e-01;5.015402436256408691e-01;3.883485198020935059e-01
-2.810037434101104736e-01;4.398356378078460693e-02;4.242303371429443359e-01
-1.982774883508682251e-01;-4.910981953144073486e-01;-1.889430135488510132e-01
-1.779715344309806824e-02;5.025216937065124512e-01;-2.053940147161483765e-01
-2.810136675834655762e-01;1.182964965701103210e-01;4.391850829124450684e-01
-2.807855308055877686e-01;-2.014845907688140869e-01;-4.932735264301300049e-01
-2.813325524330139160e-01;-3.421922326087951660e-01;4.046818912029266357e-01
1.047955080866813660e-01;-1.607953384518623352e-02;-4.921989142894744873e-01
5.023345723748207092e-02;-1.141480579972267151e-01;4.404634237289428711e-01
-2.808475494384765625e-01;3.922449797391891479e-02;-4.213742911815643311e-01
-2.809964716434478760e-01;-4.908606410026550293e-01;-4.530717730522155762e-01
-2.816812098026275635e-01;-2.344414591789245605e-01;-6.005807965993881226e-02
6.932814121246337891e-01;5.115434527397155762e-01;-1.817490905523300171e-01
5.920341014862060547e-01;-4.991783499717712402e-01;-8.363555371761322021e-02
6.725927591323852539e-01;5.131858587265014648e-01;-1.543669681996107101e-02
-2.818785011768341064e-01;-4.907945990562438965e-01;3.793664649128913879e-02
7.281464934349060059e-01;-3.512597084045410156e-01;6.967813521623611450e-02
-6.649975199252367020e-03;-1.859345138072967529e-01;-4.926309883594512939e-01
-2.815884947776794434e-01;5.016967058181762695e-01;-3.351451754570007324e-01
2.654992341995239258e-01;-3.158562481403350830e-01;4.018251001834869385e-01
3.994845151901245117e-01;5.049939155578613281e-01;6.960959639400243759e-03
-2.811371684074401855e-01;-4.647115767002105713e-01;-4.693392813205718994e-01
-2.818169295787811279e-01;-4.907199144363403320e-01;-2.108677774667739868e-01
-2.816257178783416748e-01;5.015402436256408691e-01;3.883485198020935059e-01
-2.815086543560028076e-01;4.765471220016479492e-01;4.338962435722351074e-01
-2.806727290153503418e-01;-5.751129239797592163e-02;-4.932734370231628418e-01
5.602697730064392090e-01;-4.980321824550628662e-01;9.179892390966415405e-02
-2.820614278316497803e-01;-4.905006587505340576e-01;1.399292498826980591e-01
7.577440738677978516e-01;-4.968323409557342529e-01;3.287863135337829590e-01
6.606574058532714844e-01;-4.957117736339569092e-01;-4.061700105667114258e-01
-2.806727290153503418e-01;-5.751129239797592163e-02;-4.932734370231628418e-01
-2.821464240550994873e-01;5.016340017318725586e-01;-7.529576867818832397e-02
1.262815296649932861e-01;-4.916011691093444824e-01;3.636257350444793701e-01
7.291598916053771973e-01;4.667119979858398438e-01;1.146788671612739563e-01
-2.813495397567749023e-01;3.757038414478302002e-01;4.418408870697021484e-01
7.441316246986389160e-01;-4.964911341667175293e-01;-3.333102166652679443e-01
-2.820178270339965820e-01;5.018115043640136719e-01;-3.855674876831471920e-04
7.552275657653808594e-01;-8.877491950988769531e-02;3.243179321289062500e-01
-2.818733453750610352e-01;-4.832080900669097900e-01;7.885809987783432007e-03
-2.812446653842926025e-01;5.015520453453063965e-01;-4.933399558067321777e-01
5.412942171096801758e-01;-2.853599488735198975e-01;3.610292971134185791e-01
-1.761125475168228149e-01;5.022462606430053711e-01;-1.125835627317428589e-01
-2.817273139953613281e-01;-4.905921816825866699e-01;3.096702992916107178e-01
1.284070760011672974e-01;-4.916912913322448730e-01;-3.115844726562500000e-01
-2.815042734146118164e-01;4.334894195199012756e-02;1.391460150480270386e-01
-2.809487581253051758e-01;-1.188945844769477844e-01;4.663129746913909912e-01
7.251330614089965820e-01;4.008558392524719238e-02;-4.686040282249450684e-01
7.492945194244384766e-01;-5.314524844288825989e-02;1.275171637535095215e-01
3.138803243637084961e-01;5.039640665054321289e-01;-2.996365129947662354e-01
-2.507874555885791779e-02;-4.914577901363372803e-01;1.148063316941261292e-01
2.212748527526855469e-01;1.681526005268096924e-01;-4.915771484375000000e-01
-2.815194427967071533e-01;5.016236305236816406e-01;4.459810256958007812e-01
-2.514775991439819336e-01;-7.733151316642761230e-02;4.414296150207519531e-01
-2.811699211597442627e-01;-4.871507287025451660e-01;-4.932996034622192383e-01
-2.811321616172790527e-01;-2.500314712524414062e-01;4.433518350124359131e-01
4.873517155647277832e-01;2.485875040292739868e-01;-4.686066806316375732e-01
-2.820105552673339844e-01;5.017053484916687012e-01;1.817130893468856812e-01
-2.814897894859313965e-01;1.605418622493743896e-01;-1.643100976943969727e-01
3.908035457134246826e-01;-4.937190115451812744e-01;-1.231754664331674576e-02
-2.807803153991699219e-01;1.824243515729904175e-01;-4.932857453823089600e-01
7.552595734596252441e-01;4.747833609580993652e-01;-4.131356179714202881e-01
-2.819038927555084229e-01;-4.905256032943725586e-01;-1.882550120353698730e-01
7.185534238815307617e-01;4.786159694194793701e-01;8.205547183752059937e-02
-2.812446653842926025e-01;5.015520453453063965e-01;-4.933399558067321777e-01
7.064772248268127441e-01;-4.320955574512481689e-01;-7.797107845544815063e-02
-2.811264693737030029e-01;-4.498679339885711670e-01;-4.932945370674133301e-01
-2.810168564319610596e-01;-1.847552508115768433e-02;4.148278832435607910e-01
-2.820518016815185547e-01;-4.798876047134399414e-01;-7.545480877161026001e-02
-2.812017798423767090e-01;4.631007611751556396e-01;-4.886128604412078857e-01
-2.807855308055877686e-01;-2.014845907688140869e-01;-4.932735264301300049e-01
-2.820806205272674561e-01;-4.767848253250122070e-01;-2.047053910791873932e-02
