-3.965621590614318848e-01;-3.281910717487335205e-02;4.917976260185241699e-01
-4.335237145423889160e-01;5.229552090167999268e-02;5.019313097000122070e-01
-4.082838892936706543e-01;4.589214920997619629e-02;5.230637788772583008e-01
-3.696218430995941162e-01;4.152518510818481445e-02;4.706445038318634033e-01
-2.872355282306671143e-01;1.558144390583038330e-02;4.436200261116027832e-01
-3.860464394092559814e-01;1.938103139400482178e-01;5.649705529212951660e-01
-3.130882680416107178e-01;3.507257699966430664e-01;4.523517489433288574e-01
-3.097067475318908691e-01;3.844967484474182129e-01;5.398222804069519043e-01
-1.913450062274932861e-01;2.237213850021362305e-01;4.410529136657714844e-01
-2.332916557788848877e-01;2.684850692749023438e-01;4.238356053829193115e-01
1.553774625062942505e-01;8.254146575927734375e-01;5.967571958899497986e-02
1.838717311620712280e-01;7.761296033859252930e-01;7.948632538318634033e-02
1.605245172977447510e-01;8.242496252059936523e-01;8.605880290269851685e-02
1.599934697151184082e-01;8.228990435600280762e-01;9.738221764564514160e-02
2.336753308773040771e-01;8.366197943687438965e-01;-8.717209100723266602e-03
2.346051633358001709e-01;8.356016278266906738e-01;3.635308519005775452e-02
2.096265554428100586e-01;7.573509216308593750e-01;1.102095171809196472e-01
2.517821788787841797e-01;7.878484725952148438e-01;1.289599984884262085e-01
2.404073178768157959e-01;8.327101469039916992e-01;7.612758129835128784e-02
2.426647692918777466e-01;8.321063518524169922e-01;8.689557760953903198e-02
1.962151080369949341e-01;-1.421010196208953857e-01;1.789150573313236237e-02
2.005984187126159668e-01;-8.271598070859909058e-02;-6.508230417966842651e-02
1.843418180942535400e-01;-1.458224840462207794e-02;-1.302753388881683350e-01
2.468672692775726318e-01;1.864789798855781555e-02;-1.245826110243797302e-01
2.610491514205932617e-01;1.871977001428604126e-02;-1.146205514669418335e-01
1.859332174062728882e-01;-1.043195351958274841e-01;-7.933694869279861450e-03
2.484110146760940552e-01;-7.094456255435943604e-02;1.057944819331169128e-01
2.263710349798202515e-01;-1.399424206465482712e-02;-9.658351540565490723e-03
1.389674097299575806e-01;7.807806879281997681e-02;3.280328959226608276e-02
1.833547204732894897e-01;1.103220358490943909e-01;-1.399136334657669067e-02
-3.451647162437438965e-01;-2.309661358594894409e-01;-5.427882671356201172e-01
-4.530997574329376221e-01;-1.082563549280166626e-01;-5.530544519424438477e-01
-4.032141268253326416e-01;-1.612656861543655396e-01;-4.748050868511199951e-01
-4.079903662204742432e-01;6.433658301830291748e-03;-5.533701777458190918e-01
-2.774794995784759521e-01;-3.399919867515563965e-01;-5.288378000259399414e-01
-2.193682789802551270e-01;-5.850123241543769836e-02;-5.266628861427307129e-01
-2.880388498306274414e-01;-1.048957556486129761e-01;-3.658651113510131836e-01
-2.364612370729446411e-01;-4.418602585792541504e-02;-4.125942885875701904e-01
-2.032699733972549438e-01;-2.195081859827041626e-01;-5.266907811164855957e-01
-2.754147052764892578e-01;-3.528437018394470215e-02;-3.404302597045898438e-01
1.570768505334854126e-01;-6.385503411293029785e-01;-1.747285202145576477e-02
1.646287739276885986e-01;-6.235948801040649414e-01;7.739935070276260376e-03
2.200932353734970093e-01;-7.787622809410095215e-01;1.544975861907005310e-02
2.226564139127731323e-01;-7.739117145538330078e-01;6.098563596606254578e-02
1.977619677782058716e-01;-7.358546257019042969e-01;1.014502719044685364e-01
2.520889639854431152e-01;-7.284927368164062500e-01;1.151717007160186768e-01
2.457941323518753052e-01;-6.693815588951110840e-01;1.693401038646697998e-01
2.202636897563934326e-01;-6.650754809379577637e-01;1.144570559263229370e-01
2.441894263029098511e-01;-6.523084044456481934e-01;5.151701346039772034e-02
2.018446624279022217e-01;-5.533866882324218750e-01;6.116157397627830505e-02
-3.948990106582641602e-01;5.210964679718017578e-01;4.841734170913696289e-01
-3.404881060123443604e-01;4.703962206840515137e-01;5.221450924873352051e-01
-2.295873910188674927e-01;6.548499464988708496e-01;4.170571267604827881e-01
-2.681027352809906006e-01;6.395087242126464844e-01;4.690038561820983887e-01
-1.871889233589172363e-01;4.671531915664672852e-01;4.108957052230834961e-01
-2.700645923614501953e-01;5.901103019714355469e-01;5.341093540191650391e-01
-2.307339906692504883e-01;7.215898633003234863e-01;4.603940248489379883e-01
-1.047316938638687134e-01;7.215861678123474121e-01;4.136561453342437744e-01
-2.432602494955062866e-01;7.800512313842773438e-01;5.329381227493286133e-01
-6.609189510345458984e-02;5.708701610565185547e-01;3.920457959175109863e-01
-1.300230622291564941e-01;-3.712368905544281006e-01;4.795257747173309326e-01
-1.969318091869354248e-01;-1.340050995349884033e-01;2.227594405412673950e-01
-1.541481912136077881e-01;-1.578617393970489502e-01;3.105935454368591309e-01
-1.344923079013824463e-01;-1.730305254459381104e-01;3.952983617782592773e-01
-2.186206281185150146e-01;-9.623448550701141357e-02;4.467702507972717285e-01
-5.842198431491851807e-02;-1.294961869716644287e-01;3.059201240539550781e-01
-6.563953310251235962e-02;-1.764872223138809204e-01;4.258978664875030518e-01
-1.521883755922317505e-01;-2.068033814430236816e-02;3.271932601928710938e-01
-4.176648706197738647e-02;-8.274303376674652100e-02;3.819469511508941650e-01
-1.522801816463470459e-03;-7.894054055213928223e-02;3.666422367095947266e-01
1.130160689353942871e-01;3.721800148487091064e-01;-1.970768719911575317e-01
1.409619897603988647e-01;5.008235573768615723e-01;-2.040978670120239258e-01
2.501095831394195557e-01;2.433197051286697388e-01;-1.402083933353424072e-01
2.713671922683715820e-01;2.529644072055816650e-01;-2.054767757654190063e-01
2.675566375255584717e-01;2.739291787147521973e-01;-1.408202350139617920e-01
2.548570334911346436e-01;3.133769035339355469e-01;-9.556749463081359863e-02
2.428414076566696167e-01;4.056571125984191895e-01;-1.498385965824127197e-01
2.678030133247375488e-01;4.157088696956634521e-01;-2.240514457225799561e-01
2.615502774715423584e-01;4.986634552478790283e-01;-1.276966333389282227e-01
1.552190780639648438e-01;5.149664878845214844e-01;-7.022017240524291992e-02
-2.571805715560913086e-01;-3.911793529987335205e-01;-3.400019407272338867e-01
-1.960865706205368042e-01;-3.400234282016754150e-01;-3.161102831363677979e-01
-4.602998495101928711e-02;-4.732230603694915771e-01;-3.035134971141815186e-01
-2.543329633772373199e-02;-3.414844572544097900e-01;-2.295997142791748047e-01
-1.217716559767723083e-02;-2.928880751132965088e-01;-2.018162310123443604e-01
7.528180629014968872e-02;-3.500007688999176025e-01;-9.687708318233489990e-02
-2.792428806424140930e-02;-3.660973608493804932e-01;2.097362279891967773e-02
1.210969500243663788e-02;-1.199232935905456543e-01;-2.609976232051849365e-01
-1.725517213344573975e-04;-2.504976689815521240e-01;-1.369629204273223877e-01
1.873886883258819580e-01;-3.661298751831054688e-01;-1.561930179595947266e-01
-3.957035541534423828e-01;-7.260260581970214844e-01;-5.624098181724548340e-01
-3.837729096412658691e-01;-7.241709828376770020e-01;-4.973247647285461426e-01
-2.698482573032379150e-01;-6.844391226768493652e-01;-5.285510420799255371e-01
-2.825797796249389648e-01;-6.689327359199523926e-01;-4.734603762626647949e-01
-3.032985925674438477e-01;-7.289542555809020996e-01;-4.310578107833862305e-01
-2.755138278007507324e-01;-7.258688807487487793e-01;-3.878736197948455811e-01
-3.186407983303070068e-01;-6.051704287528991699e-01;-4.761658310890197754e-01
-2.570455074310302734e-01;-6.229161024093627930e-01;-4.937174022197723389e-01
-2.063412815332412720e-01;-7.293563485145568848e-01;-5.267418026924133301e-01
-1.781327426433563232e-01;-7.365180253982543945e-01;-3.643825352191925049e-01
1.983154118061065674e-01;-4.523046016693115234e-01;4.180492460727691650e-02
1.929876804351806641e-01;-3.894183039665222168e-01;1.897621750831604004e-01
2.535253167152404785e-01;-4.459843039512634277e-01;1.477962583303451538e-01
2.418123632669448853e-01;-4.165435433387756348e-01;1.120160818099975586e-01
2.499971538782119751e-01;-3.589056432247161865e-01;8.657636493444442749e-02
2.696598470211029053e-01;-3.171726763248443604e-01;1.902350187301635742e-01
2.652754485607147217e-01;-1.854768097400665283e-01;1.515418738126754761e-01
2.711769044399261475e-01;-1.880757659673690796e-01;1.676747053861618042e-01
2.776384949684143066e-01;-2.200917601585388184e-01;2.198599129915237427e-01
2.800516188144683838e-01;-1.471733152866363525e-01;2.315526157617568970e-01
-2.364612370729446411e-01;-4.418602213263511658e-02;-4.125942885875701904e-01
-1.223477274179458618e-01;-5.419009923934936523e-02;-4.727185964584350586e-01
-1.650201082229614258e-01;4.124061018228530884e-02;-3.134580552577972412e-01
1.210969313979148865e-02;-1.199232861399650574e-01;-2.609976232051849365e-01
1.765664294362068176e-02;-1.854719035327434540e-02;-3.601932823657989502e-01
5.639924108982086182e-02;-2.410428039729595184e-02;-2.108803689479827881e-01
1.547160446643829346e-01;-1.137835755944252014e-01;-2.552904784679412842e-01
-1.090728864073753357e-02;-9.391096234321594238e-02;-1.296515911817550659e-01
-1.260900348424911499e-01;8.538282662630081177e-02;-4.671415388584136963e-01
-3.218106925487518311e-03;7.859825342893600464e-02;-2.577967345714569092e-01
-3.948990106582641602e-01;5.210964679718017578e-01;4.841734170913696289e-01
-3.130882680416107178e-01;3.507257699966430664e-01;4.523517489433288574e-01
-1.863111406564712524e-01;3.903922140598297119e-01;4.069936275482177734e-01
-2.860978841781616211e-01;5.071527361869812012e-01;3.194066584110260010e-01
-1.785072535276412964e-01;4.109201431274414062e-01;3.361593186855316162e-01
-1.871889233589172363e-01;4.671531915664672852e-01;4.108957052230834961e-01
-3.404881060123443604e-01;4.703962206840515137e-01;5.221450924873352051e-01
-2.700645923614501953e-01;5.901103019714355469e-01;5.341093540191650391e-01
-2.681027352809906006e-01;6.395087242126464844e-01;4.690038561820983887e-01
-2.295873910188674927e-01;6.548499464988708496e-01;4.170571267604827881e-01
1.962215900421142578e-01;3.640108704566955566e-01;2.224721610546112061e-01
1.850206553936004639e-01;5.115376710891723633e-01;2.240177243947982788e-02
1.027579307556152344e-01;4.814761281013488770e-01;1.748291850090026855e-01
1.827747076749801636e-01;5.361056923866271973e-01;1.574777662754058838e-01
1.686413884162902832e-01;5.022732615470886230e-01;2.350077033042907715e-01
2.681609392166137695e-01;3.344509601593017578e-01;1.774055957794189453e-01
2.330754995346069336e-01;4.206129908561706543e-01;3.094822168350219727e-04
2.371024191379547119e-01;5.216774940490722656e-01;1.149192079901695251e-01
2.448523789644241333e-01;5.438407063484191895e-01;7.126863300800323486e-02
2.603854537010192871e-01;5.022591948509216309e-01;1.384866684675216675e-01
-2.908378839492797852e-01;2.745764255523681641e-01;-5.309989452362060547e-01
-3.596703410148620605e-01;3.900907039642333984e-01;-5.504926443099975586e-01
-4.031304121017456055e-01;4.090854525566101074e-01;-5.181090235710144043e-01
-3.798459768295288086e-01;4.930232465267181396e-01;-4.253148138523101807e-01
-1.777968853712081909e-01;2.510198354721069336e-01;-5.268058776855468750e-01
-1.259546130895614624e-01;2.405190616846084595e-01;-4.717046022415161133e-01
-1.382236033678054810e-01;2.924500405788421631e-01;-3.364368081092834473e-01
-1.914354413747787476e-01;4.845527708530426025e-01;-5.267813801765441895e-01
-1.092095971107482910e-01;5.367725491523742676e-01;-2.694605588912963867e-01
-3.209286034107208252e-01;6.397825479507446289e-01;-5.361248254776000977e-01
7.155841588973999023e-02;-5.410204529762268066e-01;9.620109945535659790e-02
-2.792428806424140930e-02;-3.660973608493804932e-01;2.097362279891967773e-02
-4.185041040182113647e-02;-3.659162521362304688e-01;1.871800273656845093e-01
2.137707918882369995e-02;-3.559813797473907471e-01;2.824031114578247070e-01
-1.541481912136077881e-01;-1.578617393970489502e-01;3.105935454368591309e-01
9.524277597665786743e-02;-1.538227349519729614e-01;1.437439918518066406e-01
-5.842198431491851807e-02;-1.294961869716644287e-01;3.059201240539550781e-01
1.452907025814056396e-01;-4.870788156986236572e-01;3.747935593128204346e-02
1.235087886452674866e-01;-5.036354660987854004e-01;2.075891941785812378e-01
1.929876804351806641e-01;-3.894183039665222168e-01;1.897621750831604004e-01
1.873886883258819580e-01;-3.661298751831054688e-01;-1.561930179595947266e-01
1.803605407476425171e-01;-3.179610371589660645e-01;-2.822385728359222412e-02
2.052851021289825439e-01;-2.193816602230072021e-01;-1.823000162839889526e-01
2.316996604204177856e-01;-4.399480223655700684e-01;-1.424218118190765381e-01
2.407452762126922607e-01;-3.801297247409820557e-01;-4.808394610881805420e-02
2.497016638517379761e-01;-2.959364056587219238e-01;-8.142694830894470215e-02
2.244019210338592529e-01;-2.170156389474868774e-01;-1.003615632653236389e-01
2.612553238868713379e-01;-2.591580152511596680e-01;-1.784856468439102173e-01
2.608086466789245605e-01;-1.892256885766983032e-01;-1.650579869747161865e-01
1.853035539388656616e-01;-1.037205159664154053e-01;-1.358019113540649414e-01
-5.123126506805419922e-02;5.979094505310058594e-01;2.403581291437149048e-01
7.228539139032363892e-02;5.345808863639831543e-01;-5.486135184764862061e-02
1.027579307556152344e-01;4.814761281013488770e-01;1.748291850090026855e-01
1.409627050161361694e-01;5.821093916893005371e-01;2.661739289760589600e-02
1.310417056083679199e-02;6.641573905944824219e-01;1.038336157798767090e-01
1.479586213827133179e-01;7.574383616447448730e-01;4.187069833278656006e-03
1.655133813619613647e-01;5.950437188148498535e-01;-3.048476576805114746e-02
2.020764648914337158e-01;6.931813955307006836e-01;8.238504081964492798e-02
1.838717311620712280e-01;7.761296033859252930e-01;7.948632538318634033e-02
1.599934697151184082e-01;8.228990435600280762e-01;9.738221764564514160e-02
-3.032985925674438477e-01;-7.289542555809020996e-01;-4.310578107833862305e-01
-2.063412815332412720e-01;-7.293563485145568848e-01;-5.267418026924133301e-01
-2.755138278007507324e-01;-7.258688807487487793e-01;-3.878736197948455811e-01
-3.186407983303070068e-01;-6.051704287528991699e-01;-4.761658310890197754e-01
-2.825797796249389648e-01;-6.689327359199523926e-01;-4.734603762626647949e-01
-2.570455074310302734e-01;-6.229161024093627930e-01;-4.937174022197723389e-01
-1.781327426433563232e-01;-7.365180253982543945e-01;-3.643825352191925049e-01
-1.367327123880386353e-01;-6.054245829582214355e-01;-3.189885318279266357e-01
-2.571805715560913086e-01;-3.911793529987335205e-01;-3.400019407272338867e-01
-4.602998495101928711e-02;-4.732230603694915771e-01;-3.035134971141815186e-01
