2.589176595211029053e-01;7.967640757560729980e-01;-4.573528170585632324e-01
2.545590698719024658e-01;8.011080622673034668e-01;-4.488419294357299805e-01
2.555896043777465820e-01;8.056533336639404297e-01;-4.381484985351562500e-01
2.535674870014190674e-01;8.058668971061706543e-01;-4.366817772388458252e-01
2.512235939502716064e-01;8.071557283401489258e-01;-4.306266903877258301e-01
2.145852744579315186e-01;8.036656379699707031e-01;-4.337396919727325439e-01
2.174027711153030396e-01;7.633139491081237793e-01;-4.377893507480621338e-01
2.083609551191329956e-01;8.090500831604003906e-01;-4.161511063575744629e-01
2.272506505250930786e-01;7.966594696044921875e-01;-3.927810788154602051e-01
2.431223541498184204e-01;8.188596963882446289e-01;-3.844879865646362305e-01
-4.581832587718963623e-01;7.726316154003143311e-02;-5.031794309616088867e-01
-3.748383820056915283e-01;1.129213869571685791e-01;-4.788997173309326172e-01
-3.699710071086883545e-01;4.058826342225074768e-02;-4.775677323341369629e-01
-3.714304566383361816e-01;2.638215422630310059e-01;-4.789981245994567871e-01
-3.796475827693939209e-01;2.369526773691177368e-01;-3.745886683464050293e-01
-3.769293427467346191e-01;-5.321948230266571045e-02;-3.313733637332916260e-01
-2.649892568588256836e-01;-7.921601831912994385e-02;-4.580068886280059814e-01
-2.417867630720138550e-01;-4.169153422117233276e-02;-4.185696244239807129e-01
-2.253502905368804932e-01;3.803406655788421631e-02;-3.729046583175659180e-01
-3.213538527488708496e-01;2.393648177385330200e-01;-3.167013227939605713e-01
-1.457501947879791260e-01;8.107082247734069824e-01;4.900468885898590088e-01
-2.231779247522354126e-01;7.610372304916381836e-01;4.238254427909851074e-01
1.793736219406127930e-02;8.022601604461669922e-01;4.900880157947540283e-01
-2.791065275669097900e-01;6.997479200363159180e-01;4.574306309223175049e-01
-2.403237968683242798e-01;6.781978011131286621e-01;2.968135178089141846e-01
-2.482247799634933472e-01;5.531871914863586426e-01;4.491535723209381104e-01
-3.394364714622497559e-01;6.041032075881958008e-01;4.999338984489440918e-01
-4.101599752902984619e-01;6.573901176452636719e-01;4.207787215709686279e-01
-1.413616240024566650e-01;5.032634139060974121e-01;4.073131382465362549e-01
-4.507485628128051758e-01;7.042770385742187500e-01;5.484703183174133301e-01
2.520634233951568604e-01;-7.900588512420654297e-01;4.709414839744567871e-01
2.562766969203948975e-01;-7.834029197692871094e-01;4.900905191898345947e-01
2.428861856460571289e-01;-8.072011470794677734e-01;4.141220152378082275e-01
2.412934750318527222e-01;-8.094030618667602539e-01;4.105485677719116211e-01
1.946309208869934082e-01;-7.614989280700683594e-01;4.021053910255432129e-01
2.360080629587173462e-01;-8.182096481323242188e-01;3.772415220737457275e-01
1.766771078109741211e-01;-8.140939474105834961e-01;3.832387328147888184e-01
9.327036142349243164e-02;-7.944111824035644531e-01;4.608058333396911621e-01
-2.730223536491394043e-02;-7.910010814666748047e-01;4.900847375392913818e-01
2.422893196344375610e-01;-5.864004492759704590e-01;2.775185406208038330e-01
2.339564412832260132e-01;-5.028614774346351624e-02;-1.155597269535064697e-01
2.596573531627655029e-01;1.909308135509490967e-03;-1.503096967935562134e-01
1.786588281393051147e-01;-5.331490561366081238e-02;-6.142091378569602966e-02
2.030909508466720581e-01;5.301875993609428406e-02;-4.827032983303070068e-02
1.307003051042556763e-01;2.438957616686820984e-02;-1.268041133880615234e-02
1.413084566593170166e-01;-1.850716397166252136e-02;2.515147626399993896e-02
2.420538663864135742e-01;-2.274520546197891235e-01;-1.194115355610847473e-01
7.633037865161895752e-02;-5.183510854840278625e-02;-3.343952447175979614e-02
2.287023365497589111e-01;-2.320633530616760254e-01;-1.221185550093650818e-01
2.625828087329864502e-01;-2.141352742910385132e-01;-2.092780470848083496e-01
-3.818671703338623047e-01;-7.261379957199096680e-01;-4.335805177688598633e-01
-3.606373369693756104e-01;-7.458220720291137695e-01;-4.737613499164581299e-01
-3.740951418876647949e-01;-7.982701659202575684e-01;-3.994830846786499023e-01
-2.961566150188446045e-01;-5.869694352149963379e-01;-4.605223536491394043e-01
-2.210624963045120239e-01;-8.085888624191284180e-01;-4.089742302894592285e-01
-2.554770410060882568e-01;-6.014231443405151367e-01;-3.536433279514312744e-01
-2.702724635601043701e-01;-5.842079520225524902e-01;-3.057560920715332031e-01
-3.092572391033172607e-01;-4.873952567577362061e-01;-4.306304454803466797e-01
-1.300252676010131836e-01;-6.815128922462463379e-01;-3.121601045131683350e-01
-4.183554649353027344e-02;-7.904470562934875488e-01;-4.573596417903900146e-01
-3.548235893249511719e-01;8.115293383598327637e-01;-3.850163221359252930e-01
-2.662625014781951904e-01;8.221411108970642090e-01;-4.267120659351348877e-01
-2.797341942787170410e-01;7.560730576515197754e-01;-4.350705742835998535e-01
-2.250615805387496948e-01;7.629421949386596680e-01;-4.572376608848571777e-01
-3.411569595336914062e-01;6.523562669754028320e-01;-3.205818831920623779e-01
-3.609400391578674316e-01;5.839225649833679199e-01;-4.225021302700042725e-01
-2.400194853544235229e-01;4.899805188179016113e-01;-4.573471546173095703e-01
-3.283081054687500000e-01;4.655639529228210449e-01;-3.214523196220397949e-01
-2.270639240741729736e-01;4.430218338966369629e-01;-4.146345257759094238e-01
-2.452493011951446533e-01;4.325683414936065674e-01;-3.232901394367218018e-01
2.298489511013031006e-01;4.917972981929779053e-01;1.656478792428970337e-01
2.126764953136444092e-01;5.066242218017578125e-01;1.423877328634262085e-01
2.401769906282424927e-01;5.275568962097167969e-01;2.152166515588760376e-01
1.908703446388244629e-01;5.670917034149169922e-01;1.147106587886810303e-01
2.448559403419494629e-01;5.367170572280883789e-01;2.600565552711486816e-01
2.070103883743286133e-01;5.991777777671813965e-01;1.521560996770858765e-01
2.064669430255889893e-01;6.096652150154113770e-01;1.084135845303535461e-01
1.995576173067092896e-01;5.931316018104553223e-01;7.751860469579696655e-02
2.563726305961608887e-01;3.733002245426177979e-01;2.403502315282821655e-01
1.293853968381881714e-01;3.260397613048553467e-01;2.303379625082015991e-01
-1.342284083366394043e-01;1.139753684401512146e-01;1.643036901950836182e-01
-1.432288438081741333e-01;1.140405833721160889e-01;2.733944356441497803e-01
9.963616728782653809e-03;4.703452438116073608e-02;2.051194608211517334e-01
-1.332403868436813354e-01;2.283557951450347900e-01;3.129625618457794189e-01
-2.853489518165588379e-01;1.507515013217926025e-01;2.809674143791198730e-01
-1.424715518951416016e-01;1.512200534343719482e-01;3.589153587818145752e-01
3.088304400444030762e-02;2.216984927654266357e-01;2.039244174957275391e-01
-4.098959267139434814e-02;2.646532356739044189e-01;4.496785998344421387e-02
-2.376441806554794312e-01;2.690327912569046021e-02;3.449734449386596680e-01
-2.593982517719268799e-01;2.460558116436004639e-01;3.231844305992126465e-01
-2.432718127965927124e-01;3.701360225677490234e-01;-2.175921648740768433e-01
-2.452493011951446533e-01;4.325683414936065674e-01;-3.232901394367218018e-01
-1.999826431274414062e-01;3.502354025840759277e-01;-3.691452145576477051e-01
-3.283081054687500000e-01;4.655639529228210449e-01;-3.214523196220397949e-01
-3.213538527488708496e-01;2.393648177385330200e-01;-3.167013227939605713e-01
-1.336068511009216309e-01;2.425880879163742065e-01;-3.242505192756652832e-01
-2.270639240741729736e-01;4.430218338966369629e-01;-4.146345257759094238e-01
-3.796475827693939209e-01;2.369526773691177368e-01;-3.745886683464050293e-01
-1.026712208986282349e-01;2.100318670272827148e-01;-8.032129704952239990e-02
-1.550419479608535767e-01;1.273568719625473022e-01;-1.531168818473815918e-01
-1.701257675886154175e-01;-2.719017863273620605e-01;2.333464771509170532e-01
-7.720618695020675659e-02;-2.402610331773757935e-01;1.280725002288818359e-01
-4.235522449016571045e-02;-2.266397774219512939e-01;2.824902832508087158e-01
-1.811089515686035156e-01;-4.326208233833312988e-01;2.279344946146011353e-01
-1.249067857861518860e-01;-3.879152536392211914e-01;3.492222726345062256e-01
-1.866875290870666504e-01;-2.363677173852920532e-01;3.993843197822570801e-01
-8.295135200023651123e-02;-3.804772496223449707e-01;3.532651066780090332e-01
-1.806536018848419189e-01;-4.080258905887603760e-01;3.686368167400360107e-01
-1.968033909797668457e-01;-1.074392050504684448e-01;3.706159293651580811e-01
-7.696835696697235107e-02;-1.064330637454986572e-01;3.468915224075317383e-01
2.509920001029968262e-01;1.611376106739044189e-01;1.726105809211730957e-01
2.677958607673645020e-01;1.245801970362663269e-01;2.309136986732482910e-01
2.075357437133789062e-01;2.418901175260543823e-01;9.179031103849411011e-02
2.296438813209533691e-01;3.838244825601577759e-02;1.263124942779541016e-01
2.691436707973480225e-01;3.719203174114227295e-02;2.276747822761535645e-01
2.721008062362670898e-01;4.636970907449722290e-02;2.481243461370468140e-01
1.810525208711624146e-01;2.315431237220764160e-01;7.441676408052444458e-02
1.211325228214263916e-01;1.247720718383789062e-01;2.353949397802352905e-01
1.941587477922439575e-01;2.828713953495025635e-01;6.689120084047317505e-02
9.249475598335266113e-02;1.041294932365417480e-01;7.848198711872100830e-02
-7.240304350852966309e-02;-6.014702320098876953e-01;-2.372254729270935059e-01
-5.653181299567222595e-02;-5.126972794532775879e-01;-2.322914302349090576e-01
-4.198298975825309753e-02;-5.812070369720458984e-01;-1.397261023521423340e-01
-1.300252825021743774e-01;-6.815128922462463379e-01;-3.121601045131683350e-01
-1.076640933752059937e-01;-5.761042237281799316e-01;-6.913471221923828125e-02
7.849094271659851074e-02;-5.229009389877319336e-01;-1.906383633613586426e-01
-1.275318861007690430e-02;-6.399918794631958008e-01;-5.265520513057708740e-02
-2.702724635601043701e-01;-5.842079520225524902e-01;-3.057560920715332031e-01
-2.554770410060882568e-01;-6.014231443405151367e-01;-3.536433279514312744e-01
1.727847158908843994e-01;-6.050273776054382324e-01;-1.139161363244056702e-01
-3.047097921371459961e-01;-3.949818015098571777e-02;4.667209088802337646e-01
-3.796750307083129883e-01;-1.719273924827575684e-01;5.123465657234191895e-01
-3.797374367713928223e-01;-1.719615757465362549e-01;5.123285651206970215e-01
-3.906608223915100098e-01;-3.451686501502990723e-01;4.462010562419891357e-01
-3.796927332878112793e-01;-1.719512343406677246e-01;5.123216509819030762e-01
-1.977329701185226440e-01;-2.385075241327285767e-01;4.097566604614257812e-01
-3.797493278980255127e-01;-1.719323694705963135e-01;5.123214721679687500e-01
-2.032923251390457153e-01;-1.065618842840194702e-01;3.759912252426147461e-01
-3.797439336776733398e-01;-1.719195842742919922e-01;5.123839378356933594e-01
-3.797212839126586914e-01;-1.719299852848052979e-01;5.123429298400878906e-01
2.409749627113342285e-01;-7.998350262641906738e-01;-3.955074548721313477e-01
2.565931081771850586e-01;-7.874172329902648926e-01;-4.426950514316558838e-01
2.565799951553344727e-01;-7.874278426170349121e-01;-4.426953494548797607e-01
2.497987896203994751e-01;-7.943952679634094238e-01;-4.196053445339202881e-01
2.565855085849761963e-01;-7.874233126640319824e-01;-4.426968097686767578e-01
2.480982095003128052e-01;-7.416356801986694336e-01;-3.898127079010009766e-01
2.565775811672210693e-01;-7.874222993850708008e-01;-4.426994919776916504e-01
2.093419134616851807e-01;-7.702577710151672363e-01;-4.614526033401489258e-01
2.565720379352569580e-01;-7.874185442924499512e-01;-4.426789283752441406e-01
2.565815448760986328e-01;-7.874215841293334961e-01;-4.426939189434051514e-01
-3.322037756443023682e-01;-4.766725003719329834e-01;4.096194505691528320e-01
-3.183577060699462891e-01;-7.315802574157714844e-01;4.965930581092834473e-01
-3.183676600456237793e-01;-7.315782308578491211e-01;4.965867996215820312e-01
-1.986142992973327637e-01;-7.940089106559753418e-01;4.946670532226562500e-01
-3.183584511280059814e-01;-7.315826416015625000e-01;4.965876340866088867e-01
-2.878516912460327148e-02;-7.873600125312805176e-01;4.965960979461669922e-01
-3.183771371841430664e-01;-7.315793037414550781e-01;4.965834021568298340e-01
-1.984113156795501709e-01;-6.631773710250854492e-01;4.117597341537475586e-01
-3.183663487434387207e-01;-7.315762639045715332e-01;4.965949952602386475e-01
-3.183676302433013916e-01;-7.315787672996520996e-01;4.965915679931640625e-01
1.649452596902847290e-01;-5.463002920150756836e-01;1.290564984083175659e-02
-9.249453432857990265e-03;-5.235300660133361816e-01;6.736728549003601074e-02
-9.313295595347881317e-03;-5.235463380813598633e-01;6.734262406826019287e-02
1.438874155282974243e-01;-6.379114389419555664e-01;6.903734058141708374e-02
-9.272803552448749542e-03;-5.235625505447387695e-01;6.734368950128555298e-02
1.169248670339584351e-01;-5.401465296745300293e-01;-2.368971705436706543e-03
-9.325706399977207184e-03;-5.235334038734436035e-01;6.732419133186340332e-02
-2.392300963401794434e-02;-6.372457146644592285e-01;-6.265428662300109863e-02
-9.286447428166866302e-03;-5.235289335250854492e-01;6.739507615566253662e-02
-9.272880852222442627e-03;-5.235444307327270508e-01;6.735426187515258789e-02
-2.529640793800354004e-01;5.500608682632446289e-01;4.610010385513305664e-01
-3.871485292911529541e-01;3.543622493743896484e-01;4.723753929138183594e-01
-3.871091306209564209e-01;3.543818295001983643e-01;4.723772108554840088e-01
-4.114245772361755371e-01;9.272032976150512695e-02;4.470728337764739990e-01
-3.871221840381622314e-01;3.543939292430877686e-01;4.723840653896331787e-01
-2.528885006904602051e-01;2.431511282920837402e-01;3.255534470081329346e-01
-3.871113061904907227e-01;3.543709516525268555e-01;4.723859131336212158e-01
-2.470883280038833618e-01;4.013231098651885986e-01;3.955836892127990723e-01
-3.871300518512725830e-01;3.543752431869506836e-01;4.723553955554962158e-01
-3.871338665485382080e-01;3.543829321861267090e-01;4.723791778087615967e-01
2.521651424467563629e-02;8.627442717552185059e-01;3.367440029978752136e-02
-2.176368050277233124e-02;8.584584593772888184e-01;-9.841115213930606842e-03
-2.174718305468559265e-02;8.584703803062438965e-01;-9.837941266596317291e-03
-6.333460658788681030e-02;6.475013494491577148e-01;-1.159987226128578186e-01
-2.176793850958347321e-02;8.584477305412292480e-01;-9.832569397985935211e-03
1.284520924091339111e-01;7.340017557144165039e-01;-3.787927329540252686e-02
-2.173625864088535309e-02;8.584496974945068359e-01;-9.843160398304462433e-03
1.619309186935424805e-03;6.448044776916503906e-01;8.004261553287506104e-02
-2.171725034713745117e-02;8.584432005882263184e-01;-9.854267351329326630e-03
-2.173204347491264343e-02;8.584462404251098633e-01;-9.837535209953784943e-03
-3.119491636753082275e-01;-1.355899870395660400e-01;-3.579012155532836914e-01
-2.337749004364013672e-01;-2.703461050987243652e-01;-3.148148655891418457e-01
-2.337687015533447266e-01;-2.703424096107482910e-01;-3.148153424263000488e-01
-2.032579928636550903e-01;-3.334244489669799805e-01;-2.053021788597106934e-01
-2.337668538093566895e-01;-2.703439891338348389e-01;-3.148213624954223633e-01
-2.049939334392547607e-01;-1.193521767854690552e-01;-1.901056468486785889e-01
-2.337729483842849731e-01;-2.703442275524139404e-01;-3.148202002048492432e-01
-2.782119512557983398e-01;-2.994133234024047852e-01;-4.638502001762390137e-01
-2.337661087512969971e-01;-2.703425586223602295e-01;-3.148312568664550781e-01
-2.337765097618103027e-01;-2.703452706336975098e-01;-3.148223757743835449e-01
1.463623642921447754e-01;4.279052019119262695e-01;-1.208175197243690491e-01
1.968872994184494019e-01;3.336067497730255127e-01;-2.176652401685714722e-01
1.968685537576675415e-01;3.335965573787689209e-01;-2.176698893308639526e-01
2.505249679088592529e-01;3.449177145957946777e-01;-1.653996407985687256e-01
1.968786865472793579e-01;3.336000740528106689e-01;-2.176686525344848633e-01
2.555675804615020752e-01;1.687273234128952026e-01;-1.550727784633636475e-01
1.968793123960494995e-01;3.335989713668823242e-01;-2.176676690578460693e-01
2.183747738599777222e-01;3.295370340347290039e-01;-5.801561474800109863e-02
1.968722194433212280e-01;3.336052000522613525e-01;-2.176619321107864380e-01
1.968727707862854004e-01;3.335998356342315674e-01;-2.176733165979385376e-01
2.430329769849777222e-01;8.046441674232482910e-01;4.053218960762023926e-01
2.459768354892730713e-01;8.034034371376037598e-01;4.212262928485870361e-01
2.460195869207382202e-01;8.034169673919677734e-01;4.212339222431182861e-01
2.062809914350509644e-01;7.848893404006958008e-01;5.012049674987792969e-01
2.459950745105743408e-01;8.034248352050781250e-01;4.212456941604614258e-01
2.210783958435058594e-01;5.800774693489074707e-01;2.450141608715057373e-01
2.460177242755889893e-01;8.034108281135559082e-01;4.212416708469390869e-01
1.125976443290710449e-02;7.965306043624877930e-01;5.044530630111694336e-01
2.459983974695205688e-01;8.034054636955261230e-01;4.212144017219543457e-01
2.459998577833175659e-01;8.034180402755737305e-01;4.212356209754943848e-01
2.542282044887542725e-01;-7.295426726341247559e-02;1.917252838611602783e-01
2.021567821502685547e-01;-1.438308656215667725e-01;2.573135793209075928e-01
2.020891010761260986e-01;-1.438827812671661377e-01;2.572983205318450928e-01
7.199771702289581299e-02;-1.487025320529937744e-01;1.676431894302368164e-01
2.021313607692718506e-01;-1.438535451889038086e-01;2.572879493236541748e-01
2.256972342729568481e-01;-1.906184554100036621e-01;1.062804907560348511e-01
2.020811885595321655e-01;-1.438359767198562622e-01;2.572978138923645020e-01
2.599076628684997559e-01;-2.414509057998657227e-01;2.469079643487930298e-01
2.020664513111114502e-01;-1.438265442848205566e-01;2.573624253273010254e-01
2.021000981330871582e-01;-1.438318341970443726e-01;2.573156356811523438e-01
1.954738944768905640e-01;-3.178551495075225830e-01;-8.777195215225219727e-02
1.892859935760498047e-01;-4.137123525142669678e-01;-2.208697944879531860e-01
1.892583370208740234e-01;-4.137300848960876465e-01;-2.208658456802368164e-01
8.186061680316925049e-02;-5.218108892440795898e-01;-1.902395039796829224e-01
1.892625093460083008e-01;-4.137313067913055420e-01;-2.208746373653411865e-01
2.168940603733062744e-01;-4.886791110038757324e-01;-8.975444734096527100e-02
1.892634928226470947e-01;-4.137265086174011230e-01;-2.208726853132247925e-01
2.224307060241699219e-01;-4.187422394752502441e-01;-1.378295123577117920e-01
1.892586201429367065e-01;-4.137201011180877686e-01;-2.208521366119384766e-01
1.892652064561843872e-01;-4.137274324893951416e-01;-2.208703160285949707e-01
-1.676647067070007324e-01;4.977802932262420654e-01;3.676366209983825684e-01
-7.830375432968139648e-02;4.609064757823944092e-01;3.410786390304565430e-01
-7.833946496248245239e-02;4.608891606330871582e-01;3.410715758800506592e-01
-1.372714936733245850e-01;3.075571358203887939e-01;3.152043819427490234e-01
-7.832241058349609375e-02;4.608839154243469238e-01;3.410627841949462891e-01
1.731260865926742554e-02;5.312759280204772949e-01;2.095325291156768799e-01
-7.836057245731353760e-02;4.609008431434631348e-01;3.410568833351135254e-01
-2.500084936618804932e-01;4.055766463279724121e-01;3.880659341812133789e-01
-7.833702862262725830e-02;4.609022736549377441e-01;3.410961329936981201e-01
-7.833097130060195923e-02;4.608970582485198975e-01;3.410741984844207764e-01
1.072978153824806213e-01;-7.164129614830017090e-01;3.598293289542198181e-02
-5.319416150450706482e-02;-8.340327739715576172e-01;-5.529566109180450439e-02
-5.322065949440002441e-02;-8.340419530868530273e-01;-5.529785901308059692e-02
-9.244063496589660645e-02;-8.211714029312133789e-01;-4.502306878566741943e-02
-5.321361497044563293e-02;-8.340429067611694336e-01;-5.529975146055221558e-02
-7.464547455310821533e-02;-7.735507488250732422e-01;1.189800798892974854e-01
-5.320613086223602295e-02;-8.340439200401306152e-01;-5.529918149113655090e-02
-1.595610380172729492e-02;-6.319117546081542969e-01;-6.306886672973632812e-02
-5.320842191576957703e-02;-8.340366482734680176e-01;-5.528755486011505127e-02
-5.320886150002479553e-02;-8.340449929237365723e-01;-5.530212819576263428e-02
-2.239476293325424194e-01;7.574089765548706055e-01;4.368892014026641846e-01
-4.507606029510498047e-01;7.042654156684875488e-01;5.484884977340698242e-01
-4.507405757904052734e-01;7.042801976203918457e-01;5.484837889671325684e-01
-4.055366516113281250e-01;3.679045736789703369e-01;4.864243268966674805e-01
-4.507428109645843506e-01;7.042897343635559082e-01;5.484864711761474609e-01
-2.549231350421905518e-01;5.455570220947265625e-01;4.629292190074920654e-01
-4.507328569889068604e-01;7.042710185050964355e-01;5.484944581985473633e-01
-2.865538597106933594e-01;6.913284063339233398e-01;4.700111448764801025e-01
-4.507471919059753418e-01;7.042796015739440918e-01;5.484650135040283203e-01
-4.507552981376647949e-01;7.042788863182067871e-01;5.484831929206848145e-01
-2.104601860046386719e-01;7.901497185230255127e-02;-1.947968602180480957e-01
-5.693647637963294983e-02;-4.589165374636650085e-02;-2.120438516139984131e-01
-5.694975703954696655e-02;-4.590024054050445557e-02;-2.120520770549774170e-01
-2.807606384158134460e-02;-9.477731585502624512e-02;-1.370247006416320801e-01
-5.693682655692100525e-02;-4.590189456939697266e-02;-2.120501101016998291e-01
4.484475031495094299e-02;-3.290627151727676392e-03;-1.995351463556289673e-01
-5.695696920156478882e-02;-4.589330404996871948e-02;-2.120516300201416016e-01
-2.064388543367385864e-01;-1.207626461982727051e-01;-1.864219903945922852e-01
-5.695451796054840088e-02;-4.589006304740905762e-02;-2.120305597782135010e-01
-5.694571137428283691e-02;-4.589156433939933777e-02;-2.120431065559387207e-01
-1.305609047412872314e-01;-6.794556975364685059e-01;-3.128462135791778564e-01
-4.177334532141685486e-02;-7.904267311096191406e-01;-4.573921263217926025e-01
-4.187016189098358154e-02;-7.904792428016662598e-01;-4.574054777622222900e-01
1.702294498682022095e-02;-7.945404648780822754e-01;-4.330132007598876953e-01
-4.183039069175720215e-02;-7.904901504516601562e-01;-4.574194550514221191e-01
1.893970966339111328e-01;-7.801396846771240234e-01;-4.532700479030609131e-01
-4.188413545489311218e-02;-7.904473543167114258e-01;-4.574251174926757812e-01
-2.561067938804626465e-01;-8.078224658966064453e-01;-4.055908322334289551e-01
-4.186610132455825806e-02;-7.904438972473144531e-01;-4.573229253292083740e-01
-4.183048382401466370e-02;-7.904542684555053711e-01;-4.573851525783538818e-01
1.436042636632919312e-01;6.668167710304260254e-01;-1.584594249725341797e-01
4.390809312462806702e-02;5.701138377189636230e-01;-1.182316988706588745e-01
4.402306675910949707e-02;5.701631307601928711e-01;-1.182097196578979492e-01
-3.199047595262527466e-02;6.372497677803039551e-01;-1.714350581169128418e-01
4.396618157625198364e-02;5.701637268066406250e-01;-1.181996539235115051e-01
1.704182028770446777e-01;5.121362805366516113e-01;-9.348497539758682251e-02
4.400989413261413574e-02;5.701384544372558594e-01;-1.182003617286682129e-01
1.293763518333435059e-01;5.681021213531494141e-01;-2.445596456527709961e-02
4.399550706148147583e-02;5.701227784156799316e-01;-1.182798445224761963e-01
4.397873952984809875e-02;5.701469182968139648e-01;-1.182169765233993530e-01
2.296771705150604248e-01;-4.246071875095367432e-01;1.680549085140228271e-01
2.312784940004348755e-01;-5.959409475326538086e-01;2.263405472040176392e-01
2.311643064022064209e-01;-5.959981679916381836e-01;2.263158857822418213e-01
2.206461429595947266e-01;-6.304878592491149902e-01;1.878829598426818848e-01
2.312304824590682983e-01;-5.960059165954589844e-01;2.262955904006958008e-01
1.519582420587539673e-01;-6.350670456886291504e-01;7.547052204608917236e-02
2.311367243528366089e-01;-5.959513187408447266e-01;2.262968719005584717e-01
1.289795935153961182e-01;-6.852939128875732422e-01;1.478671878576278687e-01
2.311649322509765625e-01;-5.959441661834716797e-01;2.264102250337600708e-01
2.312040030956268311e-01;-5.959597229957580566e-01;2.263369709253311157e-01
-4.449837505817413330e-01;-3.762004971504211426e-01;5.302740931510925293e-01
-4.833257198333740234e-01;-5.072273612022399902e-01;5.759419202804565430e-01
-4.832997918128967285e-01;-5.072157979011535645e-01;5.759356021881103516e-01
-3.163159489631652832e-01;-7.269637584686279297e-01;5.103078484535217285e-01
-4.832945168018341064e-01;-5.071870088577270508e-01;5.759416222572326660e-01
-3.179900050163269043e-01;-5.245829820632934570e-01;4.229905009269714355e-01
-4.832854866981506348e-01;-5.072192549705505371e-01;5.759590268135070801e-01
-3.850299119949340820e-01;-3.743753433227539062e-01;4.699670672416687012e-01
-4.833207130432128906e-01;-5.072034597396850586e-01;5.759167075157165527e-01
-4.833295345306396484e-01;-5.072069168090820312e-01;5.759288072586059570e-01
