-3.797109127044677734e-01;-1.719318181276321411e-01;5.123581290245056152e-01
-3.699710071086883545e-01;4.058826342225074768e-02;-4.775677323341369629e-01
-4.581832587718963623e-01;7.726316154003143311e-02;-5.031794309616088867e-01
-4.451660513877868652e-01;-3.784298896789550781e-01;5.256218314170837402e-01
-3.871269524097442627e-01;3.543708622455596924e-01;4.723613262176513672e-01
-2.912964224815368652e-01;-4.283412545919418335e-02;4.592124521732330322e-01
1.782956719398498535e-01;-1.857184171676635742e-01;7.410143502056598663e-03
1.813069432973861694e-01;-1.957238167524337769e-01;3.453658148646354675e-02
2.030909508466720581e-01;5.301875993609428406e-02;-4.827032610774040222e-02
-2.928811907768249512e-01;-1.724471449851989746e-01;-4.604434967041015625e-01
1.840642988681793213e-01;2.731516063213348389e-01;-5.367321893572807312e-03
1.941587477922439575e-01;2.828713953495025635e-01;6.689120084047317505e-02
-2.376441806554794312e-01;2.690327912569046021e-02;3.449734449386596680e-01
-3.178104758262634277e-01;-1.341162770986557007e-01;-3.666436672210693359e-01
2.059622555971145630e-01;-2.469418793916702271e-01;-5.393113940954208374e-02
2.075357437133789062e-01;2.418901175260543823e-01;9.179031103849411011e-02
-3.092572391033172607e-01;-4.873952567577362061e-01;-4.306304454803466797e-01
1.849781572818756104e-01;3.680546581745147705e-01;-3.856881521642208099e-03
-3.882165849208831787e-01;-3.823557794094085693e-01;4.688104987144470215e-01
-2.253502905368804932e-01;3.803406655788421631e-02;-3.729046583175659180e-01
2.239868342876434326e-01;-1.951470971107482910e-01;1.162139400839805603e-01
-4.046459496021270752e-01;-2.840412557125091553e-01;-4.221420288085937500e-01
-2.337711751461029053e-01;-2.703432440757751465e-01;-3.148202300071716309e-01
2.030241936445236206e-01;-3.306276500225067139e-01;8.585819602012634277e-02
2.121707499027252197e-01;3.342724442481994629e-01;-6.647601723670959473e-02
1.861474066972732544e-01;-4.405192732810974121e-01;2.149667218327522278e-02
-4.507485628128051758e-01;7.042770385742187500e-01;5.484703183174133301e-01
9.249476343393325806e-02;1.041294932365417480e-01;7.848198711872100830e-02
7.633037120103836060e-02;-5.183510854840278625e-02;-3.343952447175979614e-02
8.474165946245193481e-02;1.500476710498332977e-02;7.355881482362747192e-02
-2.417867630720138550e-01;-4.169153422117233276e-02;-4.185696244239807129e-01
-1.432288438081741333e-01;1.140405833721160889e-01;2.733944356441497803e-01
-2.509648799896240234e-01;1.732871085405349731e-01;4.524708092212677002e-01
-2.494440972805023193e-01;2.585910074412822723e-02;-2.870906293392181396e-01
-3.609400391578674316e-01;5.839225649833679199e-01;-4.225021302700042725e-01
-2.452493011951446533e-01;4.325683414936065674e-01;-3.232901394367218018e-01
-4.166077077388763428e-01;9.213250130414962769e-02;4.498969316482543945e-01
-4.833119809627532959e-01;-5.072123408317565918e-01;5.759177803993225098e-01
-2.961566150188446045e-01;-5.869694352149963379e-01;-4.605223536491394043e-01
-1.332403868436813354e-01;2.283557951450347900e-01;3.129625618457794189e-01
-3.183631002902984619e-01;-7.315796613693237305e-01;4.965926706790924072e-01
1.893136799335479736e-01;-5.406060814857482910e-01;1.754570566117763519e-02
-5.694228038191795349e-02;-4.589365050196647644e-02;-2.120406776666641235e-01
-2.593982517719268799e-01;2.460557967424392700e-01;3.231844305992126465e-01
-1.401302218437194824e-01;3.069826066493988037e-01;3.157165348529815674e-01
-1.866875290870666504e-01;-2.363677173852920532e-01;3.993843197822570801e-01
2.420538663864135742e-01;-2.274520546197891235e-01;-1.194115355610847473e-01
3.020513989031314850e-02;1.865377128124237061e-01;-1.032596826553344727e-01
2.562766969203948975e-01;-7.834029197692871094e-01;4.900905191898345947e-01
2.545590698719024658e-01;8.011080622673034668e-01;-4.488419294357299805e-01
-4.146228134632110596e-01;-1.072083860635757446e-01;4.598467051982879639e-01
6.283163279294967651e-02;-1.567522287368774414e-01;1.646242886781692505e-01
9.963622316718101501e-03;4.703452438116073608e-02;2.051194608211517334e-01
-3.796475827693939209e-01;2.369526773691177368e-01;-3.745886683464050293e-01
-3.394364714622497559e-01;6.041032075881958008e-01;4.999338984489440918e-01
-4.146808758378028870e-02;-9.286095947027206421e-02;-1.391096562147140503e-01
2.512235939502716064e-01;8.071557283401489258e-01;-4.306266903877258301e-01
-2.730223350226879120e-02;-7.910010814666748047e-01;4.900847375392913818e-01
-1.999826431274414062e-01;3.502354025840759277e-01;-3.691452145576477051e-01
2.534951269626617432e-01;-7.876662611961364746e-01;-4.376818239688873291e-01
1.641985476016998291e-01;-5.959095433354377747e-02;1.765858530998229980e-01
2.187283039093017578e-01;-4.922221302986145020e-01;-9.625092893838882446e-02
2.520634233951568604e-01;-7.900588512420654297e-01;4.709414839744567871e-01
-3.213538527488708496e-01;2.393648177385330200e-01;-3.167013227939605713e-01
3.856853814795613289e-03;2.380070388317108154e-01;-7.842560857534408569e-02
-1.701257675886154175e-01;-2.719017863273620605e-01;2.333464771509170532e-01
-2.482247799634933472e-01;5.531871914863586426e-01;4.491535723209381104e-01
-2.554770410060882568e-01;-6.014231443405151367e-01;-3.536433279514312744e-01
-2.791065275669097900e-01;6.997479200363159180e-01;4.574306309223175049e-01
2.048402428627014160e-01;8.006275296211242676e-01;4.900877475738525391e-01
2.060928568243980408e-02;-4.043932557106018066e-01;1.155641153454780579e-01
2.311530560255050659e-01;-4.212591052055358887e-01;1.566981971263885498e-01
-1.178119704127311707e-01;-6.480886042118072510e-02;3.530921041965484619e-01
-1.336068511009216309e-01;2.425880879163742065e-01;-3.242505192756652832e-01
-1.579301804304122925e-02;-2.929703891277313232e-01;-1.357763558626174927e-01
1.995576173067092896e-01;5.931316018104553223e-01;7.751860469579696655e-02
1.926831752061843872e-01;-7.824801802635192871e-01;-4.573523104190826416e-01
2.494694739580154419e-01;-7.948141694068908691e-01;-4.184182584285736084e-01
1.389544755220413208e-01;4.277269840240478516e-01;-1.247372329235076904e-01
7.818868756294250488e-02;2.995004057884216309e-01;1.787749528884887695e-01
2.145852744579315186e-01;8.036656379699707031e-01;-4.337396919727325439e-01
3.088304772973060608e-02;2.216984927654266357e-01;2.039244174957275391e-01
-2.512081563472747803e-01;-3.002566993236541748e-01;-4.574080705642700195e-01
-2.304211258888244629e-01;4.063851833343505859e-01;4.483149051666259766e-01
2.298489511013031006e-01;4.917972981929779053e-01;1.656478792428970337e-01
-2.702724635601043701e-01;-5.842079520225524902e-01;-3.057560920715332031e-01
2.596573531627655029e-01;1.909307204186916351e-03;-1.503096967935562134e-01
4.546988382935523987e-02;-2.809803001582622528e-03;-1.962612718343734741e-01
-2.797341942787170410e-01;7.560730576515197754e-01;-4.350705742835998535e-01
2.064669430255889893e-01;6.096652150154113770e-01;1.084135845303535461e-01
-2.270639240741729736e-01;4.430218338966369629e-01;-4.146345257759094238e-01
-3.283081054687500000e-01;4.655639529228210449e-01;-3.214523196220397949e-01
-9.274200536310672760e-03;-5.235294103622436523e-01;6.737147271633148193e-02
2.578224241733551025e-01;1.706581562757492065e-01;-1.553322076797485352e-01
-1.298259645700454712e-01;4.051480889320373535e-01;2.357116788625717163e-01
2.378618717193603516e-01;7.921327948570251465e-01;4.495112299919128418e-01
-1.681016944348812103e-02;4.945911169052124023e-01;2.680567279458045959e-02
-2.198886424303054810e-01;7.612902671098709106e-02;-2.047380357980728149e-01
-2.143543958663940430e-01;-1.193077787756919861e-01;-1.978995352983474731e-01
2.456984072923660278e-01;8.167342543601989746e-01;4.301114380359649658e-01
-1.811089515686035156e-01;-4.326208233833312988e-01;2.279344946146011353e-01
2.495433986186981201e-01;3.439308702945709229e-01;-1.658160239458084106e-01
-4.235522449016571045e-02;-2.266397774219512939e-01;2.824902832508087158e-01
-8.224861323833465576e-02;-2.867961525917053223e-01;-1.085891574621200562e-01
-3.818671703338623047e-01;-7.261379957199096680e-01;-4.335805177688598633e-01
-4.098958894610404968e-02;2.646532356739044189e-01;4.496785625815391541e-02
-1.249067857861518860e-01;-3.879152536392211914e-01;3.492222726345062256e-01
-7.720618695020675659e-02;-2.402610331773757935e-01;1.280725002288818359e-01
4.221857711672782898e-02;-1.931564062833786011e-01;-2.059357017278671265e-01
-2.130031436681747437e-01;-3.324348628520965576e-01;-2.084087282419204712e-01
2.428861856460571289e-01;-8.072011470794677734e-01;4.141220152378082275e-01
-3.452523052692413330e-01;-6.394272446632385254e-01;3.926868438720703125e-01
2.459990382194519043e-01;8.034043908119201660e-01;4.212209582328796387e-01
2.272506505250930786e-01;7.966594696044921875e-01;-3.927810788154602051e-01
-1.550419479608535767e-01;1.273568719625473022e-01;-1.531168818473815918e-01
2.412934750318527222e-01;-8.094030618667602539e-01;4.105485677719116211e-01
2.201330661773681641e-01;-7.524858117103576660e-01;-4.573547542095184326e-01
2.431223541498184204e-01;8.188596963882446289e-01;-3.844879865646362305e-01
4.397878050804138184e-02;5.701206922531127930e-01;-1.182477176189422607e-01
1.951491832733154297e-01;6.916823983192443848e-01;-2.806185185909271240e-02
2.174027711153030396e-01;7.633139491081237793e-01;-4.377893507480621338e-01
-1.342284083366394043e-01;1.139753684401512146e-01;1.643036901950836182e-01
-4.843777418136596680e-01;1.610310077667236328e-01;5.315541625022888184e-01
-5.662886798381805420e-02;5.092099905014038086e-01;1.483012735843658447e-01
-2.432718127965927124e-01;3.701360225677490234e-01;-2.175921648740768433e-01
-1.439952570945024490e-02;6.454263925552368164e-01;6.853561848402023315e-02
-2.853489518165588379e-01;1.507515013217926025e-01;2.809674143791198730e-01
-1.970582157373428345e-01;-6.679970622062683105e-01;4.095825254917144775e-01
1.211325302720069885e-01;1.247720718383789062e-01;2.353949397802352905e-01
9.327036887407302856e-02;-7.944111824035644531e-01;4.608058333396911621e-01
2.297092676162719727e-01;-5.957853794097900391e-01;1.958921551704406738e-01
1.924785077571868896e-01;7.143863439559936523e-01;2.807664126157760620e-02
2.494317442178726196e-01;-7.453863620758056641e-01;-3.887859880924224854e-01
2.442910522222518921e-01;7.973266839981079102e-01;4.082275927066802979e-01
1.009809970855712891e-01;-7.197410464286804199e-01;4.473820701241493225e-02
-1.275318767875432968e-02;-6.399918794631958008e-01;-5.265520513057708740e-02
-2.981051616370677948e-02;-7.894467711448669434e-01;-4.573591947555541992e-01
2.401769906282424927e-01;5.275568962097167969e-01;2.152166515588760376e-01
-1.931834369897842407e-01;-8.000504970550537109e-01;4.901253581047058105e-01
9.006206877529621124e-03;4.904014170169830322e-01;-1.863174885511398315e-01
9.993503801524639130e-03;5.343717932701110840e-01;2.073403596878051758e-01
-2.185196131467819214e-01;-5.018885135650634766e-01;2.366160154342651367e-01
1.569857597351074219e-01;5.638626217842102051e-01;-1.808507293462753296e-01
2.403116673231124878e-01;8.243954181671142578e-01;3.986363708972930908e-01
-1.625293642282485962e-01;5.013291258364915848e-03;-4.065129756927490234e-01
-3.851303756237030029e-01;-2.584406137466430664e-01;3.756691217422485352e-01
2.285076975822448730e-01;-6.464631557464599609e-01;-1.789137572050094604e-01
-3.769293427467346191e-01;-5.321947857737541199e-02;-3.313733637332916260e-01
-1.026712283492088318e-01;2.100318670272827148e-01;-8.032129704952239990e-02
1.219265013933181763e-01;-6.847355365753173828e-01;1.461063325405120850e-01
-2.231779247522354126e-01;7.610372304916381836e-01;4.238254427909851074e-01
2.691436707973480225e-01;3.719203174114227295e-02;2.276747822761535645e-01
1.293853968381881714e-01;3.260397613048553467e-01;2.303379625082015991e-01
-5.653181299567222595e-02;-5.126972794532775879e-01;-2.322914302349090576e-01
2.058331668376922607e-02;6.695438623428344727e-01;1.392962634563446045e-01
2.373905628919601440e-01;-8.131784200668334961e-01;-3.556283414363861084e-01
-4.198298975825309753e-02;-5.812070369720458984e-01;-1.397261023521423340e-01
1.793736033141613007e-02;8.022601604461669922e-01;4.900880157947540283e-01
2.675557434558868408e-01;1.317056417465209961e-01;-1.971388608217239380e-01
9.430310875177383423e-02;-4.153298735618591309e-01;2.371573299169540405e-01
-2.403237968683242798e-01;6.781978011131286621e-01;2.968135178089141846e-01
-3.411569595336914062e-01;6.523562669754028320e-01;-3.205818831920623779e-01
2.677958607673645020e-01;1.245801970362663269e-01;2.309136986732482910e-01
2.381613105535507202e-01;8.269935846328735352e-01;-3.562838137149810791e-01
2.360080629587173462e-01;-8.182096481323242188e-01;3.772415220737457275e-01
-1.457501947879791260e-01;8.107082247734069824e-01;4.900468885898590088e-01
1.347219496965408325e-01;6.732314825057983398e-01;-1.629261523485183716e-01
-7.832805067300796509e-02;4.608998000621795654e-01;3.410893380641937256e-01
1.946309208869934082e-01;-7.614989280700683594e-01;4.021053910255432129e-01
7.849095016717910767e-02;-5.229009389877319336e-01;-1.906383633613586426e-01
1.276714652776718140e-01;-7.460085153579711914e-01;-3.981059491634368896e-01
2.563726305961608887e-01;3.733002245426177979e-01;2.403502315282821655e-01
-1.413616240024566650e-01;5.032634139060974121e-01;4.073131382465362549e-01
2.203160524368286133e-02;-4.670266211032867432e-01;2.574689090251922607e-01
-3.528765588998794556e-02;6.390955448150634766e-01;-1.730708777904510498e-01
9.233869612216949463e-02;7.935097813606262207e-01;-2.376384474337100983e-02
-4.101599752902984619e-01;6.573901176452636719e-01;4.207787215709686279e-01
-7.240304350852966309e-02;-6.014702320098876953e-01;-2.372254729270935059e-01
-1.076640933752059937e-01;-5.761042237281799316e-01;-6.913470476865768433e-02
2.435903102159500122e-01;-6.083928942680358887e-01;-2.494359016418457031e-01
-1.300252825021743774e-01;-6.815128922462463379e-01;-3.121601045131683350e-01
-1.064779162406921387e-01;-6.071693897247314453e-01;1.155344247817993164e-01
1.968746483325958252e-01;3.336058855056762695e-01;-2.176640331745147705e-01
-1.120129898190498352e-01;6.137723326683044434e-01;-9.772821515798568726e-02
-1.908231824636459351e-01;-2.138915807008743286e-01;-1.437797248363494873e-01
1.864487528800964355e-01;-3.397461473941802979e-01;2.473541498184204102e-01
1.892635077238082886e-01;-4.137192070484161377e-01;-2.208578139543533325e-01
-1.541767865419387817e-01;-7.482611387968063354e-02;-4.057478010654449463e-01
2.348797768354415894e-01;8.349264860153198242e-01;3.661657571792602539e-01
-4.869524240493774414e-01;4.261119365692138672e-01;5.228406786918640137e-01
-5.321011692285537720e-02;-8.340331315994262695e-01;-5.529375001788139343e-02
3.908793628215789795e-02;8.760349154472351074e-01;3.444321826100349426e-02
1.993635296821594238e-01;-2.473609000444412231e-01;-2.188429385423660278e-01
1.319570690393447876e-01;7.603974938392639160e-01;-1.452187746763229370e-01
-4.336959123611450195e-01;-4.360776245594024658e-01;4.279741346836090088e-01
2.021097391843795776e-01;-1.438414603471755981e-01;2.573352158069610596e-01
-1.517492234706878662e-01;-8.023124933242797852e-01;-4.250646382570266724e-02
-2.143535614013671875e-01;-3.940465152263641357e-01;4.900903999805450439e-01
-2.625413835048675537e-01;-8.063660264015197754e-01;3.475096523761749268e-01
-1.173200458288192749e-01;-7.347618937492370605e-01;3.871003687381744385e-01
-3.748383820056915283e-01;1.129213869571685791e-01;-4.788997173309326172e-01
-3.714304566383361816e-01;2.638215422630310059e-01;-4.789981245994567871e-01
-2.662341892719268799e-01;4.000699147582054138e-02;3.970946371555328369e-01
1.413084566593170166e-01;-1.850716397166252136e-02;2.515148185193538666e-02
-2.785668671131134033e-01;3.253494799137115479e-01;3.975346088409423828e-01
-2.649892568588256836e-01;-7.921602576971054077e-02;-4.580068886280059814e-01
1.307003051042556763e-01;2.438957989215850830e-02;-1.268041133880615234e-02
1.596608906984329224e-01;-2.046486586332321167e-01;5.007966980338096619e-02
1.810525208711624146e-01;2.315431237220764160e-01;7.441676408052444458e-02
1.786588281393051147e-01;-5.331490561366081238e-02;-6.142091378569602966e-02
1.307730376720428467e-01;1.376224756240844727e-01;-1.723689772188663483e-02
2.109110802412033081e-01;-1.004060730338096619e-01;1.015875935554504395e-01
1.799304932355880737e-01;1.639997214078903198e-01;-6.636131554841995239e-02
1.270513236522674561e-01;2.843326330184936523e-01;1.189826428890228271e-02
-3.310875892639160156e-01;-4.008291065692901611e-01;4.192571640014648438e-01
1.219054162502288818e-01;-3.095840811729431152e-01;-7.802493404597043991e-03
2.296438813209533691e-01;3.838244825601577759e-02;1.263124942779541016e-01
1.499940156936645508e-01;-3.164215087890625000e-01;-4.825378954410552979e-02
1.334933191537857056e-01;-3.577143549919128418e-01;2.443459257483482361e-02
2.059322148561477661e-01;-2.921064496040344238e-01;1.043117642402648926e-01
-3.951750099658966064e-01;-3.325999379158020020e-01;4.517017602920532227e-01
-2.474264949560165405e-01;4.046931564807891846e-01;3.857948780059814453e-01
-1.968033909797668457e-01;-1.074392050504684448e-01;3.706159293651580811e-01
1.886707544326782227e-01;-3.295606076717376709e-01;-8.474396169185638428e-02
2.001338303089141846e-01;-3.935050070285797119e-01;1.061648055911064148e-01
1.218326389789581299e-01;4.671638011932373047e-01;-2.400703355669975281e-02
2.339564412832260132e-01;-5.028614774346351624e-02;-1.155597269535064697e-01
-3.120779991149902344e-01;-5.245375633239746094e-01;4.098246097564697266e-01
1.697004884481430054e-01;-4.623613953590393066e-01;-8.106911927461624146e-02
2.565833330154418945e-01;-7.874209284782409668e-01;-4.426897764205932617e-01
2.555896043777465820e-01;8.056533336639404297e-01;-4.381484985351562500e-01
2.287023365497589111e-01;-2.320633530616760254e-01;-1.221185550093650818e-01
2.535674870014190674e-01;8.058668971061706543e-01;-4.366817772388458252e-01
-1.424715518951416016e-01;1.512200534343719482e-01;3.589153587818145752e-01
2.589176595211029053e-01;7.967640757560729980e-01;-4.573528170585632324e-01
1.129618585109710693e-01;-5.423887372016906738e-01;-1.099334331229329109e-03
1.239443793892860413e-01;5.647183060646057129e-01;-3.758604079484939575e-02
2.509920001029968262e-01;1.611376106739044189e-01;1.726105809211730957e-01
-3.606373369693756104e-01;-7.458220720291137695e-01;-4.737613499164581299e-01
2.319149821996688843e-01;2.339379638433456421e-01;-1.292044371366500854e-01
1.736618578433990479e-01;5.111566185951232910e-01;-9.201862663030624390e-02
-1.806536018848419189e-01;-4.080258905887603760e-01;3.686368167400360107e-01
1.171269640326499939e-01;6.075642108917236328e-01;1.268182601779699326e-02
1.943193376064300537e-01;-7.824944257736206055e-01;-4.573523700237274170e-01
-2.544494569301605225e-01;-2.321139723062515259e-01;-4.577842652797698975e-01
1.533492058515548706e-01;8.050525188446044922e-01;-4.384740293025970459e-01
-2.565737664699554443e-01;-3.067642748355865479e-01;-4.575704336166381836e-01
2.126764953136444092e-01;5.066242218017578125e-01;1.423877328634262085e-01
1.908703446388244629e-01;5.670917034149169922e-01;1.147106587886810303e-01
2.083609551191329956e-01;8.090500831604003906e-01;-4.161511063575744629e-01
2.183479517698287964e-01;-4.252122640609741211e-01;-1.425929963588714600e-01
1.501481682062149048e-01;-6.395039558410644531e-01;6.867346167564392090e-02
2.180091887712478638e-01;-7.651167511940002441e-01;-4.573544859886169434e-01
2.475898265838623047e-01;-8.011358380317687988e-01;-3.981528580188751221e-01
2.610909342765808105e-01;-7.814928889274597168e-02;1.974054723978042603e-01
-1.680912971496582031e-01;4.976453483104705811e-01;3.678921759128570557e-01
2.405250817537307739e-01;3.497979044914245605e-01;-1.671752780675888062e-01
2.070103883743286133e-01;5.991777777671813965e-01;1.521560996770858765e-01
1.727847158908843994e-01;-6.050273776054382324e-01;-1.139161363244056702e-01
-2.662625014781951904e-01;8.221411108970642090e-01;-4.267120659351348877e-01
-2.400194853544235229e-01;4.899805188179016113e-01;-4.573471546173095703e-01
-7.696835696697235107e-02;-1.064330562949180603e-01;3.468915224075317383e-01
1.709268093109130859e-01;7.547972202301025391e-01;-4.573546350002288818e-01
1.532094478607177734e-01;-7.980585098266601562e-01;-4.088193476200103760e-01
1.151553913950920105e-01;-6.796166300773620605e-01;-4.478093236684799194e-02
5.186809226870536804e-02;8.011525869369506836e-01;-4.573586285114288330e-01
2.162666469812393188e-01;-6.280620694160461426e-01;1.851815432310104370e-01
2.469596713781356812e-01;8.226542472839355469e-01;-3.731008172035217285e-01
-4.183555021882057190e-02;-7.904470562934875488e-01;-4.573596417903900146e-01
2.498526424169540405e-01;-7.375622391700744629e-01;-3.879791498184204102e-01
1.725906282663345337e-01;6.823701858520507812e-01;-1.331900805234909058e-01
1.108788326382637024e-01;7.302168607711791992e-01;-5.271521955728530884e-02
2.312096357345581055e-01;-5.959557890892028809e-01;2.263700067996978760e-01
1.766771078109741211e-01;-8.140939474105834961e-01;3.832387328147888184e-01
-2.250615805387496948e-01;7.629421949386596680e-01;-4.572376608848571777e-01
3.367036581039428711e-02;-7.947681546211242676e-01;-4.240553081035614014e-01
-8.295135200023651123e-02;-3.804772496223449707e-01;3.532651066780090332e-01
2.155352681875228882e-01;-6.825559735298156738e-01;1.987682282924652100e-01
-2.210624963045120239e-01;-8.085888624191284180e-01;-4.089742302894592285e-01
1.907241195440292358e-01;-8.085071444511413574e-01;-3.662719428539276123e-01
1.494819670915603638e-01;7.524980306625366211e-01;8.983755111694335938e-02
2.106529325246810913e-01;8.267769813537597656e-01;-3.520330786705017090e-01
-1.400883197784423828e-01;-6.607059240341186523e-01;3.680720329284667969e-01
-4.648220911622047424e-02;8.504807949066162109e-01;1.577090471982955933e-02
-2.174735255539417267e-02;8.584585189819335938e-01;-9.841513819992542267e-03
2.414582520723342896e-01;-7.489255070686340332e-01;-3.520561754703521729e-01
1.338885277509689331e-01;-7.506201863288879395e-01;-9.808164089918136597e-02
2.448559403419494629e-01;5.367170572280883789e-01;2.600565552711486816e-01
2.403741031885147095e-01;8.099184036254882812e-01;3.710373938083648682e-01
-3.740951418876647949e-01;-7.982701659202575684e-01;-3.994830846786499023e-01
2.513820528984069824e-01;-3.793703913688659668e-01;-2.154400050640106201e-01
2.625828087329864502e-01;-2.141352742910385132e-01;-2.092780470848083496e-01
2.721008062362670898e-01;4.636970907449722290e-02;2.481243461370468140e-01
9.473499655723571777e-02;-7.783089280128479004e-01;7.316224742680788040e-03
8.029535412788391113e-03;8.677253127098083496e-01;4.252008721232414246e-02
6.665164232254028320e-02;8.145651817321777344e-01;-3.931880593299865723e-01
1.560126896947622299e-02;8.695178031921386719e-01;-9.552294388413429260e-03
2.422893196344375610e-01;-5.864004492759704590e-01;2.775185406208038330e-01
-3.352892026305198669e-02;-8.405228853225708008e-01;-7.667206227779388428e-03
-3.548235893249511719e-01;8.115293383598327637e-01;-3.850163221359252930e-01
