-5.154390931129455566e-01;6.345819216221570969e-03;-4.281722903251647949e-01
7.935053706169128418e-01;6.202453374862670898e-02;-3.434672951698303223e-01
-4.311356246471405029e-01;1.334754675626754761e-01;4.010388553142547607e-01
3.684898614883422852e-01;4.233234375715255737e-02;1.832305639982223511e-01
4.567777812480926514e-01;2.602930665016174316e-01;1.975362151861190796e-01
-5.278602838516235352e-01;-3.536111414432525635e-01;4.596744850277900696e-02
-5.276386737823486328e-01;4.358388185501098633e-01;3.605777323246002197e-01
1.982675492763519287e-01;2.330015152692794800e-01;-2.483014762401580811e-01
3.356049358844757080e-01;-8.801525831222534180e-02;1.765528768301010132e-01
-2.055876106023788452e-01;3.582402765750885010e-01;-4.004679024219512939e-01
7.156758103519678116e-03;1.095405295491218567e-01;-2.792333960533142090e-01
-6.805422157049179077e-02;-8.600384462624788284e-04;2.892142832279205322e-01
-5.278381705284118652e-01;-1.915016174316406250e-01;2.961678802967071533e-01
7.948955893516540527e-01;4.402800202369689941e-01;3.847536444664001465e-01
4.856173694133758545e-01;-1.263039261102676392e-01;-2.676859796047210693e-01
-5.278630852699279785e-01;-2.801052927970886230e-01;9.552683681249618530e-02
-2.956869006156921387e-01;3.694255352020263672e-01;-6.435111910104751587e-02
-1.882669478654861450e-01;7.801470160484313965e-02;-1.763475239276885986e-01
-4.167927503585815430e-01;-1.989814043045043945e-01;-2.445101141929626465e-01
6.993050575256347656e-01;-9.821140021085739136e-02;1.523244827985763550e-01
9.933588653802871704e-02;-3.950486481189727783e-01;1.285810321569442749e-01
6.080281138420104980e-01;-3.245293498039245605e-01;-2.840142846107482910e-01
7.480550091713666916e-03;1.129390522837638855e-01;1.237573027610778809e-01
9.610350430011749268e-02;1.892504990100860596e-01;-9.199350327253341675e-02
2.182025313377380371e-01;-1.370850950479507446e-02;-2.543270885944366455e-01
-5.278390645980834961e-01;1.966799497604370117e-01;2.676728367805480957e-01
8.254749178886413574e-01;-3.053943812847137451e-01;2.748371958732604980e-01
7.065582275390625000e-02;4.361184239387512207e-01;1.671999543905258179e-01
-2.259947508573532104e-01;-3.126945793628692627e-01;2.344113886356353760e-01
-2.606231570243835449e-01;2.032962739467620850e-01;2.286538779735565186e-01
-5.278415679931640625e-01;-2.946450002491474152e-02;1.610040813684463501e-01
-9.562384337186813354e-02;-1.100420653820037842e-01;-2.402312159538269043e-01
4.397437572479248047e-01;7.533864676952362061e-02;-3.827348947525024414e-01
1.157006546854972839e-01;2.060301899909973145e-01;4.010270237922668457e-01
6.778405606746673584e-02;-2.465692311525344849e-01;-1.675236821174621582e-01
7.291641235351562500e-01;1.953496336936950684e-01;2.188028097152709961e-01
4.043361842632293701e-01;1.280881911516189575e-01;3.626043200492858887e-01
-1.563894152641296387e-01;-3.208383023738861084e-01;-6.574622541666030884e-02
-5.277931094169616699e-01;1.502817217260599136e-02;-4.281735122203826904e-01
-5.278028845787048340e-01;3.460338804870843887e-03;-3.501609861850738525e-01
5.035781264305114746e-01;-2.140271961688995361e-01;-2.220128923654556274e-01
-3.437315821647644043e-01;5.893276073038578033e-03;4.476847127079963684e-02
-4.741584062576293945e-01;-1.486755311489105225e-01;2.888694703578948975e-01
4.977173507213592529e-01;3.270278573036193848e-01;1.544332951307296753e-01
4.016888439655303955e-01;-1.590447425842285156e-01;3.277732729911804199e-01
-5.355993658304214478e-02;-3.544006049633026123e-01;-3.558513820171356201e-01
-1.139578446745872498e-01;-2.056484222412109375e-01;1.604205220937728882e-01
-1.176571771502494812e-01;-2.417796291410923004e-02;1.233336403965950012e-01
-4.032471179962158203e-01;-2.447117269039154053e-01;2.922207117080688477e-01
-5.278576612472534180e-01;2.029957026243209839e-01;6.773230619728565216e-03
2.595017850399017334e-01;3.619703054428100586e-01;7.569351792335510254e-02
-5.278369784355163574e-01;2.768948376178741455e-01;-2.267974019050598145e-01
-3.200738131999969482e-02;-1.714263409376144409e-01;-3.569877445697784424e-01
3.589084148406982422e-01;4.040848910808563232e-01;-2.307192683219909668e-01
-5.278465747833251953e-01;3.504061698913574219e-01;2.604433894157409668e-01
7.831707596778869629e-01;-1.387949436902999878e-01;-9.879293292760848999e-02
-5.277943015098571777e-01;-3.851654529571533203e-01;-3.665336966514587402e-01
3.539294600486755371e-01;-4.277704060077667236e-01;4.005095064640045166e-01
7.771803736686706543e-01;1.080355420708656311e-01;1.241659969091415405e-01
-3.600579202175140381e-01;2.523728013038635254e-01;6.471870839595794678e-02
-5.278258919715881348e-01;-1.198927760124206543e-01;3.673422038555145264e-01
-1.072132885456085205e-01;3.602830171585083008e-01;-2.499130517244338989e-01
-5.278526544570922852e-01;-2.681703567504882812e-01;-1.272365748882293701e-01
2.582998871803283691e-01;-4.277943372726440430e-01;-2.363872528076171875e-02
-5.277885198593139648e-01;3.646605312824249268e-01;-3.604039251804351807e-01
-3.708887100219726562e-01;1.058733165264129639e-01;-1.596926748752593994e-01
3.494475781917572021e-01;3.271345794200897217e-01;-3.539804220199584961e-01
1.582654267549514771e-01;-1.704605966806411743e-01;-1.318049896508455276e-02
-1.500268876552581787e-01;-5.025013908743858337e-02;2.468175441026687622e-01
2.396108061075210571e-01;2.854103147983551025e-01;-2.551755867898464203e-03
6.175381690263748169e-02;1.766263693571090698e-02;3.907356411218643188e-02
6.326310038566589355e-01;5.625893920660018921e-02;-2.478259652853012085e-01
-1.751034110784530640e-01;4.021506905555725098e-01;1.517247855663299561e-01
-5.278048515319824219e-01;-3.984836041927337646e-01;2.690976858139038086e-01
4.497362673282623291e-01;1.798495054244995117e-01;-1.831671744585037231e-01
-2.176017165184020996e-01;3.641569316387176514e-01;1.925274729728698730e-01
7.448515295982360840e-01;-1.755473464727401733e-01;-4.510824009776115417e-02
5.457314252853393555e-01;3.704805970191955566e-01;2.481733411550521851e-01
-1.755667328834533691e-01;1.322256494313478470e-02;-3.978715837001800537e-02
-4.494965970516204834e-01;-3.151959776878356934e-01;-1.462149322032928467e-01
-5.278254151344299316e-01;-2.999543547630310059e-01;-3.331106901168823242e-01
-5.278415679931640625e-01;-8.825766853988170624e-03;1.562944650650024414e-01
9.415297210216522217e-02;-1.565659940242767334e-01;-3.482834994792938232e-02
5.810128450393676758e-01;-8.290119469165802002e-02;-3.704977929592132568e-01
6.237356066703796387e-01;2.737664580345153809e-01;1.199049782007932663e-02
-1.628539264202117920e-01;2.498588413000106812e-01;-9.250402450561523438e-02
-1.042807176709175110e-01;-3.601050674915313721e-01;4.024271368980407715e-01
-5.278285741806030273e-01;1.885776035487651825e-02;2.785098552703857422e-01
5.534371137619018555e-01;1.110478267073631287e-01;2.654627263545989990e-01
7.035411000251770020e-01;-1.557060778141021729e-01;3.517570197582244873e-01
3.048725724220275879e-01;1.456282734870910645e-01;3.617626428604125977e-01
-3.271415531635284424e-01;3.629441931843757629e-02;1.749106645584106445e-01
-2.155767530202865601e-01;-8.749298751354217529e-02;-2.117056101560592651e-01
6.614404916763305664e-01;2.918614447116851807e-01;-1.025742813944816589e-01
3.137949481606483459e-02;3.242474496364593506e-01;3.022722899913787842e-01
-3.983649909496307373e-01;5.253608524799346924e-02;-2.910755872726440430e-01
2.846138179302215576e-01;1.098397970199584961e-01;-5.027376115322113037e-02
-4.672774076461791992e-01;-2.295542508363723755e-01;4.024504125118255615e-01
2.971841096878051758e-01;-2.993026077747344971e-01;-3.945942819118499756e-01
-1.703037172555923462e-01;3.243952691555023193e-01;-1.883029490709304810e-01
-5.278187990188598633e-01;1.101400703191757202e-01;4.354040026664733887e-01
4.108112752437591553e-01;-1.778002083301544189e-01;2.103934735059738159e-01
6.881621479988098145e-01;-3.971427083015441895e-01;2.159260213375091553e-02
-9.357693791389465332e-02;-1.427801400423049927e-01;-6.104025617241859436e-02
-1.787786334753036499e-01;1.732349842786788940e-01;3.295545279979705811e-01
-4.721484482288360596e-01;2.525241971015930176e-01;3.555443286895751953e-01
-5.278135538101196289e-01;-4.968289285898208618e-02;-2.850634157657623291e-01
-5.278193354606628418e-01;-1.540667414665222168e-01;-2.956843674182891846e-01
1.881763637065887451e-01;-2.624672055244445801e-01;2.460954785346984863e-01
-3.804389834403991699e-01;4.063375890254974365e-01;1.950673758983612061e-02
-5.278304219245910645e-01;2.149641215801239014e-01;-2.386153787374496460e-01
-5.278213024139404297e-01;-7.132760435342788696e-02;3.824525773525238037e-01
-5.028629302978515625e-01;-3.638256490230560303e-01;-1.965424790978431702e-02
7.856785058975219727e-01;8.505555987358093262e-02;3.102913796901702881e-01
7.078512907028198242e-01;3.685226738452911377e-01;2.312537729740142822e-01
5.335033535957336426e-01;3.698116242885589600e-01;-1.177456155419349670e-01
4.656600058078765869e-01;2.869481593370437622e-02;7.263463735580444336e-02
3.567223250865936279e-01;-1.496261507272720337e-01;-2.447654604911804199e-01
1.896368265151977539e-01;-8.931747078895568848e-02;3.976260423660278320e-01
5.792430788278579712e-02;2.185451537370681763e-01;2.856112420558929443e-01
-5.278634428977966309e-01;-2.928646504878997803e-01;8.206669986248016357e-02
-5.278332829475402832e-01;8.761492371559143066e-02;-1.635376363992691040e-01
1.846174299716949463e-01;-3.160310089588165283e-01;-8.398760110139846802e-02
1.716799736022949219e-01;-1.487176120281219482e-01;-3.961873650550842285e-01
2.071056514978408813e-02;2.875820994377136230e-01;1.294500678777694702e-01
-5.278350114822387695e-01;-1.930360198020935059e-01;3.349979817867279053e-01
8.475273102521896362e-02;-3.576582074165344238e-01;2.904135286808013916e-01
5.094838887453079224e-02;-1.499742418527603149e-01;-2.775686383247375488e-01
-5.278564691543579102e-01;3.482483923435211182e-01;1.428849697113037109e-01
4.556410610675811768e-01;3.671348094940185547e-01;-3.466258049011230469e-01
-5.278588533401489258e-01;-2.063742130994796753e-01;-2.739002555608749390e-02
6.394171714782714844e-01;-4.943350795656442642e-03;-1.001973748207092285e-01
2.806397080421447754e-01;3.293865621089935303e-01;3.590286672115325928e-01
6.122035384178161621e-01;-8.230008184909820557e-02;3.104574680328369141e-01
-5.278456807136535645e-01;3.504869760945439339e-03;1.041181907057762146e-01
-5.278197526931762695e-01;-3.194050863385200500e-02;3.782882690429687500e-01
8.228349089622497559e-01;4.130797088146209717e-01;-1.895453929901123047e-01
-5.278465747833251953e-01;-3.150401711463928223e-01;-1.573462486267089844e-01
6.041331291198730469e-01;-3.982596993446350098e-01;-2.199101299047470093e-01
-5.278310775756835938e-01;1.345619708299636841e-01;2.996855080127716064e-01
3.963234126567840576e-01;1.508058756589889526e-01;-6.091823428869247437e-02
-5.278443694114685059e-01;1.621114313602447510e-01;-1.170695573091506958e-01
-5.278412103652954102e-01;-4.018766582012176514e-01;-1.349677592515945435e-01
6.809572875499725342e-02;1.627095639705657959e-01;3.242160975933074951e-01
-5.278465747833251953e-01;3.504061698913574219e-01;2.604433894157409668e-01
2.058853805065155029e-01;-7.639475911855697632e-02;7.414907962083816528e-02
-4.219097793102264404e-01;1.111759766936302185e-01;-7.307456433773040771e-02
4.090503975749015808e-02;3.201842606067657471e-01;8.172256499528884888e-02
-5.278198719024658203e-01;2.162828445434570312e-01;-3.123155534267425537e-01
7.517690062522888184e-01;3.542206287384033203e-01;-4.071227014064788818e-01
9.173227474093437195e-03;-2.946443557739257812e-01;-3.940626680850982666e-01
-5.278502702713012695e-01;-9.806925058364868164e-02;8.557998389005661011e-02
-2.605061531066894531e-01;1.965413242578506470e-01;-3.232743442058563232e-01
-3.445404171943664551e-01;-1.367007493972778320e-01;-1.723031699657440186e-01
-5.036993026733398438e-01;1.802579909563064575e-01;-4.730305075645446777e-02
3.495739996433258057e-01;1.625250279903411865e-01;1.485963761806488037e-01
7.268667817115783691e-01;-3.868553787469863892e-02;-3.641518950462341309e-01
-5.278220772743225098e-01;-3.392893373966217041e-01;-4.124747514724731445e-01
-5.278407931327819824e-01;-3.411432206630706787e-01;2.796459794044494629e-01
3.279575407505035400e-01;-2.355859577655792236e-01;4.008646011352539062e-01
2.405147254467010498e-01;2.030340433120727539e-01;-1.121599301695823669e-01
1.160790622234344482e-01;-3.587158918380737305e-01;1.468490958213806152e-01
-5.278494954109191895e-01;-5.938307568430900574e-02;2.410305105149745941e-02
-5.278599262237548828e-01;2.315844744443893433e-01;6.048609688878059387e-02
6.290146708488464355e-01;4.128024727106094360e-02;6.890860199928283691e-02
-2.782205641269683838e-01;1.352289319038391113e-01;-3.196288347244262695e-01
3.732969462871551514e-01;-1.708395332098007202e-01;-1.130679622292518616e-02
7.427870035171508789e-01;2.049436569213867188e-01;9.229953587055206299e-02
-5.230021476745605469e-01;2.320460826158523560e-01;-3.940803706645965576e-01
1.900365054607391357e-01;1.747551262378692627e-01;1.248311102390289307e-01
3.844433426856994629e-01;1.488834619522094727e-01;-1.830055713653564453e-01
-3.511636853218078613e-01;-3.092106245458126068e-02;2.217853516340255737e-01
-2.641112804412841797e-01;2.697067148983478546e-02;2.853295505046844482e-01
7.934666275978088379e-01;-4.083863496780395508e-01;2.904659807682037354e-01
5.770019069314002991e-02;-2.557684481143951416e-01;6.331590935587882996e-03
-6.340703368186950684e-02;-5.206109583377838135e-02;2.926043048501014709e-02
-2.176407128572463989e-01;3.637790679931640625e-01;1.093177571892738342e-01
3.785538375377655029e-01;-2.862888872623443604e-01;1.874358803033828735e-01
-7.789809256792068481e-02;3.503428995609283447e-01;1.471305936574935913e-01
1.414193511009216309e-01;4.415860027074813843e-02;2.521407902240753174e-01
-5.278372764587402344e-01;-3.521625697612762451e-01;-2.116985619068145752e-01
-4.845443367958068848e-02;3.074194490909576416e-02;-3.883873820304870605e-01
9.659112989902496338e-02;1.861907243728637695e-01;2.419392205774784088e-02
-5.218338966369628906e-01;2.179999798536300659e-01;2.174877375364303589e-01
3.797686994075775146e-01;4.662037268280982971e-02;2.772623896598815918e-01
-6.411285698413848877e-02;-5.658103898167610168e-02;3.232111632823944092e-01
-6.453236937522888184e-02;3.566764295101165771e-01;-2.521929740905761719e-01
-5.278307795524597168e-01;-7.103127986192703247e-02;2.769083082675933838e-01
-3.459610342979431152e-01;-1.861618608236312866e-01;-3.940573334693908691e-01
4.899040460586547852e-01;3.916719183325767517e-02;2.501492500305175781e-01
-5.278027057647705078e-01;9.847830981016159058e-02;-3.717711269855499268e-01
3.631114661693572998e-01;3.869383931159973145e-01;-1.653666943311691284e-01
-3.120317161083221436e-01;2.515175044536590576e-01;2.574132978916168213e-01
-9.531355649232864380e-02;-2.343854308128356934e-01;-3.164407908916473389e-01
-3.074370324611663818e-02;-3.545612990856170654e-01;-3.071621432900428772e-02
-5.278409123420715332e-01;-1.369161158800125122e-01;-1.438405960798263550e-01
6.893624663352966309e-01;3.277094364166259766e-01;-2.600278258323669434e-01
-4.454120099544525146e-01;-2.379832267761230469e-01;2.103551328182220459e-01
8.271014690399169922e-01;-2.143636196851730347e-01;4.142946302890777588e-01
-7.632860448211431503e-03;3.601698577404022217e-01;-4.659561067819595337e-02
7.824327349662780762e-01;4.464350640773773193e-01;-6.464707851409912109e-02
-3.345374464988708496e-01;-1.345574408769607544e-01;-4.281618893146514893e-01
7.056242823600769043e-01;-3.655401468276977539e-01;3.146728277206420898e-01
-1.670228987932205200e-01;-4.272299408912658691e-01;-2.949460446834564209e-01
7.578878402709960938e-01;2.538838088512420654e-01;3.130141198635101318e-01
-5.278477668762207031e-01;3.287047892808914185e-02;4.497995600104331970e-02
5.276304483413696289e-01;-1.753863096237182617e-01;-4.070390164852142334e-01
-5.278304219245910645e-01;-1.558505445718765259e-01;3.480551540851593018e-01
-3.464587926864624023e-01;-4.271393418312072754e-01;2.493252456188201904e-01
2.812695503234863281e-01;4.363690912723541260e-01;-2.634866833686828613e-01
1.763931661844253540e-02;4.360666871070861816e-01;-2.370947450399398804e-01
-5.278283953666687012e-01;-3.794657289981842041e-01;-3.129721581935882568e-01
-7.173517346382141113e-02;-4.272480309009552002e-01;1.328238993883132935e-01
2.428724467754364014e-01;3.907155394554138184e-01;3.830533325672149658e-01
8.257756233215332031e-01;1.853640228509902954e-01;2.586160898208618164e-01
-5.278639793395996094e-01;4.356605708599090576e-01;3.797398135066032410e-02
-5.278598070144653320e-01;-4.269495606422424316e-01;2.452709674835205078e-01
8.238647580146789551e-01;-2.169951498508453369e-01;2.172412872314453125e-01
8.183468580245971680e-01;-1.135231405496597290e-01;-1.606094390153884888e-01
-5.275751948356628418e-01;-4.243046045303344727e-01;9.620752930641174316e-02
-5.278257727622985840e-01;-4.270990192890167236e-01;-1.828719377517700195e-01
8.109552264213562012e-01;4.399543106555938721e-01;-3.857354223728179932e-01
-5.278219580650329590e-01;1.024440303444862366e-01;3.813109099864959717e-01
7.505848407745361328e-01;4.430620670318603516e-01;2.717373669147491455e-01
-1.239713504910469055e-01;4.360546767711639404e-01;-1.709044277667999268e-01
-5.278300046920776367e-01;-2.125992327928543091e-01;-2.592222690582275391e-01
3.481382429599761963e-01;-3.468617424368858337e-02;3.818823695182800293e-01
6.621615886688232422e-01;-4.323218464851379395e-01;-4.071218967437744141e-01
-2.641065418720245361e-01;1.183112710714340210e-01;-4.281488358974456787e-01
-5.277299880981445312e-01;4.357530176639556885e-01;3.576381504535675049e-01
-5.278197526931762695e-01;-3.194050863385200500e-02;3.782882690429687500e-01
-2.004348207265138626e-03;-4.273658692836761475e-01;-1.639840006828308105e-01
2.313273251056671143e-01;4.363145232200622559e-01;-1.993493586778640747e-01
-5.278219580650329590e-01;1.024440303444862366e-01;3.813109099864959717e-01
-2.494947314262390137e-01;-1.530754566192626953e-01;-4.281597137451171875e-01
-4.338179528713226318e-01;-3.355628252029418945e-01;3.834676742553710938e-01
2.354166656732559204e-01;-3.910911083221435547e-02;-4.277027249336242676e-01
2.484459429979324341e-01;-7.306863367557525635e-02;3.826344609260559082e-01
-5.278041958808898926e-01;-7.664633914828300476e-03;-3.419769108295440674e-01
-1.749059706926345825e-01;-4.272001385688781738e-01;-3.774343729019165039e-01
-5.278588533401489258e-01;-2.063742130994796753e-01;-2.739002555608749390e-02
7.600394487380981445e-01;4.449682235717773438e-01;-1.594834625720977783e-01
7.263848185539245605e-01;-4.359967708587646484e-01;-1.091627925634384155e-01
7.487660646438598633e-01;4.453606009483337402e-01;-1.499849371612071991e-02
-2.233576327562332153e-01;-4.272223412990570068e-01;4.478111118078231812e-02
8.081350922584533691e-01;-3.161160647869110107e-01;1.033543497323989868e-01
2.153434753417968750e-01;-1.329010725021362305e-01;-4.277959465980529785e-01
-5.278106331825256348e-01;4.357222616672515869e-01;-2.907180190086364746e-01
3.656323552131652832e-01;-3.051106333732604980e-01;3.699451684951782227e-01
5.055090188980102539e-01;4.379948377609252930e-01;5.424617603421211243e-02
-2.862581312656402588e-01;-4.272145330905914307e-01;-4.281979501247406006e-01
-4.353721439838409424e-01;-4.272245168685913086e-01;-1.828313618898391724e-01
-1.626904159784317017e-01;4.359846413135528564e-01;3.837059438228607178e-01
-3.507682979106903076e-01;4.063015282154083252e-01;3.833932280540466309e-01
-3.467225730419158936e-01;-4.814231768250465393e-02;-4.281573593616485596e-01
7.006772160530090332e-01;-4.349237680435180664e-01;7.132749259471893311e-02
-5.278770327568054199e-01;-4.269419908523559570e-01;1.215351521968841553e-01
8.088276982307434082e-01;-4.334009587764739990e-01;3.016345798969268799e-01
7.045889496803283691e-01;-4.323084056377410889e-01;-3.833066523075103760e-01
-5.277958512306213379e-01;-7.133278250694274902e-02;-4.281761348247528076e-01
-5.276073217391967773e-01;4.359272122383117676e-01;-1.633731462061405182e-02
2.799353897571563721e-01;-4.276514351367950439e-01;3.159661889076232910e-01
8.012496829032897949e-01;4.057638943195343018e-01;1.019758880138397217e-01
-5.278402566909790039e-01;3.532472848892211914e-01;3.398473262786865234e-01
8.029982447624206543e-01;-4.335614442825317383e-01;-2.844140231609344482e-01
-2.555451393127441406e-01;4.360489249229431152e-01;3.424874320626258850e-02
7.986510992050170898e-01;-1.113362088799476624e-01;3.121581673622131348e-01
-2.692237198352813721e-01;-4.272118210792541504e-01;4.559499397873878479e-02
-5.278202295303344727e-01;4.058698117733001709e-01;-4.281606972217559814e-01
6.400759816169738770e-01;-2.485898286104202271e-01;3.146341741085052490e-01
1.731282472610473633e-02;4.361121654510498047e-01;-9.776106476783752441e-02
-4.811625778675079346e-01;-4.271342456340789795e-01;2.739125788211822510e-01
2.818975150585174561e-01;-4.276807904243469238e-01;-2.709096074104309082e-01
-5.278467535972595215e-01;1.893659234046936035e-01;1.904975920915603638e-01
-2.203406691551208496e-01;-9.927766025066375732e-02;3.834720551967620850e-01
8.276552557945251465e-01;2.250986918807029724e-02;-3.545821905136108398e-01
8.196876645088195801e-01;-2.630708506330847740e-03;1.068770214915275574e-01
4.478229284286499023e-01;4.374560713768005371e-01;-2.090798318386077881e-01
1.144895479083061218e-01;-4.275384545326232910e-01;8.310755342245101929e-02
3.575094938278198242e-01;1.231264173984527588e-01;-4.272464215755462646e-01
-5.276386737823486328e-01;4.358388185501098633e-01;3.605777323246002197e-01
-1.378961205482482910e-01;-7.529908418655395508e-02;3.834698796272277832e-01
-5.278007388114929199e-01;-4.142300784587860107e-01;-4.177793264389038086e-01
-3.888958990573883057e-01;-2.166843414306640625e-01;3.834531009197235107e-01
6.266345977783203125e-01;2.516731321811676025e-01;-4.071234464645385742e-01
-5.278365612030029297e-01;4.104694426059722900e-01;1.713844090700149536e-01
-5.278377532958984375e-01;1.398399472236633301e-01;-1.533621251583099365e-01
4.533387124538421631e-01;-4.287440180778503418e-01;-6.663218885660171509e-02
-5.278015136718750000e-01;1.582189053297042847e-01;-4.281679987907409668e-01
8.266888856887817383e-01;4.366171956062316895e-01;-3.480964899063110352e-01
-1.450621038675308228e-01;-4.272632300853729248e-01;-1.887010186910629272e-01
7.923712134361267090e-01;4.158545136451721191e-01;7.307139784097671509e-02
-4.408716559410095215e-01;4.360477626323699951e-01;-4.281563162803649902e-01
7.901810407638549805e-01;-3.705049455165863037e-01;-1.124831885099411011e-01
-5.278222560882568359e-01;-3.401755690574645996e-01;-4.166254401206970215e-01
-5.096169114112854004e-01;-3.316108882427215576e-02;3.833726346492767334e-01
-5.278748273849487305e-01;-4.269918501377105713e-01;-5.528813973069190979e-02
-5.278193354606628418e-01;3.548439145088195801e-01;-4.281616210937500000e-01
-4.513984918594360352e-01;-1.944915801286697388e-01;-4.281722307205200195e-01
-5.278401374816894531e-01;-3.925428390502929688e-01;-2.309117699041962624e-04
