7.689841389656066895e-01;3.950047791004180908e-01;3.432223796844482422e-01
7.653794288635253906e-01;4.109969139099121094e-01;2.577928304672241211e-01
7.656295299530029297e-01;2.361148744821548462e-01;2.866252660751342773e-01
6.039161682128906250e-01;3.748510777950286865e-01;2.702670097351074219e-01
7.146307229995727539e-01;3.011592626571655273e-01;1.615702658891677856e-01
7.548949122428894043e-01;3.874065876007080078e-01;1.127147674560546875e-01
7.684082984924316406e-01;1.743424832820892334e-01;2.471673637628555298e-01
6.950007677078247070e-01;1.937844902276992798e-01;2.134677171707153320e-01
7.536441087722778320e-01;3.772319853305816650e-01;7.116138935089111328e-02
5.652176141738891602e-01;3.738325834274291992e-01;1.426396369934082031e-01
6.434950828552246094e-01;-4.016892910003662109e-01;-3.261097967624664307e-01
7.375024557113647461e-01;-4.001334905624389648e-01;-3.279104828834533691e-01
7.662110924720764160e-01;-4.016450941562652588e-01;-2.652438879013061523e-01
5.577677488327026367e-01;-3.990157246589660645e-01;-1.982849240303039551e-01
6.685324907302856445e-01;-2.494632452726364136e-01;-2.810072898864746094e-01
5.246458649635314941e-01;-1.971160173416137695e-01;-3.814195394515991211e-01
7.557499408721923828e-01;-3.576621413230895996e-01;-1.065079867839813232e-01
5.148177742958068848e-01;-1.562099903821945190e-01;-2.256353646516799927e-01
7.484830617904663086e-01;-4.035746753215789795e-01;-4.784396290779113770e-02
6.012265086174011230e-01;-7.658216357231140137e-02;-3.469007015228271484e-01
-7.541136145591735840e-01;4.047567248344421387e-01;3.531742095947265625e-01
-7.634145021438598633e-01;4.047265946865081787e-01;2.382629066705703735e-01
-6.926645040512084961e-01;2.850549221038818359e-01;3.532913923263549805e-01
-8.336843848228454590e-01;3.887859284877777100e-01;1.597976088523864746e-01
-5.544847846031188965e-01;3.332211971282958984e-01;2.599063515663146973e-01
-7.285356521606445312e-01;3.452692925930023193e-01;1.176770627498626709e-01
-4.809532761573791504e-01;4.048295021057128906e-01;3.532589673995971680e-01
-7.492835521697998047e-01;4.046930074691772461e-01;6.616935133934020996e-02
-4.659315645694732666e-01;3.723714649677276611e-01;2.570636570453643799e-01
-8.030641078948974609e-01;1.003600358963012695e-01;3.534042835235595703e-01
-8.153449892997741699e-01;-3.965289294719696045e-01;2.315723448991775513e-01
-7.526703476905822754e-01;-3.761233985424041748e-01;2.522306740283966064e-01
-6.253634691238403320e-01;-3.965594768524169922e-01;1.188137009739875793e-01
-7.221827507019042969e-01;-1.946539133787155151e-01;2.593636214733123779e-01
-8.336167335510253906e-01;-1.920624077320098877e-01;3.231061398983001709e-01
-7.217458486557006836e-01;-2.481198757886886597e-01;8.595833182334899902e-02
-8.336584568023681641e-01;-3.653886318206787109e-01;-2.491800487041473389e-02
-5.656847953796386719e-01;-3.308384120464324951e-01;2.684516012668609619e-01
-6.509669423103332520e-01;-3.262351453304290771e-01;2.272127568721771240e-02
-6.566270589828491211e-01;-3.966178894042968750e-01;2.480164170265197754e-03
7.694228887557983398e-01;4.071286618709564209e-01;-3.722129464149475098e-01
7.670982480049133301e-01;3.651221692562103271e-01;-2.844965755939483643e-01
7.191864252090454102e-01;3.039546310901641846e-01;-3.810234069824218750e-01
6.851931810379028320e-01;3.346995115280151367e-01;-2.523692846298217773e-01
7.635262012481689453e-01;3.176063001155853271e-01;-2.000025808811187744e-01
6.439903974533081055e-01;2.339135259389877319e-01;-3.810261487960815430e-01
7.417781949043273926e-01;3.778428137302398682e-01;-1.431579440832138062e-01
7.542080283164978027e-01;4.146662056446075439e-01;-1.261097937822341919e-01
5.093919038772583008e-01;4.066410362720489502e-01;-2.393525540828704834e-01
4.622794985771179199e-01;3.496099710464477539e-01;-3.633165359497070312e-01
4.930750429630279541e-01;1.475663762539625168e-02;1.749220676720142365e-02
4.069500863552093506e-01;-3.972215577960014343e-02;1.626511961221694946e-01
4.138599634170532227e-01;1.711641550064086914e-01;-3.680155426263809204e-02
6.755059957504272461e-01;9.577747434377670288e-02;2.237302437424659729e-02
4.932107627391815186e-01;1.472590714693069458e-01;-1.374094635248184204e-01
6.248648762702941895e-01;2.045716494321823120e-01;1.020111050456762314e-02
2.825828194618225098e-01;1.026794463396072388e-01;-3.908938169479370117e-02
4.169650971889495850e-01;1.383285969495773315e-01;-1.730939894914627075e-01
3.106217682361602783e-01;5.740277096629142761e-02;1.677081137895584106e-01
5.663451552391052246e-01;-9.741404093801975250e-03;2.583749294281005859e-01
-8.337931036949157715e-01;-3.755112886428833008e-01;-3.156072795391082764e-01
-8.337516784667968750e-01;-3.843777179718017578e-01;-3.963734805583953857e-01
-8.337326049804687500e-01;-3.879888951778411865e-01;-1.708206236362457275e-01
-7.104796767234802246e-01;-3.968734145164489746e-01;-2.310662269592285156e-01
-6.938925385475158691e-01;-3.004402518272399902e-01;-3.642374277114868164e-01
-7.189364433288574219e-01;-2.988922595977783203e-01;-1.473373323678970337e-01
-6.316952705383300781e-01;-3.967918455600738525e-01;-3.996676504611968994e-01
-8.338397145271301270e-01;-1.564968526363372803e-01;-2.896039783954620361e-01
-6.395713686943054199e-01;-3.278805315494537354e-01;-1.701638251543045044e-01
-6.152496337890625000e-01;-2.686229050159454346e-01;-3.997080028057098389e-01
-4.848901629447937012e-01;-1.163489278405904770e-02;1.673572510480880737e-01
-5.339879989624023438e-01;-7.315186411142349243e-02;1.919156908988952637e-01
-3.920902311801910400e-01;-1.064241603016853333e-01;2.336324453353881836e-01
-6.257932782173156738e-01;-6.183515116572380066e-02;1.856350451707839966e-01
-5.220299959182739258e-01;1.312585622072219849e-01;2.256825715303421021e-01
-4.282554388046264648e-01;-1.903767883777618408e-01;1.330176293849945068e-01
-5.537526011466979980e-01;2.932735905051231384e-02;3.428702652454376221e-01
-4.125536382198333740e-01;-3.069132566452026367e-02;3.533473312854766846e-01
-6.800444126129150391e-01;-8.239635825157165527e-02;1.677521020174026489e-01
-6.557524800300598145e-01;-5.594767630100250244e-02;5.786702036857604980e-02
-7.314885258674621582e-01;4.046263396739959717e-01;-2.500060796737670898e-01
-6.013436913490295410e-01;2.741247415542602539e-01;-2.625689208507537842e-01
-8.339595794677734375e-01;3.236775100231170654e-01;-3.909407854080200195e-01
-7.351771593093872070e-01;2.409543693065643311e-01;-3.655602931976318359e-01
-5.951352715492248535e-01;4.046317338943481445e-01;-3.998739123344421387e-01
-6.184735298156738281e-01;4.047103226184844971e-01;-2.582068741321563721e-02
-7.550978660583496094e-01;1.276902854442596436e-01;-1.429953128099441528e-01
-8.338451981544494629e-01;1.303557753562927246e-01;-1.495219767093658447e-01
-7.492835521697998047e-01;4.046930074691772461e-01;6.616935133934020996e-02
-4.246941506862640381e-01;3.490128219127655029e-01;-3.685601353645324707e-01
-1.225890442728996277e-01;1.671749912202358246e-02;-1.394490152597427368e-02
-9.575948864221572876e-02;-1.304115541279315948e-02;9.066763520240783691e-02
-3.919375687837600708e-02;-9.092304110527038574e-02;4.796903580427169800e-02
-2.686776220798492432e-01;6.294351816177368164e-02;4.992504417896270752e-02
1.840744167566299438e-02;-1.042955592274665833e-01;-1.867472566664218903e-02
-1.486463844776153564e-01;4.486159235239028931e-02;-1.998708248138427734e-01
-2.623061835765838623e-01;9.012719616293907166e-03;1.234255358576774597e-01
-4.695538431406021118e-02;2.269929349422454834e-01;-4.536235705018043518e-02
-1.855308413505554199e-01;2.302176207304000854e-01;3.225661441683769226e-02
3.704119473695755005e-02;1.340577602386474609e-01;1.093676611781120300e-01
-8.373162746429443359e-01;9.888173639774322510e-02;-3.996377587318420410e-01
-8.338901996612548828e-01;3.825984895229339600e-02;-3.126851916313171387e-01
-7.351771593093872070e-01;2.409543693065643311e-01;-3.655602931976318359e-01
-7.033865451812744141e-01;-3.870674967765808105e-02;-3.996984958648681641e-01
-8.339595794677734375e-01;3.236775100231170654e-01;-3.909407854080200195e-01
-8.338451981544494629e-01;1.303557753562927246e-01;-1.495219767093658447e-01
-6.179105639457702637e-01;3.943498805165290833e-02;-2.829771041870117188e-01
-7.550978660583496094e-01;1.276902854442596436e-01;-1.429952979087829590e-01
-8.338397145271301270e-01;-1.564968675374984741e-01;-2.896039783954620361e-01
-6.567476987838745117e-01;3.186529874801635742e-02;-1.711079329252243042e-01
3.208418190479278564e-01;-3.071030676364898682e-01;-3.684190511703491211e-01
3.214048445224761963e-01;-3.967671096324920654e-01;-2.550307810306549072e-01
2.286472469568252563e-01;-1.652593016624450684e-01;-4.001391828060150146e-01
2.193820476531982422e-01;-1.379391998052597046e-01;-3.707021176815032959e-01
1.073864698410034180e-01;-2.958330512046813965e-01;-3.325464725494384766e-01
3.912876248359680176e-01;-1.386465281248092651e-01;-2.303407043218612671e-01
5.246458649635314941e-01;-1.971160173416137695e-01;-3.814195394515991211e-01
2.669272422790527344e-01;-2.585679292678833008e-01;-1.163498163223266602e-01
4.957369863986968994e-01;-9.886071085929870605e-02;-2.923512756824493408e-01
5.148177742958068848e-01;-1.562099903821945190e-01;-2.256353646516799927e-01
4.628997743129730225e-01;1.112186461687088013e-01;3.625907599925994873e-01
3.660145998001098633e-01;1.423113793134689331e-01;3.621470630168914795e-01
3.836815655231475830e-01;-3.188318014144897461e-02;3.516025245189666748e-01
3.447998762130737305e-01;-1.941844820976257324e-04;2.955609560012817383e-01
5.663451552391052246e-01;-9.741403162479400635e-03;2.583749294281005859e-01
4.805174171924591064e-01;2.176045775413513184e-01;2.029476761817932129e-01
6.082723140716552734e-01;1.266910433769226074e-01;2.239046394824981689e-01
3.264704048633575439e-01;2.312338054180145264e-01;2.368184030055999756e-01
3.796382248401641846e-01;-1.185346394777297974e-01;3.705745637416839600e-01
3.106217682361602783e-01;5.740277096629142761e-02;1.677081137895584106e-01
-4.316769838333129883e-01;9.803720563650131226e-02;-3.092104792594909668e-01
-4.830600321292877197e-01;1.254833023995161057e-02;-3.998577892780303955e-01
-4.830636084079742432e-01;1.253917720168828964e-02;-3.998621404170989990e-01
-4.503332674503326416e-01;-1.519101262092590332e-01;-2.966744899749755859e-01
-4.830556213855743408e-01;1.256307493895292282e-02;-3.998606503009796143e-01
-3.036659061908721924e-01;-7.391119003295898438e-02;-3.996107876300811768e-01
-4.830570816993713379e-01;1.254550274461507797e-02;-3.998526930809020996e-01
-5.903925299644470215e-01;1.218217145651578903e-02;-3.270655274391174316e-01
-4.830835759639739990e-01;1.255656778812408447e-02;-3.998513817787170410e-01
-4.830756187438964844e-01;1.255688071250915527e-02;-3.998574018478393555e-01
-1.192893832921981812e-01;-8.588957786560058594e-02;3.331984281539916992e-01
-8.273545652627944946e-02;-2.920428812503814697e-01;3.320317864418029785e-01
-8.284405618906021118e-02;-2.920786142349243164e-01;3.319948911666870117e-01
-6.280547380447387695e-02;-3.517408967018127441e-01;1.575391739606857300e-01
-8.276149630546569824e-02;-2.920666933059692383e-01;3.319873809814453125e-01
6.594838201999664307e-02;-2.793964147567749023e-01;2.955060601234436035e-01
-8.282396197319030762e-02;-2.920587956905364990e-01;3.319960534572601318e-01
-2.127652913331985474e-01;-3.167919516563415527e-01;2.439660131931304932e-01
-8.281140029430389404e-02;-2.920264005661010742e-01;3.320530056953430176e-01
-8.281441032886505127e-02;-2.920681536197662354e-01;3.319865763187408447e-01
9.479175508022308350e-02;3.167378306388854980e-01;7.065016031265258789e-02
9.924823045730590820e-02;4.049932062625885010e-01;-4.867945611476898193e-02
9.899000078439712524e-02;4.048559963703155518e-01;-4.873443767428398132e-02
2.335067838430404663e-02;3.610267937183380127e-01;-1.796890795230865479e-01
9.913176298141479492e-02;4.048349857330322266e-01;-4.878469556570053101e-02
2.394737899303436279e-01;4.024361073970794678e-01;-1.375862658023834229e-01
9.894327074289321899e-02;4.049577116966247559e-01;-4.878723248839378357e-02
-3.039584308862686157e-02;3.227594196796417236e-01;5.857129022479057312e-02
9.902219474315643311e-02;4.049720168113708496e-01;-4.853060841560363770e-02
9.909636527299880981e-02;4.049353599548339844e-01;-4.869095981121063232e-02
7.673703432083129883e-01;-1.849825680255889893e-01;3.059066534042358398e-01
7.689714431762695312e-01;-3.891885578632354736e-01;3.277932405471801758e-01
7.689036130905151367e-01;-3.892294764518737793e-01;3.277766406536102295e-01
7.770164608955383301e-01;-3.914823830127716064e-01;2.808514535427093506e-01
7.689431309700012207e-01;-3.892099857330322266e-01;3.277731239795684814e-01
7.488631606101989746e-01;-3.414346575736999512e-01;7.300257682800292969e-02
7.689092755317687988e-01;-3.892020285129547119e-01;3.277688622474670410e-01
6.533529758453369141e-01;-2.054655104875564575e-01;3.018795847892761230e-01
7.689024806022644043e-01;-3.891875743865966797e-01;3.278370499610900879e-01
7.689248323440551758e-01;-3.892042934894561768e-01;3.277848958969116211e-01
2.620659768581390381e-03;-4.006638824939727783e-01;-1.593067348003387451e-01
-2.482020109891891479e-02;-3.639572262763977051e-01;-3.106987178325653076e-01
-2.500349283218383789e-02;-3.640356659889221191e-01;-3.107461333274841309e-01
-1.291468590497970581e-01;-4.034654200077056885e-01;-2.770319879055023193e-01
-2.489508315920829773e-02;-3.640343844890594482e-01;-3.107731342315673828e-01
1.091793924570083618e-02;-2.287397384643554688e-01;-3.223186731338500977e-01
-2.499024942517280579e-02;-3.639889657497406006e-01;-3.107589483261108398e-01
-1.571969091892242432e-01;-4.009672105312347412e-01;-3.927113711833953857e-01
-2.497028373181819916e-02;-3.639550507068634033e-01;-3.106278777122497559e-01
-2.494361624121665955e-02;-3.640030622482299805e-01;-3.107412457466125488e-01
1.047941669821739197e-01;3.344517350196838379e-01;2.683754563331604004e-01
1.522736400365829468e-01;2.084727287292480469e-01;4.011726379394531250e-01
1.523947417736053467e-01;2.085266113281250000e-01;4.012104570865631104e-01
2.613720893859863281e-01;7.743461430072784424e-02;2.942984700202941895e-01
1.523097157478332520e-01;2.085193395614624023e-01;4.012201428413391113e-01
2.898920178413391113e-01;3.571650981903076172e-01;3.598899543285369873e-01
1.523908674716949463e-01;2.084860354661941528e-01;4.012178480625152588e-01
1.164250224828720093e-01;1.718670129776000977e-01;2.918083667755126953e-01
1.523769050836563110e-01;2.084689736366271973e-01;4.011093676090240479e-01
1.523496359586715698e-01;2.084911167621612549e-01;4.011921882629394531e-01
-6.182391941547393799e-02;3.045074939727783203e-01;-1.808685213327407837e-01
-2.354030460119247437e-01;4.046928882598876953e-01;-4.001362323760986328e-01
-2.353128343820571899e-01;4.047296941280364990e-01;-4.001212418079376221e-01
-4.198421239852905273e-01;2.047543227672576904e-01;-3.490571081638336182e-01
-2.353651523590087891e-01;4.047370553016662598e-01;-4.001066982746124268e-01
-1.241888850927352905e-01;1.736839711666107178e-01;-3.205236196517944336e-01
-2.353092133998870850e-01;4.047036468982696533e-01;-4.001090824604034424e-01
-4.714899063110351562e-01;3.270484209060668945e-01;-3.435383141040802002e-01
-2.353283464908599854e-01;4.046963453292846680e-01;-4.001844525337219238e-01
-2.353476285934448242e-01;4.047175943851470947e-01;-4.001270234584808350e-01
-1.898853033781051636e-01;2.155625671148300171e-01;2.508091032505035400e-01
-2.650927305221557617e-01;3.773072659969329834e-01;3.531408309936523438e-01
-2.652730941772460938e-01;3.772096931934356689e-01;3.530914783477783203e-01
-3.466842770576477051e-01;2.078831493854522705e-01;3.314363956451416016e-01
-2.651547193527221680e-01;3.772240877151489258e-01;3.530605137348175049e-01
-1.087373942136764526e-01;3.424227833747863770e-01;1.785397082567214966e-01
-2.653143405914306641e-01;3.772964179515838623e-01;3.530712723731994629e-01
-4.802120923995971680e-01;3.758102655410766602e-01;3.052763938903808594e-01
-2.652759850025177002e-01;3.773143887519836426e-01;3.532400131225585938e-01
-2.652190327644348145e-01;3.772901296615600586e-01;3.531283736228942871e-01
3.650551140308380127e-01;2.918898463249206543e-01;-3.109197020530700684e-01
3.531683683395385742e-01;1.202010735869407654e-01;-3.999072015285491943e-01
3.530414402484893799e-01;1.201398223638534546e-01;-3.999491333961486816e-01
2.702165842056274414e-01;-4.941655695438385010e-02;-3.906634151935577393e-01
3.531323075294494629e-01;1.201655343174934387e-01;-3.999606370925903320e-01
5.000531077384948730e-01;6.793633103370666504e-02;-3.461001217365264893e-01
3.530398011207580566e-01;1.201942265033721924e-01;-3.999466300010681152e-01
4.351922571659088135e-01;1.392275542020797729e-01;-1.760074347257614136e-01
3.530275225639343262e-01;1.202196925878524780e-01;-3.998296260833740234e-01
3.530730009078979492e-01;1.201930418610572815e-01;-3.999290466308593750e-01
1.672151088714599609e-01;-3.710534274578094482e-01;1.204500645399093628e-01
3.177994191646575928e-01;-3.655592799186706543e-01;-4.143358021974563599e-02
3.176917135715484619e-01;-3.656225800514221191e-01;-4.145107045769691467e-02
3.391674160957336426e-01;-3.909530639648437500e-01;-2.385490685701370239e-01
3.177393376827239990e-01;-3.656297624111175537e-01;-4.146559536457061768e-02
4.673950672149658203e-01;-3.887753784656524658e-01;-3.229612857103347778e-02
3.176829218864440918e-01;-3.655786514282226562e-01;-4.147284850478172302e-02
2.482428252696990967e-01;-2.109155654907226562e-01;-7.161650806665420532e-02
3.177154958248138428e-01;-3.655778169631958008e-01;-4.136780649423599243e-02
3.177431225776672363e-01;-3.655963540077209473e-01;-4.144018888473510742e-02
-4.725739359855651855e-01;-3.877949118614196777e-01;3.758262097835540771e-02
-3.510040640830993652e-01;-3.322782218456268311e-01;-7.035643607378005981e-02
-3.511598706245422363e-01;-3.323643803596496582e-01;-7.039719820022583008e-02
-1.865661442279815674e-01;-3.957422971725463867e-01;3.434967249631881714e-02
-3.510608971118927002e-01;-3.323481082916259766e-01;-7.041446864604949951e-02
-3.073688745498657227e-01;-2.117745131254196167e-01;-1.931029856204986572e-01
-3.511781692504882812e-01;-3.323006331920623779e-01;-7.041747868061065674e-02
-3.706777393817901611e-01;-3.637090325355529785e-01;-1.824287176132202148e-01
-3.511566519737243652e-01;-3.322757780551910400e-01;-7.027314603328704834e-02
-3.511138260364532471e-01;-3.323063254356384277e-01;-7.038099318742752075e-02
3.813289105892181396e-01;-1.827373355627059937e-01;3.364886641502380371e-01
3.753138780593872070e-01;-3.449981808662414551e-01;4.007607698440551758e-01
3.753362894058227539e-01;-3.449652791023254395e-01;4.007699489593505859e-01
3.627524077892303467e-01;-3.964358866214752197e-01;2.980456948280334473e-01
3.753069341182708740e-01;-3.450008928775787354e-01;4.007806777954101562e-01
4.146414399147033691e-01;-2.563396096229553223e-01;1.636969596147537231e-01
3.753429055213928223e-01;-3.450061380863189697e-01;4.007540345191955566e-01
2.295809984207153320e-01;-2.603709697723388672e-01;2.400486022233963013e-01
3.753805756568908691e-01;-3.450137376785278320e-01;4.007263481616973877e-01
3.753455281257629395e-01;-3.450208902359008789e-01;4.007487893104553223e-01
-6.887303590774536133e-01;-3.700904548168182373e-02;-8.137770742177963257e-02
-8.336649537086486816e-01;9.768609702587127686e-02;7.319279946386814117e-03
-8.338607549667358398e-01;9.760612994432449341e-02;7.267265580594539642e-03
-7.204773426055908203e-01;-5.104073882102966309e-02;8.959464728832244873e-02
-8.337392210960388184e-01;9.762415289878845215e-02;7.248464040458202362e-03
-8.215246796607971191e-01;1.486649811267852783e-01;1.501050740480422974e-01
-8.338245749473571777e-01;9.765327721834182739e-02;7.268643938004970551e-03
-8.094024658203125000e-01;1.420874297618865967e-01;-1.493977010250091553e-01
-8.338311314582824707e-01;9.769783914089202881e-02;7.390427403151988983e-03
-8.338033556938171387e-01;9.764571487903594971e-02;7.274379022419452667e-03
5.558730959892272949e-01;3.291528224945068359e-01;1.391234546899795532e-01
5.398579239845275879e-01;4.065493643283843994e-01;2.808264922350645065e-03
5.397802591323852539e-01;4.065077304840087891e-01;2.784555312246084213e-03
5.400745868682861328e-01;3.162558674812316895e-01;-1.476834267377853394e-01
5.398285388946533203e-01;4.065058827400207520e-01;2.770093735307455063e-03
7.561039924621582031e-01;4.008246362209320068e-01;-1.339956000447273254e-02
5.397685766220092773e-01;4.065426588058471680e-01;2.778900321573019028e-03
3.425381779670715332e-01;3.286095261573791504e-01;7.554929703474044800e-02
5.397861599922180176e-01;4.065463542938232422e-01;2.852625679224729538e-03
5.398099422454833984e-01;4.065384268760681152e-01;2.800169866532087326e-03
7.792276740074157715e-01;-9.576338529586791992e-02;-1.454326808452606201e-01
7.279219031333923340e-01;2.146237902343273163e-02;-3.142104744911193848e-01
7.276899814605712891e-01;2.135910838842391968e-02;-3.142878711223602295e-01
7.378472089767456055e-01;4.321193322539329529e-02;-3.091607093811035156e-01
7.278514504432678223e-01;2.139430865645408630e-02;-3.143127560615539551e-01
5.865311026573181152e-01;2.100670635700225830e-01;-3.525453805923461914e-01
7.276969552040100098e-01;2.143758349120616913e-02;-3.142947554588317871e-01
5.929790735244750977e-01;-5.256495252251625061e-02;-3.382757604122161865e-01
7.276984453201293945e-01;2.148995734751224518e-02;-3.141023218631744385e-01
7.277563810348510742e-01;2.142985723912715912e-02;-3.142643570899963379e-01
7.477828115224838257e-02;8.173293620347976685e-02;-2.295943498611450195e-01
6.422020960599184036e-03;7.525259163230657578e-03;-3.345875442028045654e-01
6.253703031688928604e-03;7.435900624841451645e-03;-3.346208631992340088e-01
-5.302972719073295593e-02;-1.328025460243225098e-01;-2.615010142326354980e-01
6.345816422253847122e-03;7.441080641001462936e-03;-3.346516489982604980e-01
8.215937763452529907e-02;-1.394550055265426636e-01;-2.797995507717132568e-01
6.239142734557390213e-03;7.496403995901346207e-03;-3.346500098705291748e-01
-1.740970015525817871e-01;1.005811765789985657e-01;-3.124395906925201416e-01
6.262546870857477188e-03;7.517685182392597198e-03;-3.344931006431579590e-01
6.310680415481328964e-03;7.488407194614410400e-03;-3.345992267131805420e-01
7.402519583702087402e-01;-1.161722987890243530e-01;1.412673890590667725e-01
7.470027804374694824e-01;-1.936968117952346802e-01;-3.181262314319610596e-02
7.467976212501525879e-01;-1.938109546899795532e-01;-3.186517581343650818e-02
7.808532714843750000e-01;-1.103398129343986511e-01;-1.584806889295578003e-01
7.469220757484436035e-01;-1.937897801399230957e-01;-3.188993409276008606e-02
6.807951331138610840e-01;-7.457967102527618408e-02;-1.316933929920196533e-01
7.467765212059020996e-01;-1.937155723571777344e-01;-3.188045695424079895e-02
7.374950051307678223e-01;-3.408232331275939941e-01;3.185990080237388611e-02
7.467898726463317871e-01;-1.936965137720108032e-01;-3.168363869190216064e-02
7.468649148941040039e-01;-1.937232911586761475e-01;-3.181957453489303589e-02
-3.395645022392272949e-01;-2.449331134557723999e-01;3.605553209781646729e-01
-3.860432207584381104e-01;-3.964335620403289795e-01;2.518385946750640869e-01
-3.860883116722106934e-01;-3.964447379112243652e-01;2.518120408058166504e-01
-4.493852853775024414e-01;-3.838261663913726807e-01;7.656346261501312256e-02
-3.860463201999664307e-01;-3.964331746101379395e-01;2.518133819103240967e-01
-2.313652038574218750e-01;-3.816947042942047119e-01;2.601314783096313477e-01
-3.860905766487121582e-01;-3.964296877384185791e-01;2.518161237239837646e-01
-5.699343681335449219e-01;-3.444677591323852539e-01;2.504610717296600342e-01
-3.860779106616973877e-01;-3.964170217514038086e-01;2.518438398838043213e-01
-3.860791921615600586e-01;-3.964381814002990723e-01;2.518076598644256592e-01
-6.997618675231933594e-01;-1.411356031894683838e-02;3.591444790363311768e-01
-7.398310303688049316e-01;-1.266426742076873779e-01;4.018873274326324463e-01
-7.398505806922912598e-01;-1.266199052333831787e-01;4.018708765506744385e-01
-7.199087142944335938e-01;-1.941505670547485352e-01;2.534075975418090820e-01
-7.398261427879333496e-01;-1.266429871320724487e-01;4.018652737140655518e-01
-5.651146173477172852e-01;-1.917119324207305908e-02;3.807622492313385010e-01
-7.398517131805419922e-01;-1.266400367021560669e-01;4.018684327602386475e-01
-7.042229175567626953e-01;-6.721097230911254883e-02;2.429022789001464844e-01
-7.398185133934020996e-01;-1.266289800405502319e-01;4.018577635288238525e-01
-7.398458719253540039e-01;-1.266474425792694092e-01;4.018568098545074463e-01
