2.062605023384094238e-01;-7.729201316833496094e-01;-3.484511971473693848e-01
1.540835499763488770e-01;-7.535839676856994629e-01;-4.303878247737884521e-01
2.403610795736312866e-01;-7.058889269828796387e-01;-4.376676380634307861e-01
2.353351265192031860e-01;-7.767185568809509277e-01;-3.816488981246948242e-01
2.237670421600341797e-01;-7.715734839439392090e-01;-3.613540530204772949e-01
2.365474253892898560e-01;-7.542432546615600586e-01;-4.314279854297637939e-01
2.353608906269073486e-01;-7.607727646827697754e-01;-4.251776635646820068e-01
2.205714732408523560e-01;-7.522194981575012207e-01;-4.332217276096343994e-01
2.317510247230529785e-01;-7.702946066856384277e-01;-3.983955979347229004e-01
2.320296913385391235e-01;-7.169720530509948730e-01;-3.732679784297943115e-01
-5.262324810028076172e-01;5.084763765335083008e-01;5.683665871620178223e-01
-3.445311188697814941e-01;4.232310354709625244e-01;4.127062559127807617e-01
-3.243226408958435059e-01;3.736089169979095459e-01;4.539650678634643555e-01
-4.065667092800140381e-01;5.509253144264221191e-01;4.376648962497711182e-01
-2.344619035720825195e-01;5.785431265830993652e-01;2.410334199666976929e-01
-2.743276059627532959e-01;6.997818350791931152e-01;3.928967118263244629e-01
-2.612195014953613281e-01;7.103537321090698242e-01;3.653385639190673828e-01
-4.015127420425415039e-01;6.905496120452880859e-01;4.330325424671173096e-01
-3.253931403160095215e-01;7.189233899116516113e-01;4.343124330043792725e-01
-1.489136219024658203e-01;7.665122151374816895e-01;4.837913215160369873e-01
-3.486553430557250977e-01;-2.008076757192611694e-01;-3.621196150779724121e-01
-5.152264237403869629e-01;-1.928398013114929199e-02;-5.188785791397094727e-01
-4.580081403255462646e-01;-2.663550153374671936e-02;-4.224475324153900146e-01
-3.772000968456268311e-01;-4.275095835328102112e-02;-4.511500597000122070e-01
-4.108279347419738770e-01;1.122808754444122314e-01;-3.666751682758331299e-01
-2.483181357383728027e-01;-1.822746098041534424e-01;-3.922093212604522705e-01
-2.409152686595916748e-01;-4.901204258203506470e-02;-3.906029164791107178e-01
-3.159351944923400879e-01;-3.072169609367847443e-02;-2.586252093315124512e-01
-2.885712087154388428e-01;2.023114114999771118e-01;-3.658391237258911133e-01
-3.170452117919921875e-01;1.462696045637130737e-01;-3.031897842884063721e-01
2.223835289478302002e-01;3.764192759990692139e-02;2.605801820755004883e-02
1.834498494863510132e-01;-6.519900262355804443e-02;1.538254171609878540e-01
2.666579186916351318e-01;-1.170509159564971924e-01;-5.233772099018096924e-03
2.698584496974945068e-01;-1.262888312339782715e-01;5.440306290984153748e-02
2.795610725879669189e-01;3.871203586459159851e-02;-3.130234032869338989e-02
2.701167762279510498e-01;4.697985574603080750e-02;1.262109726667404175e-02
2.791300415992736816e-01;-5.680653080344200134e-02;1.158292070031166077e-01
2.751322686672210693e-01;-1.754492148756980896e-02;8.992426842451095581e-02
2.622523009777069092e-01;2.378898486495018005e-02;2.173920571804046631e-01
1.932736337184906006e-01;7.425932586193084717e-02;1.171891316771507263e-01
1.199861168861389160e-01;-7.901224493980407715e-01;3.828544616699218750e-01
1.637168377637863159e-01;-7.958856225013732910e-01;3.745746016502380371e-01
2.013369798660278320e-01;-8.103933930397033691e-01;3.423186242580413818e-01
2.181567549705505371e-01;-7.489079833030700684e-01;3.587554991245269775e-01
2.153216749429702759e-01;-7.227725386619567871e-01;3.342616558074951172e-01
2.169154584407806396e-01;-7.992414832115173340e-01;3.737922608852386475e-01
2.223910689353942871e-01;-7.862190008163452148e-01;4.079350233078002930e-01
2.269468307495117188e-01;-7.792191505432128906e-01;4.256292879581451416e-01
2.289473265409469604e-01;-7.756924629211425781e-01;4.344772696495056152e-01
2.371404916048049927e-01;-7.538911104202270508e-01;4.762062132358551025e-01
-3.573369681835174561e-01;4.158556461334228516e-03;3.548391461372375488e-01
-3.849739432334899902e-01;-1.420237123966217041e-02;4.596232473850250244e-01
-2.667142152786254883e-01;1.557212322950363159e-01;3.718805015087127686e-01
-2.490192651748657227e-01;9.823010861873626709e-02;3.690105974674224854e-01
-2.426192015409469604e-01;1.517745852470397949e-01;4.352374076843261719e-01
-3.772876262664794922e-01;2.785319387912750244e-01;4.269792437553405762e-01
-3.813185095787048340e-01;3.285589814186096191e-01;4.562760889530181885e-01
-2.490921765565872192e-01;2.856188714504241943e-01;3.029714822769165039e-01
-1.653479188680648804e-01;2.892316281795501709e-01;3.480830192565917969e-01
-2.560264766216278076e-01;3.097720444202423096e-01;4.432218968868255615e-01
8.341624587774276733e-02;4.417565166950225830e-01;7.667805999517440796e-03
1.155164763331413269e-01;4.570211470127105713e-01;-4.605591297149658203e-02
1.511072069406509399e-01;4.713512957096099854e-01;-4.823019355535507202e-02
9.311854839324951172e-02;6.245501041412353516e-01;-3.237093985080718994e-02
1.366387009620666504e-01;5.481094121932983398e-01;6.477513164281845093e-02
1.257224529981613159e-01;5.201509594917297363e-01;3.943328559398651123e-02
1.173313185572624207e-01;6.291039586067199707e-01;7.649379223585128784e-02
1.897031664848327637e-01;5.567114353179931641e-01;-5.634570121765136719e-02
1.709390729665756226e-01;5.807907581329345703e-01;4.182212054729461670e-02
1.725370287895202637e-01;6.570115089416503906e-01;1.842509210109710693e-01
-8.631998300552368164e-02;5.275851488113403320e-01;-1.731375157833099365e-01
-9.654940664768218994e-02;5.338288545608520508e-01;-5.899113416671752930e-02
-5.755446106195449829e-02;6.654528975486755371e-01;-1.116473600268363953e-01
-8.908976614475250244e-02;4.984817206859588623e-01;1.152696982026100159e-01
-2.407056093215942383e-02;5.432394146919250488e-01;1.432880386710166931e-02
-1.514702588319778442e-01;7.839990258216857910e-01;4.895567893981933594e-03
-4.708454012870788574e-03;7.077628970146179199e-01;8.125681430101394653e-02
9.020344913005828857e-02;6.582990288734436035e-01;-8.549362421035766602e-02
9.311854839324951172e-02;6.245501041412353516e-01;-3.237093985080718994e-02
1.173313111066818237e-01;6.291039586067199707e-01;7.649379223585128784e-02
-3.951759636402130127e-01;-5.799686908721923828e-01;-4.361213147640228271e-01
-3.369072079658508301e-01;-5.484649538993835449e-01;-3.492832481861114502e-01
-5.019278526306152344e-01;-4.299342036247253418e-01;-5.207920074462890625e-01
-4.934241771697998047e-01;-3.827834427356719971e-01;-4.727366566658020020e-01
-3.631805181503295898e-01;-4.054452478885650635e-01;-4.269265532493591309e-01
-3.486553430557250977e-01;-2.008076757192611694e-01;-3.621196150779724121e-01
-2.886379063129425049e-01;-6.393238306045532227e-01;-4.387469887733459473e-01
-2.957215309143066406e-01;-4.991599023342132568e-01;-3.726572692394256592e-01
-2.601982355117797852e-01;-5.014257431030273438e-01;-3.231761455535888672e-01
-3.111391961574554443e-01;-3.494308590888977051e-01;-3.114509880542755127e-01
-3.271130919456481934e-01;-4.887112081050872803e-01;2.835214734077453613e-01
-1.648008823394775391e-01;-4.731550216674804688e-01;3.591816127300262451e-01
5.955460667610168457e-02;-6.658505797386169434e-01;1.250701695680618286e-01
-1.082694232463836670e-01;-5.345393419265747070e-01;2.258156687021255493e-01
-2.383905649185180664e-01;-4.366304278373718262e-01;1.954355388879776001e-01
-1.839266270399093628e-01;-4.234034717082977295e-01;2.202193886041641235e-01
-1.675326228141784668e-01;-4.356479942798614502e-01;1.437464505434036255e-01
-9.507716447114944458e-02;-3.461214303970336914e-01;1.012962311506271362e-01
1.131091564893722534e-01;-6.382333636283874512e-01;1.978150010108947754e-01
8.493426442146301270e-02;-5.360153317451477051e-01;8.659657835960388184e-02
-6.770043075084686279e-02;-9.312149882316589355e-02;-2.161639183759689331e-01
1.421310007572174072e-04;-1.016876399517059326e-01;-2.722619473934173584e-02
-1.179358959197998047e-01;8.550933748483657837e-02;-2.204318940639495850e-01
-1.022841334342956543e-01;6.936594098806381226e-02;-1.493985950946807861e-01
4.956178739666938782e-02;6.286785006523132324e-02;-1.593480855226516724e-01
1.056805774569511414e-01;1.458607167005538940e-01;-1.329690217971801758e-01
8.543746918439865112e-02;1.212718114256858826e-01;-8.963747322559356689e-02
1.911106705665588379e-01;-4.997791349887847900e-02;-1.274819672107696533e-01
2.557870149612426758e-01;6.621046364307403564e-02;-2.070942521095275879e-01
2.637759149074554443e-01;-1.121735572814941406e-02;-1.293486207723617554e-01
1.592828035354614258e-01;-3.800002634525299072e-01;-2.794685214757919312e-02
1.846129298210144043e-01;-2.131005525588989258e-01;5.055859684944152832e-03
2.108221054077148438e-01;-1.822372078895568848e-01;3.212675452232360840e-02
2.493970245122909546e-01;-2.556761205196380615e-01;-1.472997218370437622e-01
2.585820257663726807e-01;-2.417145669460296631e-01;-1.415740698575973511e-01
2.484210878610610962e-01;-2.262497842311859131e-01;-9.761463105678558350e-02
2.375389039516448975e-01;-2.683830261230468750e-01;-7.729891687631607056e-02
2.626390159130096436e-01;-2.574427723884582520e-01;-7.065604627132415771e-02
1.891728341579437256e-01;-1.664021015167236328e-01;-1.036164462566375732e-01
2.599419355392456055e-01;-1.355621814727783203e-01;-1.631058901548385620e-01
-1.337274909019470215e-01;3.426345586776733398e-01;1.928785592317581177e-01
-1.653479188680648804e-01;2.892316281795501709e-01;3.480830192565917969e-01
-2.344619035720825195e-01;5.785431265830993652e-01;2.410334199666976929e-01
-2.175613790750503540e-01;4.268583655357360840e-01;3.423540294170379639e-01
-8.908976614475250244e-02;4.984817206859588623e-01;1.152696982026100159e-01
-2.407055348157882690e-02;5.432394146919250488e-01;1.432880759239196777e-02
-1.056390479207038879e-01;5.189622640609741211e-01;2.172019630670547485e-01
5.990818887948989868e-02;5.136301517486572266e-01;2.433651536703109741e-01
-4.708454012870788574e-03;7.077628970146179199e-01;8.125682175159454346e-02
9.447405487298965454e-02;4.167607426643371582e-01;6.822887063026428223e-02
-3.631805181503295898e-01;-4.054452478885650635e-01;-4.269265532493591309e-01
-3.111391961574554443e-01;-3.494308590888977051e-01;-3.114509880542755127e-01
-3.486553430557250977e-01;-2.008076757192611694e-01;-3.621196150779724121e-01
-2.483181357383728027e-01;-1.822746098041534424e-01;-3.922093212604522705e-01
-2.729733586311340332e-01;-1.587264239788055420e-01;-1.547680497169494629e-01
-2.099211513996124268e-01;-1.243219226598739624e-01;-1.710480153560638428e-01
-4.580081403255462646e-01;-2.663549780845642090e-02;-4.224475324153900146e-01
-3.772000968456268311e-01;-4.275095462799072266e-02;-4.511500597000122070e-01
-3.159351944923400879e-01;-3.072169423103332520e-02;-2.586252093315124512e-01
-2.409152686595916748e-01;-4.901203513145446777e-02;-3.906029164791107178e-01
-4.580112695693969727e-01;-3.570104837417602539e-01;4.742689132690429688e-01
-4.936569929122924805e-01;-1.165488362312316895e-01;5.009391307830810547e-01
-3.573369681835174561e-01;4.158556461334228516e-03;3.548391461372375488e-01
-3.849739432334899902e-01;-1.420236378908157349e-02;4.596232473850250244e-01
-5.054585337638854980e-01;-5.976642668247222900e-02;5.080015063285827637e-01
-5.094568729400634766e-01;1.688480377197265625e-02;5.314897298812866211e-01
-4.771747291088104248e-01;1.439086347818374634e-01;5.074388980865478516e-01
-4.620158374309539795e-01;1.627225577831268311e-01;5.367609262466430664e-01
-3.202485740184783936e-01;-2.050881087779998779e-01;3.436038792133331299e-01
-2.580202817916870117e-01;-1.501612067222595215e-01;3.736785352230072021e-01
-1.195774823427200317e-01;1.199269294738769531e-02;2.598648369312286377e-01
-1.283495575189590454e-01;9.906301647424697876e-02;1.480913758277893066e-01
2.777865901589393616e-02;3.350470960140228271e-02;1.727961301803588867e-01
-3.248894587159156799e-02;1.561424285173416138e-01;3.911311924457550049e-02
-1.912023685872554779e-02;2.190700173377990723e-01;1.644690334796905518e-02
-4.701074585318565369e-02;1.672788709402084351e-01;2.049315124750137329e-01
-1.337274909019470215e-01;3.426345586776733398e-01;1.928785592317581177e-01
-1.653479188680648804e-01;2.892316281795501709e-01;3.480830192565917969e-01
8.820626884698867798e-03;2.840647399425506592e-01;9.096424281597137451e-02
1.199786663055419922e-01;2.588793635368347168e-01;5.136904120445251465e-02
-2.973132729530334473e-01;-7.872968912124633789e-01;-4.395107626914978027e-01
-2.420303821563720703e-01;-7.924116849899291992e-01;-3.808141350746154785e-01
-2.398566603660583496e-01;-7.134277820587158203e-01;-4.375683367252349854e-01
-1.422161757946014404e-01;-7.827134132385253906e-01;-3.939891457557678223e-01
-1.127573326230049133e-01;-7.652009129524230957e-01;-4.376621544361114502e-01
3.168346732854843140e-02;-7.551191449165344238e-01;-4.376626312732696533e-01
-2.886379063129425049e-01;-6.393238306045532227e-01;-4.387469887733459473e-01
-2.480539977550506592e-01;-6.535424590110778809e-01;-4.027518332004547119e-01
7.021640986204147339e-02;-7.658770084381103516e-01;-4.087613523006439209e-01
8.517392724752426147e-02;-7.611616849899291992e-01;-4.176334440708160400e-01
-3.565435409545898438e-01;-6.983368992805480957e-01;-2.778137028217315674e-01
-3.951759636402130127e-01;-5.799686908721923828e-01;-4.361213147640228271e-01
-3.369072079658508301e-01;-5.484649538993835449e-01;-3.492832481861114502e-01
-2.398566603660583496e-01;-7.134277820587158203e-01;-4.375683367252349854e-01
-2.480540126562118530e-01;-6.535424590110778809e-01;-4.027518332004547119e-01
-2.886379063129425049e-01;-6.393238306045532227e-01;-4.387469887733459473e-01
-2.957215309143066406e-01;-4.991599023342132568e-01;-3.726572692394256592e-01
-2.601982355117797852e-01;-5.014257431030273438e-01;-3.231761455535888672e-01
-2.775590419769287109e-01;-5.673017501831054688e-01;-2.902401387691497803e-01
-3.111391961574554443e-01;-3.494308590888977051e-01;-3.114509880542755127e-01
-4.613774716854095459e-01;2.802255451679229736e-01;4.771938920021057129e-01
-3.772876262664794922e-01;2.785319387912750244e-01;4.269792437553405762e-01
-3.813185095787048340e-01;3.285589814186096191e-01;4.562760889530181885e-01
-2.490921765565872192e-01;2.856188714504241943e-01;3.029714822769165039e-01
-1.653479188680648804e-01;2.892316281795501709e-01;3.480830192565917969e-01
-2.175613790750503540e-01;4.268583655357360840e-01;3.423540294170379639e-01
-3.243226408958435059e-01;3.736089169979095459e-01;4.539650678634643555e-01
-3.445311188697814941e-01;4.232310354709625244e-01;4.127062559127807617e-01
-2.560264766216278076e-01;3.097720444202423096e-01;4.432218968868255615e-01
-4.065667092800140381e-01;5.509253144264221191e-01;4.376648962497711182e-01
