8.139383196830749512e-01;4.283148348331451416e-01;-3.924931287765502930e-01
8.172665834426879883e-01;4.020910561084747314e-01;-3.533218801021575928e-01
7.358362078666687012e-01;3.237793147563934326e-01;-3.619751036167144775e-01
7.069593071937561035e-01;3.704285621643066406e-01;-2.664576172828674316e-01
7.773554325103759766e-01;4.117916822433471680e-01;-1.710023432970046997e-01
7.777960896492004395e-01;4.344905018806457520e-01;-1.297211647033691406e-01
7.108373045921325684e-01;3.571259975433349609e-01;-1.252385377883911133e-01
5.915837287902832031e-01;2.103599607944488525e-01;-3.995015323162078857e-01
5.505747795104980469e-01;3.538014888763427734e-01;-1.875884383916854858e-01
7.460171580314636230e-01;4.342980384826660156e-01;-3.948408365249633789e-02
-7.798444479703903198e-02;-4.146867096424102783e-01;1.652401685714721680e-01
-2.127229869365692139e-01;-4.146694839000701904e-01;1.192535758018493652e-01
-4.170425981283187866e-02;-2.705318331718444824e-01;1.825416088104248047e-01
-2.126537859439849854e-01;-3.437319695949554443e-01;2.445102185010910034e-01
1.123491153120994568e-01;-4.149400293827056885e-01;1.246560066938400269e-01
-2.485528588294982910e-01;-4.146820008754730225e-01;4.078762978315353394e-02
-8.945631980895996094e-02;-3.091213703155517578e-01;3.518859744071960449e-01
1.262517273426055908e-01;-3.480534851551055908e-01;1.393079161643981934e-01
-1.384840756654739380e-01;-3.432641327381134033e-01;-3.320993483066558838e-02
-2.787701785564422607e-01;-4.146201610565185547e-01;2.621021568775177002e-01
2.142578363418579102e-01;-7.751090079545974731e-02;-4.196668565273284912e-01
1.937182545661926270e-01;-1.154281049966812134e-01;-4.197281301021575928e-01
2.696908712387084961e-01;2.462215721607208252e-02;-4.194879531860351562e-01
2.255824506282806396e-01;-1.241222769021987915e-02;-2.509133219718933105e-01
3.323889970779418945e-01;9.499128907918930054e-02;-4.192266166210174561e-01
2.224555611610412598e-02;-1.449652910232543945e-01;-2.735494971275329590e-01
2.865830361843109131e-01;-3.210527300834655762e-01;-3.865065276622772217e-01
-1.936936378479003906e-02;2.745394408702850342e-02;-3.154512047767639160e-01
3.370403051376342773e-01;-1.038294583559036255e-01;-1.722175180912017822e-01
-3.547668457031250000e-04;-2.518406808376312256e-01;-3.839247822761535645e-01
-5.631481409072875977e-01;-1.184514537453651428e-01;4.199618399143218994e-01
-5.513153076171875000e-01;-1.024322584271430969e-01;3.693484067916870117e-01
-5.631440877914428711e-01;-9.188658744096755981e-02;3.550298810005187988e-01
-5.631476640701293945e-01;-1.717125326395034790e-01;3.352814614772796631e-01
-5.631424188613891602e-01;-3.020785748958587646e-02;3.644189834594726562e-01
-5.631434321403503418e-01;5.818106234073638916e-03;4.080768823623657227e-01
-5.080781579017639160e-01;-1.875072121620178223e-01;3.222004473209381104e-01
-4.765110015869140625e-01;2.664055675268173218e-02;3.856162130832672119e-01
-5.631403326988220215e-01;-1.448769122362136841e-02;2.813305556774139404e-01
-4.563883244991302490e-01;-9.493973851203918457e-02;2.784058749675750732e-01
7.770457267761230469e-01;-4.203515946865081787e-01;-2.978438138961791992e-01
6.768042445182800293e-01;-4.198642075061798096e-01;-3.643475472927093506e-01
6.430877447128295898e-01;-4.201516509056091309e-01;-3.759468197822570801e-01
6.042994856834411621e-01;-3.097665011882781982e-01;-3.304060697555541992e-01
7.743456959724426270e-01;-3.651029765605926514e-01;-7.092840969562530518e-02
7.069320082664489746e-01;-4.225770533084869385e-01;-6.593739986419677734e-02
4.945247173309326172e-01;-3.820918798446655273e-01;-1.841482222080230713e-01
7.368054986000061035e-01;-2.436814755201339722e-01;-2.951580286026000977e-02
5.033464431762695312e-01;-2.072830498218536377e-01;-2.193198949098587036e-01
6.429600119590759277e-01;-4.199163019657135010e-01;3.887909650802612305e-02
-5.628481507301330566e-01;-4.147370457649230957e-01;-7.525776326656341553e-02
-5.630931854248046875e-01;-3.993565738201141357e-01;-2.529623359441757202e-02
-5.630999803543090820e-01;-3.720230162143707275e-01;-1.508692502975463867e-01
-5.630981922149658203e-01;-3.917466700077056885e-01;-1.617610901594161987e-01
-5.630872845649719238e-01;-4.028047323226928711e-01;-1.931360960006713867e-01
-5.410717129707336426e-01;-4.146532714366912842e-01;4.763857275247573853e-02
-5.631439089775085449e-01;-3.099106252193450928e-01;-3.927543759346008301e-03
-4.792724847793579102e-01;-3.112909197807312012e-01;-3.442334011197090149e-02
-5.631303787231445312e-01;-2.751761674880981445e-01;-1.154298409819602966e-01
-5.631298422813415527e-01;-2.641001641750335693e-01;-1.177377998828887939e-01
-1.574537009000778198e-01;1.376449968665838242e-02;-4.222152382135391235e-02
-2.227097302675247192e-01;5.705022439360618591e-02;-1.393121927976608276e-01
-7.769452780485153198e-02;-1.379865407943725586e-01;-6.290569156408309937e-02
-3.210403025150299072e-01;6.627322174608707428e-03;4.001968353986740112e-02
-7.860624790191650391e-02;8.124663494527339935e-03;1.274819672107696533e-01
-3.065509200096130371e-01;8.411478996276855469e-02;-1.644392162561416626e-01
-5.173695087432861328e-02;-7.705081999301910400e-02;1.091479584574699402e-01
-2.127604037523269653e-01;-8.650209009647369385e-02;-2.415429949760437012e-01
-2.206790596246719360e-01;2.466574013233184814e-01;-9.060408920049667358e-03
-3.164945542812347412e-02;1.476903259754180908e-01;1.406071484088897705e-01
3.173132836818695068e-01;-3.671730160713195801e-01;3.722374737262725830e-01
3.152923583984375000e-01;-4.151635766029357910e-01;3.351058363914489746e-01
4.031370878219604492e-01;-2.665523886680603027e-01;3.362202346324920654e-01
3.677556216716766357e-01;-2.071558237075805664e-01;3.499666452407836914e-01
1.713927835226058960e-01;-2.658033668994903564e-01;2.778776884078979492e-01
3.815721273422241211e-01;-2.775827646255493164e-01;1.788410246372222900e-01
3.817128837108612061e-01;-1.109580695629119873e-01;3.123676478862762451e-01
4.129392206668853760e-01;-1.720620691776275635e-01;2.011810094118118286e-01
1.647982895374298096e-01;-1.360769718885421753e-01;3.691760897636413574e-01
1.262517273426055908e-01;-3.480534851551055908e-01;1.393079161643981934e-01
-5.631511211395263672e-01;2.990658879280090332e-01;3.582079112529754639e-01
-5.631390810012817383e-01;3.860588073730468750e-01;3.027005195617675781e-01
-5.631470084190368652e-01;4.246203601360321045e-01;3.647311925888061523e-01
-5.631356239318847656e-01;4.246064126491546631e-01;3.319185674190521240e-01
-5.631359815597534180e-01;4.245571196079254150e-01;3.245829045772552490e-01
-5.631454586982727051e-01;1.544379591941833496e-01;3.563053905963897705e-01
-5.334468483924865723e-01;3.540979325771331787e-01;2.183082699775695801e-01
-4.144053161144256592e-01;2.197500020265579224e-01;3.561435341835021973e-01
-5.631420016288757324e-01;1.214887499809265137e-01;2.742765247821807861e-01
-5.631435513496398926e-01;1.005228459835052490e-01;3.673716187477111816e-01
3.923114836215972900e-01;3.520942628383636475e-01;-3.135517239570617676e-01
3.624938726425170898e-01;3.939573168754577637e-01;-2.279113233089447021e-01
3.268883526325225830e-01;2.819830775260925293e-01;-3.457819521427154541e-01
4.445678293704986572e-01;4.264733195304870605e-01;-2.596652805805206299e-01
3.088085353374481201e-01;4.253957569599151611e-01;-2.974624633789062500e-01
3.853198289871215820e-01;3.253090977668762207e-01;-1.801592111587524414e-01
5.505747795104980469e-01;3.538014888763427734e-01;-1.875884383916854858e-01
2.048546373844146729e-01;4.252728521823883057e-01;-1.908141374588012695e-01
4.244159460067749023e-01;1.425291150808334351e-01;-2.021392285823822021e-01
5.915837287902832031e-01;2.103599607944488525e-01;-3.995015323162078857e-01
-3.127466440200805664e-01;4.250975847244262695e-01;-4.199788272380828857e-01
-1.961425840854644775e-01;2.870514094829559326e-01;-3.513219654560089111e-01
-5.630916357040405273e-01;4.246992468833923340e-01;-4.199790060520172119e-01
-5.630924105644226074e-01;3.440137505531311035e-01;-4.170925021171569824e-01
-4.954151809215545654e-01;2.266703248023986816e-01;-3.868414163589477539e-01
-5.630884170532226562e-01;3.255459070205688477e-01;-3.455092310905456543e-01
-5.630821585655212402e-01;4.247886538505554199e-01;-2.862822115421295166e-01
-2.179343700408935547e-01;1.491522789001464844e-01;-3.130878210067749023e-01
-5.630964040756225586e-01;2.447426468133926392e-01;-3.457546532154083252e-01
-1.724470704793930054e-01;2.786308228969573975e-01;-1.749771237373352051e-01
3.889231681823730469e-01;7.258856296539306641e-02;-1.375001817941665649e-01
4.244159460067749023e-01;1.425291150808334351e-01;-2.021392285823822021e-01
3.044532835483551025e-01;7.089221477508544922e-02;-3.024494647979736328e-02
4.696958959102630615e-01;1.620722264051437378e-01;-1.009361445903778076e-02
3.370403051376342773e-01;-1.038294583559036255e-01;-1.722175180912017822e-01
2.255824506282806396e-01;-1.241222769021987915e-02;-2.509133219718933105e-01
4.673378169536590576e-01;1.886808127164840698e-02;-3.450343608856201172e-01
5.864053964614868164e-01;-4.173529148101806641e-02;-1.438454687595367432e-01
3.574419319629669189e-01;-1.400954574346542358e-01;-5.131848156452178955e-02
4.596404433250427246e-01;8.932525664567947388e-02;8.352090418338775635e-02
1.171464547514915466e-01;-1.742488890886306763e-01;4.413793329149484634e-03
1.189505308866500854e-01;-1.938228458166122437e-01;-3.476065769791603088e-02
1.707064509391784668e-01;-1.300019025802612305e-01;-6.354112178087234497e-02
3.366091102361679077e-02;-3.070750534534454346e-01;-1.256721653044223785e-02
1.292865872383117676e-01;-2.564404904842376709e-02;8.660152554512023926e-02
2.299108356237411499e-01;-2.702987492084503174e-01;-1.223934516310691833e-01
2.054795175790786743e-01;-4.615262150764465332e-03;7.077641040086746216e-02
-7.769452780485153198e-02;-1.379865407943725586e-01;-6.290569156408309937e-02
1.262517273426055908e-01;-3.480534851551055908e-01;1.393079161643981934e-01
-5.173695832490921021e-02;-7.705081999301910400e-02;1.091479584574699402e-01
-5.451943874359130859e-01;1.374656558036804199e-01;-4.185540974140167236e-01
-5.246576070785522461e-01;3.029716201126575470e-02;-4.200153946876525879e-01
-5.246492624282836914e-01;3.029889240860939026e-02;-4.200124740600585938e-01
-5.429027676582336426e-01;-6.329585611820220947e-02;-3.946493566036224365e-01
-5.246583223342895508e-01;3.031877800822257996e-02;-4.200042486190795898e-01
-5.535410046577453613e-01;6.726185232400894165e-02;-3.226604163646697998e-01
-5.246263742446899414e-01;3.029382228851318359e-02;-4.199945926666259766e-01
-5.565272569656372070e-01;2.621389366686344147e-02;-3.978021740913391113e-01
-5.246661901473999023e-01;3.030272014439105988e-02;-4.200186133384704590e-01
-5.246636271476745605e-01;3.030069544911384583e-02;-4.200176298618316650e-01
7.678059935569763184e-01;-2.271742373704910278e-01;3.228425383567810059e-01
7.974572181701660156e-01;-4.206181764602661133e-01;2.886520028114318848e-01
7.974601387977600098e-01;-4.206222295761108398e-01;2.886428833007812500e-01
7.945201396942138672e-01;-4.160413146018981934e-01;2.976046800613403320e-01
7.974736690521240234e-01;-4.206036627292633057e-01;2.886472642421722412e-01
7.259579896926879883e-01;-3.478405475616455078e-01;6.075526773929595947e-02
7.974466681480407715e-01;-4.206098616123199463e-01;2.886485457420349121e-01
6.642833948135375977e-01;-3.510650098323822021e-01;3.157365918159484863e-01
7.974343895912170410e-01;-4.206034243106842041e-01;2.886647880077362061e-01
7.974491715431213379e-01;-4.206019043922424316e-01;2.886527180671691895e-01
-1.580836176872253418e-01;3.879120647907257080e-01;1.339603960514068604e-01
-1.449890285730361938e-01;4.249911010265350342e-01;3.695715963840484619e-01
-1.449563503265380859e-01;4.249807298183441162e-01;3.695959448814392090e-01
-2.543029785156250000e-01;2.306311428546905518e-01;2.312470972537994385e-01
-1.449975222349166870e-01;4.249840080738067627e-01;3.695881664752960205e-01
7.659392058849334717e-02;3.259019255638122559e-01;2.827760279178619385e-01
-1.449718475341796875e-01;4.249915480613708496e-01;3.695952892303466797e-01
-3.886995315551757812e-01;3.900146782398223877e-01;3.631233572959899902e-01
-1.449774205684661865e-01;4.249741137027740479e-01;3.695731759071350098e-01
-1.449692845344543457e-01;4.249975085258483887e-01;3.696056306362152100e-01
5.634825229644775391e-01;3.872420191764831543e-01;2.650186419486999512e-01
7.444014549255371094e-01;3.635566532611846924e-01;3.995194733142852783e-01
7.442345023155212402e-01;3.634867966175079346e-01;3.994711935520172119e-01
7.434332370758056641e-01;3.656942546367645264e-01;3.968828320503234863e-01
7.443449497222900391e-01;3.634764552116394043e-01;3.994480669498443604e-01
7.419480681419372559e-01;3.836027979850769043e-01;1.381735205650329590e-01
7.442169189453125000e-01;3.635346591472625732e-01;3.994427025318145752e-01
7.408974170684814453e-01;1.934364438056945801e-01;2.920903563499450684e-01
7.442677021026611328e-01;3.635607063770294189e-01;3.995900452136993408e-01
7.442979216575622559e-01;3.635210692882537842e-01;3.994877934455871582e-01
2.279519736766815186e-01;8.442219346761703491e-02;3.029979467391967773e-01
2.755165994167327881e-01;6.077928096055984497e-02;1.753748655319213867e-01
2.756253182888031006e-01;6.081937998533248901e-02;1.754021942615509033e-01
3.279927074909210205e-01;-4.069276154041290283e-02;2.454834282398223877e-01
2.755558490753173828e-01;6.083957478404045105e-02;1.754211485385894775e-01
3.748080730438232422e-01;1.487936079502105713e-01;2.197811454534530640e-01
2.756315767765045166e-01;6.079134717583656311e-02;1.754238605499267578e-01
1.521825492382049561e-01;8.857589215040206909e-03;1.012824177742004395e-01
2.755885422229766846e-01;6.078440696001052856e-02;1.753277778625488281e-01
2.755723595619201660e-01;6.080729141831398010e-02;1.753905564546585083e-01
-3.730570524930953979e-02;3.855543136596679688e-01;-6.130243837833404541e-02
6.799701135605573654e-03;4.250937700271606445e-01;-2.640564441680908203e-01
6.787579040974378586e-03;4.250727593898773193e-01;-2.640650272369384766e-01
-7.872797548770904541e-02;3.164841532707214355e-01;-2.449722737073898315e-01
6.800431292504072189e-03;4.250778555870056152e-01;-2.640711665153503418e-01
2.053798288106918335e-01;4.153656363487243652e-01;-1.852599382400512695e-01
6.779618095606565475e-03;4.250934422016143799e-01;-2.640627324581146240e-01
-1.271587312221527100e-01;4.232562184333801270e-01;-1.709942221641540527e-01
6.774471607059240341e-03;4.250948727130889893e-01;-2.640351057052612305e-01
6.792899686843156815e-03;4.250988662242889404e-01;-2.640529572963714600e-01
-3.970409035682678223e-01;3.717821240425109863e-01;-4.629343748092651367e-04
-5.630978345870971680e-01;4.247263669967651367e-01;-7.135979086160659790e-02
-5.631445050239562988e-01;4.247022569179534912e-01;-7.136450707912445068e-02
-5.562404990196228027e-01;2.048657536506652832e-01;-5.484029650688171387e-02
-5.631356239318847656e-01;4.246984720230102539e-01;-7.136569172143936157e-02
-5.578928589820861816e-01;4.098400771617889404e-01;9.857933968305587769e-02
-5.631470084190368652e-01;4.247103333473205566e-01;-7.138453423976898193e-02
-5.581077933311462402e-01;4.089865088462829590e-01;-2.792139947414398193e-01
-5.631384849548339844e-01;4.247166812419891357e-01;-7.132656127214431763e-02
-5.631189346313476562e-01;4.247114360332489014e-01;-7.135023176670074463e-02
-1.111116707324981689e-01;-4.189794063568115234e-01;-2.532319724559783936e-01
-1.716505885124206543e-01;-4.145968258380889893e-01;-4.111075699329376221e-01
-1.716794818639755249e-01;-4.146153032779693604e-01;-4.111045598983764648e-01
-1.776314377784729004e-01;-4.121934175491333008e-01;-4.100330770015716553e-01
-1.716829836368560791e-01;-4.146401584148406982e-01;-4.111111760139465332e-01
-2.194690704345703125e-02;-3.134718537330627441e-01;-3.273484110832214355e-01
-1.717053353786468506e-01;-4.146043062210083008e-01;-4.111246764659881592e-01
-2.590121626853942871e-01;-1.929936707019805908e-01;-3.813237845897674561e-01
-1.716714352369308472e-01;-4.146159589290618896e-01;-4.110726714134216309e-01
-1.716560423374176025e-01;-4.146150350570678711e-01;-4.110963940620422363e-01
1.020050495862960815e-01;-3.923072814941406250e-01;8.507598936557769775e-02
3.087339103221893311e-01;-4.152805507183074951e-01;-1.018700227141380310e-01
3.086031079292297363e-01;-4.153645932674407959e-01;-1.018941253423690796e-01
3.423563539981842041e-01;-4.039367735385894775e-01;-2.708185315132141113e-01
3.086697459220886230e-01;-4.153599143028259277e-01;-1.019127666950225830e-01
4.760218262672424316e-01;-4.152789711952209473e-01;-7.000658661127090454e-02
3.085802495479583740e-01;-4.152980446815490723e-01;-1.019167453050613403e-01
2.475273609161376953e-01;-2.510164976119995117e-01;-1.134164407849311829e-01
3.086090087890625000e-01;-4.152934551239013672e-01;-1.017783433198928833e-01
3.086576759815216064e-01;-4.153112471103668213e-01;-1.018710285425186157e-01
7.337443828582763672e-01;1.480407565832138062e-01;2.594790756702423096e-01
8.114246726036071777e-01;-1.660728827118873596e-03;1.000461652874946594e-01
8.113783001899719238e-01;-1.668898388743400574e-03;1.000172048807144165e-01
7.254076600074768066e-01;-1.144451871514320374e-01;-7.145807147026062012e-02
8.114207983016967773e-01;-1.700298860669136047e-03;1.000139415264129639e-01
6.758870482444763184e-01;1.188841909170150757e-01;7.589664310216903687e-02
8.113247156143188477e-01;-1.644566655158996582e-03;9.999956190586090088e-02
8.011355400085449219e-01;-1.273600608110427856e-01;3.047841489315032959e-01
8.114003539085388184e-01;-1.653988379985094070e-03;1.000717207789421082e-01
8.114145398139953613e-01;-1.657339511439204216e-03;1.000382304191589355e-01
5.454825162887573242e-01;3.437264561653137207e-01;1.860039979219436646e-01
5.027731657028198242e-01;4.268681108951568604e-01;5.326884612441062927e-02
5.027647614479064941e-01;4.268571138381958008e-01;5.326432362198829651e-02
5.322970747947692871e-01;3.238764703273773193e-01;-1.223367154598236084e-01
5.027666091918945312e-01;4.268448948860168457e-01;5.325825512409210205e-02
7.486796379089355469e-01;4.152753353118896484e-01;1.322486624121665955e-02
5.027487277984619141e-01;4.268686771392822266e-01;5.325821414589881897e-02
2.878295779228210449e-01;3.333810567855834961e-01;1.142281442880630493e-01
5.027707219123840332e-01;4.268574714660644531e-01;5.328114330768585205e-02
5.027778148651123047e-01;4.268645942211151123e-01;5.327063798904418945e-02
7.803112864494323730e-01;-1.193440183997154236e-01;-1.432738155126571655e-01
7.474738359451293945e-01;-9.585563675500452518e-04;-3.291909992694854736e-01
7.472351193428039551e-01;-1.070968806743621826e-03;-3.292658329010009766e-01
7.347249388694763184e-01;4.698222130537033081e-02;-3.373347222805023193e-01
7.473932504653930664e-01;-1.054866239428520203e-03;-3.292965888977050781e-01
5.588070154190063477e-01;2.204423546791076660e-01;-3.764089345932006836e-01
7.472023963928222656e-01;-9.766947478055953979e-04;-3.292912840843200684e-01
5.488626956939697266e-01;-6.693396717309951782e-02;-3.578610718250274658e-01
7.472392320632934570e-01;-9.417594992555677891e-04;-3.290591239929199219e-01
7.473165988922119141e-01;-9.892128873616456985e-04;-3.292255103588104248e-01
-5.620824098587036133e-01;1.420458704233169556e-01;5.518935993313789368e-02
-5.630751848220825195e-01;3.907462209463119507e-02;1.419800985604524612e-02
-5.631600022315979004e-01;3.902496397495269775e-02;1.419211272150278091e-02
-5.608311891555786133e-01;-7.554733753204345703e-02;6.092151626944541931e-02
-5.631290674209594727e-01;3.901937603950500488e-02;1.417696569114923477e-02
-5.608990788459777832e-01;1.206676661968231201e-02;1.265190541744232178e-01
-5.631716251373291016e-01;3.905626013875007629e-02;1.417127717286348343e-02
-5.515331029891967773e-01;9.240630269050598145e-02;-9.801197052001953125e-02
-5.631587505340576172e-01;3.905907645821571350e-02;1.425484847277402878e-02
-5.631285309791564941e-01;3.905242308974266052e-02;1.420931797474622726e-02
-1.809259504079818726e-01;8.002164214849472046e-02;2.677340209484100342e-01
-5.739961192011833191e-02;-2.263876236975193024e-02;3.694481849670410156e-01
-5.742794275283813477e-02;-2.264122851192951202e-02;3.694595098495483398e-01
-1.257685124874114990e-01;-7.866228371858596802e-02;2.498084008693695068e-01
-5.743569135665893555e-02;-2.268057316541671753e-02;3.694475293159484863e-01
1.050040870904922485e-01;7.306817173957824707e-02;3.178696334362030029e-01
-5.744837597012519836e-02;-2.264812588691711426e-02;3.694370985031127930e-01
-1.972634643316268921e-01;-9.650028496980667114e-02;3.638840913772583008e-01
-5.739654600620269775e-02;-2.266269363462924957e-02;3.694558143615722656e-01
-5.740798264741897583e-02;-2.266620099544525146e-02;3.694510757923126221e-01
3.272905349731445312e-01;3.111780881881713867e-01;1.610750854015350342e-01
2.496196180582046509e-01;3.809458017349243164e-01;3.691370487213134766e-01
2.495157122611999512e-01;3.809012770652770996e-01;3.691161870956420898e-01
8.013300597667694092e-02;2.041220068931579590e-01;3.367293179035186768e-01
2.495711445808410645e-01;3.808815479278564453e-01;3.690951466560363770e-01
3.366860151290893555e-01;1.450278759002685547e-01;3.488289415836334229e-01
2.494923472404479980e-01;3.809315562248229980e-01;3.690842986106872559e-01
4.542392492294311523e-02;3.429606556892395020e-01;2.689651846885681152e-01
2.495384514331817627e-01;3.809383809566497803e-01;3.691867887973785400e-01
2.495612502098083496e-01;3.809202313423156738e-01;3.691289722919464111e-01
-5.529961585998535156e-01;-2.048083841800689697e-01;-3.290493190288543701e-01
-5.630709528923034668e-01;-3.323771059513092041e-01;-4.200849533081054688e-01
-5.631086826324462891e-01;-3.323917090892791748e-01;-4.200876653194427490e-01
-5.610091090202331543e-01;-4.102322459220886230e-01;-4.006725847721099854e-01
-5.630985498428344727e-01;-3.324001729488372803e-01;-4.200913310050964355e-01
-5.604242086410522461e-01;-3.976704776287078857e-01;-2.786217927932739258e-01
-5.631089806556701660e-01;-3.323875367641448975e-01;-4.200971126556396484e-01
-5.612146854400634766e-01;-3.318053483963012695e-01;-4.094751775264739990e-01
-5.631011724472045898e-01;-3.323851227760314941e-01;-4.200637340545654297e-01
-5.630933642387390137e-01;-3.323923349380493164e-01;-4.200852811336517334e-01
-1.938970983028411865e-01;3.707766532897949219e-01;1.611187458038330078e-01
-2.352541983127593994e-01;4.250672161579132080e-01;2.970317006111145020e-02
-2.353606224060058594e-01;4.250347018241882324e-01;2.967108786106109619e-02
-2.838687002658843994e-01;2.779144644737243652e-01;4.644858837127685547e-02
-2.352942228317260742e-01;4.250183701515197754e-01;2.966148033738136292e-02
-8.446721732616424561e-02;3.573347926139831543e-01;-4.938727617263793945e-02
-2.353682070970535278e-01;4.250499606132507324e-01;2.965266630053520203e-02
-3.473191857337951660e-01;3.795361220836639404e-01;2.218219637870788574e-02
-2.353366315364837646e-01;4.250713288784027100e-01;2.974918857216835022e-02
-2.353208512067794800e-01;4.250441491603851318e-01;2.968169003725051880e-02
-5.361646413803100586e-01;-2.492496073246002197e-01;2.727817893028259277e-01
-5.631083846092224121e-01;-4.144837856292724609e-01;2.506408393383026123e-01
-5.631746649742126465e-01;-4.145022928714752197e-01;2.506236135959625244e-01
-5.590797066688537598e-01;-4.093025922775268555e-01;2.480787187814712524e-01
-5.631405115127563477e-01;-4.145228564739227295e-01;2.506135702133178711e-01
-5.503780841827392578e-01;-3.716488480567932129e-01;2.796098589897155762e-01
-5.631852149963378906e-01;-4.144884645938873291e-01;2.506116032600402832e-01
-5.591573715209960938e-01;-4.146273136138916016e-01;1.037363708019256592e-01
-5.631535053253173828e-01;-4.144865274429321289e-01;2.506644725799560547e-01
-5.631454586982727051e-01;-4.144985079765319824e-01;2.506330609321594238e-01
4.319933354854583740e-01;-1.625090688467025757e-01;-2.160027027130126953e-01
4.981237351894378662e-01;-2.058247625827789307e-01;-3.999935388565063477e-01
4.979118108749389648e-01;-2.059396356344223022e-01;-4.000514149665832520e-01
6.258372664451599121e-01;-3.413417935371398926e-01;-3.301720619201660156e-01
4.980442523956298828e-01;-2.059099078178405762e-01;-4.000757038593292236e-01
5.656278133392333984e-01;-3.734667599201202393e-02;-3.576421737670898438e-01
4.979085326194763184e-01;-2.058550119400024414e-01;-4.000676572322845459e-01
3.672891855239868164e-01;-1.112788915634155273e-03;-3.679050207138061523e-01
4.979144334793090820e-01;-2.058174312114715576e-01;-3.998705148696899414e-01
4.979791045188903809e-01;-2.058642059564590454e-01;-4.000251293182373047e-01
