-3.895815908908843994e-01;2.026831060647964478e-01;5.742534995079040527e-01
-4.112764596939086914e-01;4.061517119407653809e-02;5.340108275413513184e-01
-4.339081048965454102e-01;4.700291156768798828e-02;5.089908242225646973e-01
-3.682350218296051025e-01;3.645884990692138672e-02;4.745608270168304443e-01
-3.127954006195068359e-01;3.853457868099212646e-01;5.511558651924133301e-01
-3.163884580135345459e-01;3.505986630916595459e-01;4.618484377861022949e-01
-2.360247969627380371e-01;2.667945921421051025e-01;4.338428378105163574e-01
-1.938997805118560791e-01;2.212926000356674194e-01;4.518404006958007812e-01
-2.081938236951828003e-01;3.422221243381500244e-01;4.985324442386627197e-01
-2.460501343011856079e-01;2.035220563411712646e-01;3.765906989574432373e-01
2.413784526288509369e-02;-7.338891625404357910e-01;-5.325371026992797852e-01
-1.667208075523376465e-01;-6.840687394142150879e-01;-5.324723124504089355e-01
-2.088143974542617798e-01;-7.479430437088012695e-01;-5.324820876121520996e-01
-1.795620322227478027e-01;-7.546715736389160156e-01;-3.672100603580474854e-01
-1.374314576387405396e-01;-6.217567920684814453e-01;-3.211928009986877441e-01
-2.731089591979980469e-01;-7.004801630973815918e-01;-5.342918038368225098e-01
-2.610659301280975342e-01;-6.387870311737060547e-01;-5.004784464836120605e-01
-2.858586907386779785e-01;-6.857295632362365723e-01;-4.783968627452850342e-01
-2.781496942043304443e-01;-7.426118850708007812e-01;-3.899217545986175537e-01
-4.541627317667007446e-02;-4.874047338962554932e-01;-3.057557940483093262e-01
-4.130786955356597900e-01;1.077059423550963402e-03;-5.618791580200195312e-01
-4.563939571380615234e-01;-1.162652894854545593e-01;-5.559348464012145996e-01
-4.099431633949279785e-01;-1.701139658689498901e-01;-4.816991984844207764e-01
-2.218712866306304932e-01;-6.561551988124847412e-02;-5.324055552482604980e-01
-4.343087673187255859e-01;2.174992263317108154e-01;-4.924302697181701660e-01
-2.386114299297332764e-01;-5.092171207070350647e-02;-4.154876172542572021e-01
-2.472626417875289917e-01;1.591197699308395386e-01;-4.545928835868835449e-01
-2.908792495727539062e-01;-1.126806437969207764e-01;-3.687299191951751709e-01
-3.443240225315093994e-01;-2.491950392723083496e-01;-5.468657612800598145e-01
-2.784867584705352783e-01;-4.193126037716865540e-02;-3.434378206729888916e-01
-2.463359385728836060e-01;7.870510816574096680e-01;5.439442992210388184e-01
-2.340037673711776733e-01;7.266935706138610840e-01;4.717421531677246094e-01
-2.715212106704711914e-01;6.445168852806091309e-01;4.789897203445434570e-01
-2.319842576980590820e-01;6.597796678543090820e-01;4.264139831066131592e-01
-1.059134006500244141e-01;7.275821566581726074e-01;4.234854876995086670e-01
-2.736511826515197754e-01;5.922441482543945312e-01;5.455307960510253906e-01
-3.957956135272979736e-01;5.233920812606811523e-01;4.902375340461730957e-01
-6.531894207000732422e-02;5.744279026985168457e-01;4.009065032005310059e-01
-3.453456163406372070e-01;4.720057249069213867e-01;5.346472263336181641e-01
-1.892479658126831055e-01;4.689497947692871094e-01;4.209735989570617676e-01
-1.379639506340026855e-01;-1.819900423288345337e-01;4.074327349662780762e-01
-6.583733856678009033e-02;-1.856289356946945190e-01;4.359700977802276611e-01
-1.546696275472640991e-01;-1.664061546325683594e-01;3.181337416172027588e-01
-2.196131795644760132e-01;-1.042885556817054749e-01;4.549213945865631104e-01
-5.861784517765045166e-02;-1.376846730709075928e-01;3.147887289524078369e-01
-4.156260192394256592e-02;-9.034711867570877075e-02;3.912362456321716309e-01
3.648400306701660156e-04;-8.647984266281127930e-02;3.750022053718566895e-01
-1.530476659536361694e-01;-2.715805172920227051e-02;3.348490595817565918e-01
-1.980135291814804077e-01;-1.424137800931930542e-01;2.286342382431030273e-01
-3.021074831485748291e-01;-3.134025931358337402e-01;4.558199048042297363e-01
-3.697739541530609131e-01;-7.474439740180969238e-01;-5.047084689140319824e-01
-3.367104232311248779e-01;-7.515822649002075195e-01;-5.447311401367187500e-01
-3.355841338634490967e-01;-7.445955872535705566e-01;-4.596355557441711426e-01
-2.858586907386779785e-01;-6.857295632362365723e-01;-4.783968627452850342e-01
-2.731089591979980469e-01;-7.004801630973815918e-01;-5.342918038368225098e-01
-3.222892880439758301e-01;-6.213668584823608398e-01;-4.815807938575744629e-01
-2.781496942043304443e-01;-7.426118850708007812e-01;-3.899217545986175537e-01
-2.610659301280975342e-01;-6.387870311737060547e-01;-5.004784464836120605e-01
-2.088143974542617798e-01;-7.479430437088012695e-01;-5.324820876121520996e-01
-1.667208075523376465e-01;-6.840687394142150879e-01;-5.324723124504089355e-01
1.912006735801696777e-02;-2.506366185843944550e-02;-3.634323775768280029e-01
1.394124701619148254e-02;-1.281686127185821533e-01;-2.623615860939025879e-01
-2.150850370526313782e-03;7.379699498414993286e-02;-2.596575319766998291e-01
5.847753584384918213e-02;-3.057567961513996124e-02;-2.118653208017349243e-01
-1.235495507717132568e-01;-6.128910183906555176e-02;-4.780173897743225098e-01
1.579260826110839844e-01;-1.219305619597434998e-01;-2.573432624340057373e-01
-1.661512702703475952e-01;3.590282052755355835e-02;-3.158357143402099609e-01
-1.267354488372802734e-01;8.067202568054199219e-02;-4.717653691768646240e-01
-9.546579793095588684e-03;-1.012059599161148071e-01;-1.290792524814605713e-01
-2.386114299297332764e-01;-5.092171207070350647e-02;-4.154876172542572021e-01
2.674633860588073730e-01;5.008315443992614746e-01;-1.275081783533096313e-01
2.486602663993835449e-01;4.063993096351623535e-01;-1.494481861591339111e-01
1.585590094327926636e-01;5.174601078033447266e-01;-6.812005490064620972e-02
2.735213339328765869e-01;4.166874587535858154e-01;-2.253399640321731567e-01
1.446054875850677490e-01;5.031236410140991211e-01;-2.050380557775497437e-01
2.388724088668823242e-01;4.213047623634338379e-01;3.025531768798828125e-03
1.700023710727691650e-01;5.989449620246887207e-01;-2.814313769340515137e-02
1.901360452175140381e-01;5.138469338417053223e-01;2.561758458614349365e-02
2.605589628219604492e-01;3.122278451919555664e-01;-9.524825960397720337e-02
1.858837604522705078e-01;3.534271419048309326e-01;-3.534252941608428955e-02
1.271064579486846924e-01;-5.183128118515014648e-01;2.139377295970916748e-01
1.977442800998687744e-01;-5.360363721847534180e-01;1.754161417484283447e-01
7.490991055965423584e-02;-5.561626553535461426e-01;1.003718525171279907e-01
1.974810361862182617e-01;-4.020851552486419678e-01;1.960923969745635986e-01
2.591756284236907959e-01;-4.595525264739990234e-01;1.534814834594726562e-01
1.499248147010803223e-01;-5.013166666030883789e-01;4.083201289176940918e-02
2.069133222103118896e-01;-5.685903429985046387e-01;6.503951549530029297e-02
2.473875731229782104e-01;-4.297051131725311279e-01;1.166298016905784607e-01
2.038955986499786377e-01;-4.658589661121368408e-01;4.557973146438598633e-02
7.099990546703338623e-02;-6.405638456344604492e-01;7.474686205387115479e-02
-3.709156513214111328e-01;-4.261836707592010498e-01;-5.558921098709106445e-01
-3.338685631752014160e-01;-4.096963107585906982e-01;-5.447713136672973633e-01
-4.131375849246978760e-01;-4.102015197277069092e-01;-4.858337044715881348e-01
-2.828310728073120117e-01;-3.547049164772033691e-01;-5.349668264389038086e-01
-2.452122718095779419e-01;-4.593590497970581055e-01;-4.953797161579132080e-01
-2.203091979026794434e-01;-4.274354875087738037e-01;-5.325053334236145020e-01
-3.443240225315093994e-01;-2.491950243711471558e-01;-5.468657612800598145e-01
-3.222892880439758301e-01;-6.213668584823608398e-01;-4.815807938575744629e-01
-2.596343755722045898e-01;-4.038353264331817627e-01;-3.423441350460052490e-01
-2.610659301280975342e-01;-6.387870311737060547e-01;-5.004784464836120605e-01
9.647931903600692749e-03;8.050783872604370117e-01;-5.814389325678348541e-03
5.779211223125457764e-02;8.157153129577636719e-01;4.386239126324653625e-02
1.089884638786315918e-01;8.249107599258422852e-01;-3.046743571758270264e-02
1.160775721073150635e-01;8.263898491859436035e-01;-2.424460649490356445e-02
1.207084059715270996e-01;8.271279931068420410e-01;-2.797381952404975891e-02
1.324051767587661743e-01;8.165577054023742676e-01;-3.061359003186225891e-02
1.415016800165176392e-01;8.304423689842224121e-01;-4.471861198544502258e-02
1.271723806858062744e-01;8.268373012542724609e-01;7.986653596162796021e-02
1.527886837720870972e-01;7.637516260147094727e-01;7.021572440862655640e-03
1.461257487535476685e-01;8.291115760803222656e-01;-6.443589180707931519e-02
-2.736638188362121582e-01;-4.727654457092285156e-01;3.899528682231903076e-01
-3.133620619773864746e-01;-4.499763250350952148e-01;4.584762752056121826e-01
-1.868299394845962524e-01;-4.477008879184722900e-01;4.185949862003326416e-01
-3.042430281639099121e-01;-4.806686341762542725e-01;4.890192151069641113e-01
-3.021074831485748291e-01;-3.134025931358337402e-01;4.558199048042297363e-01
-3.231388330459594727e-01;-6.148965954780578613e-01;4.944452047348022461e-01
-1.309661120176315308e-01;-3.835652470588684082e-01;4.902810752391815186e-01
-2.762463092803955078e-01;-6.723192930221557617e-01;3.749635219573974609e-01
-4.245363771915435791e-01;-5.733873844146728516e-01;5.100963115692138672e-01
-2.278618812561035156e-01;-6.945126056671142578e-01;4.314767420291900635e-01
2.065042965114116669e-03;-2.606520652770996094e-01;-1.360511332750320435e-01
-1.065893936902284622e-02;-3.039802312850952148e-01;-2.021891623735427856e-01
7.856066524982452393e-02;-3.621368110179901123e-01;-9.591942280530929565e-02
-2.428432554006576538e-02;-3.532791137695312500e-01;-2.305807620286941528e-01
-9.546579793095588684e-03;-1.012059599161148071e-01;-1.290792524814605713e-01
1.394124701619148254e-02;-1.281686127185821533e-01;-2.623615860939025879e-01
-2.587607502937316895e-02;-3.783845007419586182e-01;2.386216819286346436e-02
1.313763111829757690e-01;-1.762266010046005249e-01;3.919348120689392090e-03
2.100640088319778442e-01;-2.292953431606292725e-01;-1.828645616769790649e-01
1.920858621597290039e-01;-3.785032629966735840e-01;-1.563324332237243652e-01
-2.305767983198165894e-01;7.791795134544372559e-01;-3.417932093143463135e-01
-3.062992990016937256e-01;7.845287919044494629e-01;-5.391448140144348145e-01
-3.063529133796691895e-01;7.845039963722229004e-01;-5.391664505004882812e-01
-3.364486694335937500e-01;6.222591400146484375e-01;-5.395869016647338867e-01
-3.063119649887084961e-01;7.845056653022766113e-01;-5.391739606857299805e-01
-6.350690126419067383e-02;7.757720351219177246e-01;-4.987932145595550537e-01
-3.063463270664215088e-01;7.845210433006286621e-01;-5.391611456871032715e-01
-3.302059769630432129e-01;7.850970625877380371e-01;-4.701042771339416504e-01
-3.063444197177886963e-01;7.845342159271240234e-01;-5.391238927841186523e-01
-3.063357770442962646e-01;7.845217585563659668e-01;-5.391594171524047852e-01
-7.605041563510894775e-02;-6.148673892021179199e-01;3.956258296966552734e-01
-1.227956265211105347e-01;-7.411189079284667969e-01;5.435154438018798828e-01
-1.228297501802444458e-01;-7.411388754844665527e-01;5.435096025466918945e-01
-1.221488118171691895e-01;-7.404294013977050781e-01;5.441269874572753906e-01
-1.228139698505401611e-01;-7.411294579505920410e-01;5.435068011283874512e-01
-2.275788784027099609e-01;-6.921823620796203613e-01;4.248770773410797119e-01
-1.228268221020698547e-01;-7.411227822303771973e-01;5.435124635696411133e-01
-3.193860650062561035e-01;-6.248380541801452637e-01;4.911095499992370605e-01
-1.228363364934921265e-01;-7.411200404167175293e-01;5.435342788696289062e-01
-1.228236630558967590e-01;-7.411261796951293945e-01;5.435127615928649902e-01
2.411843091249465942e-01;8.380151987075805664e-01;7.843745499849319458e-02
2.664925754070281982e-01;7.461757659912109375e-01;1.726117432117462158e-01
2.662760913372039795e-01;7.460836768150329590e-01;1.725620627403259277e-01
2.649588882923126221e-01;7.461891770362854004e-01;1.708759665489196777e-01
2.664006352424621582e-01;7.460620403289794922e-01;1.725281774997711182e-01
1.901483833789825439e-01;7.852798700332641602e-01;8.399901539087295532e-02
2.662568688392639160e-01;7.461481094360351562e-01;1.725266277790069580e-01
2.086763083934783936e-01;6.928417086601257324e-01;8.827553689479827881e-02
2.663132846355438232e-01;7.461684346199035645e-01;1.727173030376434326e-01
2.663613259792327881e-01;7.461273670196533203e-01;1.725881099700927734e-01
1.944363266229629517e-01;-1.095906347036361694e-01;-1.141023635864257812e-02
2.530346214771270752e-01;-1.289286166429519653e-01;9.020191431045532227e-02
2.530299723148345947e-01;-1.289421766996383667e-01;9.019663929939270020e-02
2.645633220672607422e-01;-3.603994101285934448e-02;1.401419639587402344e-01
2.530398964881896973e-01;-1.289131492376327515e-01;9.020532667636871338e-02
2.059293240308761597e-01;-1.508015692234039307e-01;2.108877152204513550e-02
2.530436515808105469e-01;-1.289292275905609131e-01;9.021288156509399414e-02
2.715674340724945068e-01;-1.947330087423324585e-01;1.678389012813568115e-01
2.530001103878021240e-01;-1.289169788360595703e-01;9.022277593612670898e-02
2.530207931995391846e-01;-1.289194226264953613e-01;9.020569175481796265e-02
1.481185555458068848e-01;-7.892952561378479004e-01;2.064408734440803528e-02
2.412532866001129150e-01;-8.081678748130798340e-01;2.645422890782356262e-02
2.411897629499435425e-01;-8.082052469253540039e-01;2.644958905875682831e-02
2.378553748130798340e-01;-8.061566948890686035e-01;2.433791384100914001e-02
2.412138283252716064e-01;-8.082116842269897461e-01;2.644039504230022430e-02
2.334703654050827026e-01;-7.988801002502441406e-01;-4.881539940834045410e-02
2.411834299564361572e-01;-8.081827759742736816e-01;2.643611840903759003e-02
2.350392490625381470e-01;-7.943217158317565918e-01;8.002693951129913330e-02
2.411940544843673706e-01;-8.081815242767333984e-01;2.650166116654872894e-02
2.412180304527282715e-01;-8.081884980201721191e-01;2.646063268184661865e-02
-3.816537559032440186e-03;4.699954390525817871e-01;-2.522846758365631104e-01
-1.010113358497619629e-01;3.254427313804626465e-01;-1.998631060123443604e-01
-1.010956317186355591e-01;3.254074156284332275e-01;-1.998841017484664917e-01
-1.185794919729232788e-01;1.882205754518508911e-01;-2.075366228818893433e-01
-1.010476201772689819e-01;3.253956437110900879e-01;-1.998982429504394531e-01
1.132303103804588318e-01;3.721002340316772461e-01;-2.032133787870407104e-01
-1.011120378971099854e-01;3.254323005676269531e-01;-1.999044716358184814e-01
-1.432545632123947144e-01;2.906235158443450928e-01;-3.405302762985229492e-01
-1.010798364877700806e-01;3.254396319389343262e-01;-1.998195648193359375e-01
-1.010614559054374695e-01;3.254240453243255615e-01;-1.998681575059890747e-01
-6.325058639049530029e-04;3.315052390098571777e-01;1.021302789449691772e-01
2.375311776995658875e-02;3.123119473457336426e-01;2.789185047149658203e-01
2.370966412127017975e-02;3.122916519641876221e-01;2.789005041122436523e-01
2.018666416406631470e-01;3.602530956268310547e-01;2.334641814231872559e-01
2.374602854251861572e-02;3.122892677783966064e-01;2.788970470428466797e-01
1.114494949579238892e-01;4.813185036182403564e-01;1.822632253170013428e-01
2.370418608188629150e-02;3.123081326484680176e-01;2.788920998573303223e-01
4.290390759706497192e-02;1.979915499687194824e-01;3.187857866287231445e-01
2.372500300407409668e-02;3.123140633106231689e-01;2.789351940155029297e-01
2.373268827795982361e-02;3.123034536838531494e-01;2.789077758789062500e-01
-1.987532377243041992e-01;-2.682695388793945312e-01;-4.497904181480407715e-01
-1.975195705890655518e-01;-3.519698381423950195e-01;-3.183628618717193604e-01
-1.975611597299575806e-01;-3.519856035709381104e-01;-3.183794021606445312e-01
-4.820595681667327881e-02;-4.885509312152862549e-01;-3.102245628833770752e-01
-1.975338160991668701e-01;-3.519834280014038086e-01;-3.183805644512176514e-01
-1.236477494239807129e-02;-3.140015006065368652e-01;-2.148868143558502197e-01
-1.975689530372619629e-01;-3.519733548164367676e-01;-3.183860182762145996e-01
-2.411041557788848877e-01;-4.387611448764801025e-01;-5.169099569320678711e-01
-1.975609362125396729e-01;-3.519638776779174805e-01;-3.183395862579345703e-01
-1.975449323654174805e-01;-3.519713580608367920e-01;-3.183631896972656250e-01
-3.580565452575683594e-01;-2.404216229915618896e-01;5.586184263229370117e-01
-4.726173579692840576e-01;-4.983563423156738281e-01;6.080857515335083008e-01
-4.726557433605194092e-01;-4.983840882778167725e-01;6.080803871154785156e-01
-3.545458018779754639e-01;-6.759830713272094727e-01;4.872330427169799805e-01
-4.726313054561614990e-01;-4.983581900596618652e-01;6.080758571624755859e-01
-3.244457840919494629e-01;-6.115057468414306641e-01;5.038317441940307617e-01
-4.726358652114868164e-01;-4.983672201633453369e-01;6.080880165100097656e-01
-3.118291199207305908e-01;-4.477311670780181885e-01;4.673414826393127441e-01
-4.726648032665252686e-01;-4.983530640602111816e-01;6.081004738807678223e-01
-4.726578295230865479e-01;-4.983656406402587891e-01;6.080777049064636230e-01
2.528539299964904785e-01;-3.144288659095764160e-01;-7.339840382337570190e-02
2.370482534170150757e-01;-4.534962475299835205e-01;-1.424514353275299072e-01
2.370728701353073120e-01;-4.534884095191955566e-01;-1.424423605203628540e-01
1.945210546255111694e-01;-3.789923489093780518e-01;-1.567882299423217773e-01
2.370519042015075684e-01;-4.534736573696136475e-01;-1.424332559108734131e-01
2.093390822410583496e-01;-6.225398182868957520e-01;-1.374240368604660034e-01
2.370993196964263916e-01;-4.535010159015655518e-01;-1.424203515052795410e-01
1.898580491542816162e-01;-4.884243905544281006e-01;-3.120678663253784180e-02
2.370552867650985718e-01;-4.534953534603118896e-01;-1.424563229084014893e-01
2.370555996894836426e-01;-4.534934759140014648e-01;-1.424494385719299316e-01
-4.177730381488800049e-01;6.227319240570068359e-01;-5.795220136642456055e-01
-3.622571825981140137e-01;3.977571129798889160e-01;-5.571840405464172363e-01
-3.623139560222625732e-01;3.977368474006652832e-01;-5.571961402893066406e-01
-4.324284195899963379e-01;2.990446090698242188e-01;-5.585122108459472656e-01
-3.622794747352600098e-01;3.977223038673400879e-01;-5.572073459625244141e-01
-2.858520150184631348e-01;2.617585062980651855e-01;-5.318967103958129883e-01
-3.623249232769012451e-01;3.977532088756561279e-01;-5.572017431259155273e-01
-1.979238390922546387e-01;4.868686199188232422e-01;-5.390992164611816406e-01
-3.623080253601074219e-01;3.977565169334411621e-01;-5.571492314338684082e-01
-3.622926175594329834e-01;3.977467715740203857e-01;-5.571860671043395996e-01
-2.298770546913146973e-01;7.868487238883972168e-01;-3.431415855884552002e-01
4.671248141676187515e-03;6.471945047378540039e-01;-3.335383832454681396e-01
4.772581625729799271e-03;6.472472548484802246e-01;-3.335192799568176270e-01
-2.842694520950317383e-04;4.696286320686340332e-01;-2.464221417903900146e-01
4.715072456747293472e-03;6.472539305686950684e-01;-3.334987759590148926e-01
1.962677091360092163e-01;6.913076043128967285e-01;-1.612229049205780029e-01
4.790368024259805679e-03;6.472035050392150879e-01;-3.334990441799163818e-01
-2.103421539068222046e-01;7.922765612602233887e-01;-3.798184394836425781e-01
4.759237635880708694e-03;6.472039222717285156e-01;-3.336019515991210938e-01
4.724580328911542892e-03;6.472095847129821777e-01;-3.335477709770202637e-01
-2.373640090227127075e-01;6.595333814620971680e-01;4.348836839199066162e-01
-2.887262105941772461e-01;5.092791318893432617e-01;3.269153237342834473e-01
-2.887771129608154297e-01;5.092486143112182617e-01;3.269087672233581543e-01
-1.968829929828643799e-01;3.895004987716674805e-01;4.254536926746368408e-01
-2.887561619281768799e-01;5.092562437057495117e-01;3.269034624099731445e-01
-1.783778965473175049e-01;4.048503339290618896e-01;3.454382121562957764e-01
-2.887682020664215088e-01;5.092673301696777344e-01;3.269132375717163086e-01
-3.723998367786407471e-01;4.939016997814178467e-01;4.908022880554199219e-01
-2.887824773788452148e-01;5.092724561691284180e-01;3.269492387771606445e-01
-2.887634634971618652e-01;5.092681050300598145e-01;3.269184231758117676e-01
1.482713073492050171e-01;8.247831463813781738e-01;-7.918222993612289429e-02
2.630345523357391357e-01;8.244083523750305176e-01;-1.592848002910614014e-01
2.630381882190704346e-01;8.244064450263977051e-01;-1.592805832624435425e-01
2.614365518093109131e-01;8.251971006393432617e-01;-1.465336233377456665e-01
2.630301415920257568e-01;8.244079351425170898e-01;-1.592775881290435791e-01
1.943263262510299683e-01;7.507445216178894043e-01;-1.336207836866378784e-01
2.630427777767181396e-01;8.244053125381469727e-01;-1.592759191989898682e-01
2.475503236055374146e-01;8.407199382781982422e-01;-5.340239405632019043e-02
2.630322575569152832e-01;8.244051933288574219e-01;-1.592811644077301025e-01
2.630340456962585449e-01;8.244061470031738281e-01;-1.592826247215270996e-01
2.330415397882461548e-01;2.880823314189910889e-01;8.710690587759017944e-02
1.999899744987487793e-01;1.685376912355422974e-01;1.279566902667284012e-02
1.999087035655975342e-01;1.684986054897308350e-01;1.277146767824888229e-02
2.372033596038818359e-01;2.408054769039154053e-01;1.791526377201080322e-02
1.999585181474685669e-01;1.685137599706649780e-01;1.276530977338552475e-02
1.918464750051498413e-01;1.179224401712417603e-01;-2.589534595608711243e-02
1.999256461858749390e-01;1.685211956501007080e-01;1.277022715657949448e-02
1.479134559631347656e-01;7.764124870300292969e-02;3.800526261329650879e-02
1.999141573905944824e-01;1.685427427291870117e-01;1.283465791493654251e-02
1.999349892139434814e-01;1.685193777084350586e-01;1.277724746614694595e-02
-3.791193366050720215e-01;3.744874894618988037e-02;4.804501533508300781e-01
-3.969823122024536133e-01;-1.823064684867858887e-01;5.560082197189331055e-01
-3.970894515514373779e-01;-1.823637038469314575e-01;5.559855699539184570e-01
-3.085167706012725830e-01;-3.133192062377929688e-01;4.564218223094940186e-01
-3.970251381397247314e-01;-1.823596656322479248e-01;5.559684038162231445e-01
-3.042290210723876953e-01;-3.109139502048492432e-01;4.541716873645782471e-01
-3.970930278301239014e-01;-1.823205947875976562e-01;5.559721589088439941e-01
-2.244420498609542847e-01;-9.940113127231597900e-02;4.569827318191528320e-01
-3.970859050750732422e-01;-1.823085844516754150e-01;5.560695528984069824e-01
-3.970539569854736328e-01;-1.823287904262542725e-01;5.560014247894287109e-01
1.460009366273880005e-01;-4.978071451187133789e-01;4.232040420174598694e-02
-1.904351636767387390e-02;-5.547930598258972168e-01;-4.469904303550720215e-02
-1.908938586711883545e-02;-5.548158884048461914e-01;-4.469277709722518921e-02
1.576572656631469727e-01;-6.861441135406494141e-01;-7.177143543958663940e-02
-1.909203082323074341e-02;-5.548419952392578125e-01;-4.469671100378036499e-02
1.088251769542694092e-01;-6.399466991424560547e-01;5.216462537646293640e-02
-1.909447088837623596e-02;-5.548129677772521973e-01;-4.472753778100013733e-02
4.820339381694793701e-02;-3.710456490516662598e-01;-5.929096415638923645e-02
-1.905635558068752289e-02;-5.548205375671386719e-01;-4.467243701219558716e-02
-1.905005052685737610e-02;-5.548266768455505371e-01;-4.468962550163269043e-02
-3.047021031379699707e-01;2.782979607582092285e-01;-5.430822372436523438e-01
-1.272617131471633911e-01;2.384286820888519287e-01;-4.770350754261016846e-01
-1.273202449083328247e-01;2.384010255336761475e-01;-4.770493507385253906e-01
-1.293733566999435425e-01;7.529070973396301270e-02;-4.690008759498596191e-01
-1.272878795862197876e-01;2.384077310562133789e-01;-4.770591259002685547e-01
-1.417135000228881836e-01;2.885789871215820312e-01;-3.299115896224975586e-01
-1.273131221532821655e-01;2.384222745895385742e-01;-4.770489633083343506e-01
-2.492659389972686768e-01;1.657110750675201416e-01;-4.534622132778167725e-01
-1.273137629032135010e-01;2.384294271469116211e-01;-4.770133495330810547e-01
-1.273027956485748291e-01;2.384174615144729614e-01;-4.770463109016418457e-01
-1.404480785131454468e-01;-1.326780579984188080e-02;3.254908323287963867e-01
-3.241661703214049339e-03;2.221557870507240295e-02;2.614830434322357178e-01
-3.239480545744299889e-03;2.223404310643672943e-02;2.614673972129821777e-01
1.082441806793212891e-01;5.807510018348693848e-02;1.590892970561981201e-01
-3.218892728909850121e-03;2.224602736532688141e-02;2.614823579788208008e-01
1.087570041418075562e-01;6.166426837444305420e-02;1.504342108964920044e-01
-3.216210519894957542e-03;2.221356704831123352e-02;2.614800631999969482e-01
-3.177618607878684998e-02;-9.969371557235717773e-02;3.646060824394226074e-01
-3.225644817575812340e-03;2.223660424351692200e-02;2.614556849002838135e-01
-3.247170476242899895e-03;2.221316285431385040e-02;2.614476084709167480e-01
