-3.848090469837188721e-01;-2.745876908302307129e-01;-6.363221406936645508e-01
-3.170248866081237793e-01;-3.636618554592132568e-01;-5.350065827369689941e-01
-2.740030884742736816e-01;-1.994702965021133423e-01;-5.640642046928405762e-01
-2.481444776058197021e-01;-3.858582079410552979e-01;-5.561458468437194824e-01
-3.401822447776794434e-01;-4.640329778194427490e-01;-6.161534786224365234e-01
-3.144584298133850098e-01;-2.946375310420989990e-01;-4.413281083106994629e-01
-1.885302513837814331e-01;-2.130719572305679321e-01;-5.936650633811950684e-01
-1.505891084671020508e-01;-3.415800034999847412e-01;-5.936563014984130859e-01
-2.214649617671966553e-01;-1.042143404483795166e-01;-5.503705739974975586e-01
-2.502196729183197021e-01;-4.915972650051116943e-01;-5.953727960586547852e-01
-1.675496250391006470e-01;-7.246463894844055176e-01;6.081961393356323242e-01
-1.400201171636581421e-01;-6.470869183540344238e-01;6.082666516304016113e-01
-2.160865664482116699e-01;-7.242035865783691406e-01;4.853267669677734375e-01
-3.157784640789031982e-01;-6.639696955680847168e-01;5.608438253402709961e-01
-2.129567265510559082e-01;-7.190064191818237305e-01;4.260459542274475098e-01
-1.494097411632537842e-01;-5.994583964347839355e-01;4.682585597038269043e-01
-1.530753821134567261e-01;-5.817730426788330078e-01;4.731156826019287109e-01
-1.913868188858032227e-01;-5.861638784408569336e-01;4.360887706279754639e-01
-3.218731582164764404e-01;-5.863491892814636230e-01;5.088650584220886230e-01
-3.978849947452545166e-01;-6.466671228408813477e-01;5.866233110427856445e-01
-4.294879436492919922e-01;-1.215960178524255753e-02;6.362183094024658203e-01
-2.916939854621887207e-01;1.597297191619873047e-02;6.163706183433532715e-01
-4.621836543083190918e-01;1.356483399868011475e-01;6.934676170349121094e-01
-3.285752832889556885e-01;-1.560904532670974731e-01;5.192828178405761719e-01
-3.898880183696746826e-01;1.822326481342315674e-01;5.381934642791748047e-01
-3.622089028358459473e-01;-2.179087102413177490e-01;5.610349774360656738e-01
-2.425135076045989990e-01;9.004268050193786621e-02;5.196409821510314941e-01
-4.004571735858917236e-01;-2.808225750923156738e-01;5.794222950935363770e-01
-1.830476373434066772e-01;-1.043254062533378601e-01;5.093350410461425781e-01
-1.415961980819702148e-01;-6.247679516673088074e-02;5.556005835533142090e-01
-3.916506171226501465e-01;3.220439255237579346e-01;-6.450566649436950684e-01
-4.336519539356231689e-01;2.524214386940002441e-01;-6.718779206275939941e-01
-3.381464183330535889e-01;4.119130969047546387e-01;-5.838761925697326660e-01
-4.182447791099548340e-01;4.475057125091552734e-01;-6.595352292060852051e-01
-3.119958639144897461e-01;3.133620917797088623e-01;-5.306161642074584961e-01
-4.291153550148010254e-01;1.740046441555023193e-01;-6.195424199104309082e-01
-3.998440802097320557e-01;1.578881442546844482e-01;-6.438477635383605957e-01
-3.296363353729248047e-01;1.442019045352935791e-01;-6.163648366928100586e-01
-2.967119812965393066e-01;4.728680551052093506e-01;-5.622322559356689453e-01
-2.074975520372390747e-01;3.833819925785064697e-01;-5.944378376007080078e-01
-1.606317311525344849e-01;2.807694673538208008e-01;3.141856491565704346e-01
-7.529320567846298218e-02;1.715032458305358887e-01;3.458881676197052002e-01
-9.684281051158905029e-02;4.185179173946380615e-01;3.169380724430084229e-01
-7.251482456922531128e-02;2.544120252132415771e-01;1.900530457496643066e-01
-3.784349560737609863e-02;2.166989147663116455e-01;3.929072916507720947e-01
-7.075608521699905396e-02;1.678542494773864746e-01;2.419679313898086548e-01
-1.844719946384429932e-01;2.539527118206024170e-01;4.746673405170440674e-01
-2.469733357429504395e-03;3.752068877220153809e-01;2.886050939559936523e-01
-1.587442755699157715e-01;1.195544004440307617e-01;4.193825423717498779e-01
-1.658767759799957275e-01;2.953161597251892090e-01;5.119676589965820312e-01
2.949164211750030518e-01;-1.840512752532958984e-01;-2.075853645801544189e-01
2.901106774806976318e-01;-2.124602496623992920e-01;-1.651824563741683960e-01
2.719769477844238281e-01;-1.556535214185714722e-01;-1.649339348077774048e-01
2.427412271499633789e-01;-1.782809048891067505e-01;-8.564522117376327515e-02
2.886019945144653320e-01;-3.117002844810485840e-01;-1.643406748771667480e-01
2.512581050395965576e-01;-3.070486187934875488e-01;-1.254400163888931274e-01
1.767535209655761719e-01;-7.430854439735412598e-02;-2.618808448314666748e-01
2.296159267425537109e-01;-2.627039849758148193e-01;-5.468064546585083008e-02
2.735493481159210205e-01;-8.433338254690170288e-02;-5.003812909126281738e-02
2.046537697315216064e-01;-1.796429753303527832e-01;-3.723125159740447998e-02
2.810272872447967529e-01;-5.521587133407592773e-01;1.613656282424926758e-01
2.562752366065979004e-01;-5.423928499221801758e-01;1.402394920587539673e-01
2.745570838451385498e-01;-5.017493963241577148e-01;1.953067481517791748e-01
2.313751578330993652e-01;-6.652735471725463867e-01;1.121126860380172729e-01
2.495900541543960571e-01;-6.818168163299560547e-01;1.629492491483688354e-01
1.493902206420898438e-01;-5.385208725929260254e-01;2.126665264368057251e-01
2.906770408153533936e-01;-4.261526763439178467e-01;2.350608259439468384e-01
2.099099457263946533e-01;-5.937504172325134277e-01;1.469536125659942627e-02
2.721042037010192871e-01;-4.369744658470153809e-01;1.009802520275115967e-02
2.119291573762893677e-01;-6.790162920951843262e-01;3.325988352298736572e-02
-1.695905625820159912e-02;-8.988408744335174561e-02;4.515087902545928955e-01
-6.274708360433578491e-02;-1.391336470842361450e-01;4.549149274826049805e-01
5.819626152515411377e-02;-1.339900642633438110e-01;3.951525390148162842e-01
-2.677424252033233643e-02;-1.134235933423042297e-01;3.234479129314422607e-01
-9.736499190330505371e-02;-1.627930849790573120e-01;3.511434495449066162e-01
-1.477070599794387817e-01;-1.621902287006378174e-01;4.597524106502532959e-01
-1.585694551467895508e-01;-1.233635842800140381e-02;4.689322113990783691e-01
-1.415961831808090210e-01;-6.247679516673088074e-02;5.556005835533142090e-01
-1.830476373434066772e-01;-1.043254062533378601e-01;5.093350410461425781e-01
-9.316042065620422363e-02;-2.750516235828399658e-01;4.584490656852722168e-01
-2.876941561698913574e-01;-3.381015956401824951e-01;5.028100609779357910e-01
-2.335058152675628662e-01;-2.937813699245452881e-01;5.617328286170959473e-01
-2.303958535194396973e-01;-4.121693968772888184e-01;5.178605914115905762e-01
-3.949463963508605957e-01;-3.258033394813537598e-01;5.418695807456970215e-01
-4.004571735858917236e-01;-2.808225750923156738e-01;5.794222950935363770e-01
-3.622089028358459473e-01;-2.179087102413177490e-01;5.610349774360656738e-01
-2.016696929931640625e-01;-4.281025230884552002e-01;6.085116267204284668e-01
-2.094530910253524780e-01;-2.379469722509384155e-01;6.087422370910644531e-01
-2.793866395950317383e-01;-4.858913719654083252e-01;5.812829732894897461e-01
-1.442740112543106079e-01;-4.343241453170776367e-01;4.687487781047821045e-01
-1.684184670448303223e-01;3.715251982212066650e-01;-3.230735659599304199e-01
-2.689978480339050293e-02;3.614446222782135010e-01;-3.757900595664978027e-01
-2.427174597978591919e-01;4.863460361957550049e-01;-4.581458568572998047e-01
-5.733099579811096191e-02;2.316749691963195801e-01;-4.391838908195495605e-01
3.531587123870849609e-02;4.333115816116333008e-01;-2.406758666038513184e-01
-1.248402670025825500e-01;5.700439810752868652e-01;-4.282726943492889404e-01
-2.087782323360443115e-02;3.689428567886352539e-01;-1.432148218154907227e-01
-1.186488196253776550e-01;5.041099786758422852e-01;-5.389848947525024414e-01
-3.119958639144897461e-01;3.133620917797088623e-01;-5.306161642074584961e-01
2.901585400104522705e-02;2.201846092939376831e-01;-2.187425345182418823e-01
-2.125768959522247314e-01;-4.505394399166107178e-01;-4.617257714271545410e-01
-2.481444776058197021e-01;-3.858582079410552979e-01;-5.561458468437194824e-01
-2.556894719600677490e-01;-5.461618900299072266e-01;-5.550298094749450684e-01
-2.502196729183197021e-01;-4.915972650051116943e-01;-5.953727960586547852e-01
-1.418424099683761597e-01;-4.765827059745788574e-01;-3.373881280422210693e-01
-1.669954508543014526e-01;-3.260726034641265869e-01;-3.965277373790740967e-01
-1.774114519357681274e-01;-5.937711596488952637e-01;-5.040464997291564941e-01
-3.170248866081237793e-01;-3.636618554592132568e-01;-5.350065827369689941e-01
-2.262551486492156982e-01;-5.505425930023193359e-01;-5.942967534065246582e-01
-1.195956990122795105e-01;-3.284936547279357910e-01;-5.388975739479064941e-01
4.183135461062192917e-03;-6.648553013801574707e-01;2.637074291706085205e-01
1.493902206420898438e-01;-5.385208725929260254e-01;2.126665264368057251e-01
-3.060527611523866653e-03;-4.601525664329528809e-01;2.351208776235580444e-01
1.719381362199783325e-01;-7.432792186737060547e-01;1.145641058683395386e-01
-1.494097411632537842e-01;-5.994583964347839355e-01;4.682585597038269043e-01
2.182490974664688110e-01;-7.465876936912536621e-01;1.294362246990203857e-01
2.495900541543960571e-01;-6.818168163299560547e-01;1.629492491483688354e-01
1.541169583797454834e-01;-7.424163222312927246e-01;5.488194525241851807e-02
-1.913868188858032227e-01;-5.861638784408569336e-01;4.360887706279754639e-01
2.313751578330993652e-01;-6.652735471725463867e-01;1.121126860380172729e-01
1.141262352466583252e-01;-2.878508269786834717e-01;3.883319348096847534e-02
1.252194792032241821e-01;-3.573771715164184570e-01;-3.793189674615859985e-02
2.361214458942413330e-01;-2.889918684959411621e-01;2.094664424657821655e-02
1.997175812721252441e-01;-1.724963188171386719e-01;6.035969406366348267e-02
2.296159267425537109e-01;-2.627039849758148193e-01;-5.468065291643142700e-02
2.372011691331863403e-01;-1.980657130479812622e-01;8.266221731901168823e-03
2.046537697315216064e-01;-1.796429753303527832e-01;-3.723124414682388306e-02
2.709918320178985596e-01;-2.548707723617553711e-01;6.849873811006546021e-03
1.267856508493423462e-01;-4.472860991954803467e-01;8.142643421888351440e-02
1.363509744405746460e-01;-1.462853103876113892e-01;1.358869820833206177e-01
-2.467868030071258545e-01;5.968505740165710449e-01;4.487614035606384277e-01
-2.448568046092987061e-01;5.867238044738769531e-01;4.972561597824096680e-01
-2.244041562080383301e-01;5.718886852264404297e-01;5.098901391029357910e-01
-2.112315297126770020e-01;5.660702586174011230e-01;5.157451033592224121e-01
-2.053401470184326172e-01;5.895056724548339844e-01;5.008174180984497070e-01
-2.174890041351318359e-01;6.287348270416259766e-01;5.004741549491882324e-01
-2.480070739984512329e-01;6.704167723655700684e-01;5.149190425872802734e-01
-2.619661092758178711e-01;7.151476144790649414e-01;5.350787043571472168e-01
-2.244512438774108887e-01;7.351806759834289551e-01;5.372529625892639160e-01
-1.406356394290924072e-01;7.093760371208190918e-01;5.202772617340087891e-01
-2.822652161121368408e-01;6.762998104095458984e-01;-5.313017368316650391e-01
-2.850911021232604980e-01;6.786823868751525879e-01;-5.169441699981689453e-01
-2.676827013492584229e-01;6.708708405494689941e-01;-5.111204981803894043e-01
-2.452249228954315186e-01;6.579068303108215332e-01;-5.049521923065185547e-01
-2.194768041372299194e-01;6.719705462455749512e-01;-4.958272278308868408e-01
-2.047039270401000977e-01;6.957044601440429688e-01;-4.762922823429107666e-01
-1.899962425231933594e-01;7.245631814002990723e-01;-4.596557021141052246e-01
-1.718963384628295898e-01;7.495633959770202637e-01;-4.434275031089782715e-01
-1.524322628974914551e-01;7.603178024291992188e-01;-4.236029982566833496e-01
-1.225396096706390381e-01;7.567033767700195312e-01;-3.832615911960601807e-01
2.108085155487060547e-01;-3.771709278225898743e-02;4.762876033782958984e-02
2.389612793922424316e-01;-1.054171472787857056e-03;6.278437376022338867e-02
2.361326813697814941e-01;3.388559073209762573e-02;5.888802185654640198e-02
2.309605479240417480e-01;5.887657403945922852e-02;6.022410094738006592e-02
2.406616806983947754e-01;5.479830130934715271e-02;9.652338922023773193e-02
2.517032623291015625e-01;4.940043389797210693e-02;1.169706881046295166e-01
2.579717934131622314e-01;4.102389514446258545e-02;1.244419366121292114e-01
2.539582848548889160e-01;5.155921727418899536e-02;1.250640302896499634e-01
2.508088350296020508e-01;9.575075656175613403e-02;1.196980848908424377e-01
2.717071771621704102e-01;1.626842916011810303e-01;1.581603288650512695e-01
1.920276880264282227e-01;-7.377906441688537598e-01;-1.120236217975616455e-01
2.001842856407165527e-01;-7.402841448783874512e-01;-1.125034093856811523e-01
2.172644585371017456e-01;-7.372469902038574219e-01;-1.175454258918762207e-01
2.331486493349075317e-01;-7.378642559051513672e-01;-1.243025064468383789e-01
2.485246211290359497e-01;-7.443654537200927734e-01;-1.224875524640083313e-01
2.572582662105560303e-01;-7.468089461326599121e-01;-1.173847913742065430e-01
2.588659524917602539e-01;-7.460722923278808594e-01;-1.045051217079162598e-01
2.552910149097442627e-01;-7.443072199821472168e-01;-8.413578569889068604e-02
2.518683373928070068e-01;-7.377216219902038574e-01;-6.590393185615539551e-02
2.492259442806243896e-01;-7.191204428672790527e-01;-6.166842579841613770e-02
2.105561941862106323e-01;7.451874017715454102e-01;7.605078816413879395e-02
2.102329730987548828e-01;7.581365108489990234e-01;7.974481582641601562e-02
2.078575789928436279e-01;7.629372477531433105e-01;8.348122239112854004e-02
2.114938497543334961e-01;7.631605267524719238e-01;8.634911477565765381e-02
2.219751626253128052e-01;7.612382173538208008e-01;9.051439166069030762e-02
2.321755886077880859e-01;7.596884369850158691e-01;9.158845245838165283e-02
2.417000234127044678e-01;7.636879682540893555e-01;9.768194705247879028e-02
2.502472996711730957e-01;7.653367519378662109e-01;1.121379584074020386e-01
2.564834952354431152e-01;7.682804465293884277e-01;1.232193559408187866e-01
2.638912200927734375e-01;7.598172426223754883e-01;1.402005106210708618e-01
-2.877935171127319336e-01;-7.216117978096008301e-01;-5.814357399940490723e-01
-2.354122698307037354e-01;-7.020143270492553711e-01;-5.486230254173278809e-01
-2.036725878715515137e-01;-6.929593682289123535e-01;-5.354102253913879395e-01
-1.890254616737365723e-01;-6.769651770591735840e-01;-5.270390510559082031e-01
-1.833947896957397461e-01;-6.739866733551025391e-01;-5.156149864196777344e-01
-1.787923872470855713e-01;-6.685505509376525879e-01;-5.041657686233520508e-01
-1.778032481670379639e-01;-6.530066132545471191e-01;-5.003663301467895508e-01
-1.803188920021057129e-01;-6.240591406822204590e-01;-5.098948478698730469e-01
-1.667601764202117920e-01;-6.101343631744384766e-01;-5.085307955741882324e-01
-9.284973889589309692e-02;-6.104555726051330566e-01;-4.537941217422485352e-01
-2.120647132396697998e-01;-1.011241450905799866e-01;-3.753445744514465332e-01
-1.593913584947586060e-01;-7.896295934915542603e-02;-3.174501061439514160e-01
-8.229948580265045166e-04;-8.898428827524185181e-02;-2.866847515106201172e-01
6.181593611836433411e-02;-6.613201647996902466e-02;-2.487136274576187134e-01
-1.073735579848289490e-02;6.889569759368896484e-02;-3.300913870334625244e-01
-5.219530314207077026e-02;9.259741753339767456e-02;-3.253639042377471924e-01
-3.412681072950363159e-02;1.053217947483062744e-01;-2.805449962615966797e-01
3.763155266642570496e-02;1.059434413909912109e-01;-2.484283447265625000e-01
9.205725789070129395e-02;1.008600071072578430e-01;-2.218692004680633545e-01
1.074732393026351929e-01;1.189360022544860840e-01;-2.024815678596496582e-01
-9.709090739488601685e-02;-3.840291202068328857e-01;2.816536724567413330e-01
-4.402159154415130615e-02;-4.352523982524871826e-01;2.701964080333709717e-01
-7.417789101600646973e-02;-4.142908453941345215e-01;2.897347509860992432e-01
-7.837256789207458496e-02;-4.029458463191986084e-01;3.279100060462951660e-01
-8.566328138113021851e-02;-3.836655318737030029e-01;3.467462658882141113e-01
-8.265926688909530640e-02;-3.601698279380798340e-01;3.549662530422210693e-01
-7.629492133855819702e-02;-3.321065902709960938e-01;3.574462831020355225e-01
-6.318743526935577393e-02;-3.086923658847808838e-01;3.480374217033386230e-01
-4.140448942780494690e-02;-3.016684055328369141e-01;3.289946913719177246e-01
-4.259068518877029419e-03;-2.947946190834045410e-01;2.787744104862213135e-01
2.460975646972656250e-01;2.391523867845535278e-01;-1.825020760297775269e-01
2.729638814926147461e-01;2.371605932712554932e-01;-1.784172654151916504e-01
2.568353712558746338e-01;3.022914230823516846e-01;-1.786617636680603027e-01
2.491597533226013184e-01;3.425384163856506348e-01;-1.722081601619720459e-01
2.496557384729385376e-01;3.596853017807006836e-01;-1.530648767948150635e-01
2.435519695281982422e-01;3.732875585556030273e-01;-1.432834565639495850e-01
2.437816113233566284e-01;3.997688293457031250e-01;-1.535257697105407715e-01
2.506103217601776123e-01;4.408656060695648193e-01;-1.811751723289489746e-01
2.512466311454772949e-01;4.758881330490112305e-01;-1.920529305934906006e-01
2.492976188659667969e-01;4.835129380226135254e-01;-1.763826906681060791e-01
-1.391189843416213989e-01;-4.742321968078613281e-01;-3.289685547351837158e-01
-5.104155838489532471e-02;-4.680700898170471191e-01;-2.943825423717498779e-01
3.935925662517547607e-02;-4.292072057723999023e-01;-2.231971919536590576e-01
8.184823393821716309e-02;-3.709038496017456055e-01;-2.027731090784072876e-01
1.117363944649696350e-01;-3.663021922111511230e-01;-1.981114894151687622e-01
1.336670219898223877e-01;-3.826424479484558105e-01;-1.672545373439788818e-01
1.367164254188537598e-01;-3.659607768058776855e-01;-1.303094327449798584e-01
1.379655003547668457e-01;-3.419169783592224121e-01;-1.009015440940856934e-01
1.564158052206039429e-01;-3.394222855567932129e-01;-8.531545102596282959e-02
1.986806541681289673e-01;-3.498834073543548584e-01;-9.346826374530792236e-02
2.060076594352722168e-01;3.190962076187133789e-01;7.772935926914215088e-02
2.401412129402160645e-01;3.343402743339538574e-01;9.652702510356903076e-02
2.129054367542266846e-01;3.784510791301727295e-01;8.956395089626312256e-02
1.919969469308853149e-01;4.097637534141540527e-01;7.569115608930587769e-02
1.915995478630065918e-01;4.268434941768646240e-01;8.211965858936309814e-02
1.998872905969619751e-01;4.333843588829040527e-01;8.962026238441467285e-02
2.111432105302810669e-01;4.225629866123199463e-01;1.035680100321769714e-01
2.279929965734481812e-01;4.167032539844512939e-01;1.269446462392807007e-01
2.439135015010833740e-01;4.302586019039154053e-01;1.461762785911560059e-01
2.531271278858184814e-01;4.509278535842895508e-01;1.489879935979843140e-01
-3.484653830528259277e-01;2.285087704658508301e-01;5.425820946693420410e-01
-2.992598414421081543e-01;2.633822560310363770e-01;5.178962945938110352e-01
-2.867889702320098877e-01;3.086481988430023193e-01;5.267958641052246094e-01
-2.904103696346282959e-01;3.416991233825683594e-01;5.432622432708740234e-01
-2.976222634315490723e-01;3.805862367153167725e-01;5.528982877731323242e-01
-3.039352893829345703e-01;3.966970443725585938e-01;5.668499469757080078e-01
-2.947406172752380371e-01;4.026921689510345459e-01;5.693257451057434082e-01
-2.682674527168273926e-01;4.248962998390197754e-01;5.611483454704284668e-01
-2.400332838296890259e-01;4.491291046142578125e-01;5.507545471191406250e-01
-2.055513113737106323e-01;4.842576086521148682e-01;5.493564605712890625e-01
-2.616940438747406006e-01;-9.985628724098205566e-02;-5.498264431953430176e-01
-2.651864290237426758e-01;-5.383810400962829590e-02;-5.595306754112243652e-01
-2.882582247257232666e-01;-1.945672929286956787e-02;-5.514234900474548340e-01
-3.197159469127655029e-01;2.368128485977649689e-02;-5.344513058662414551e-01
-3.611743152141571045e-01;9.034968912601470947e-02;-5.748493075370788574e-01
-3.530917465686798096e-01;9.509634971618652344e-02;-5.863488912582397461e-01
-3.204187750816345215e-01;8.493672311305999756e-02;-5.858796834945678711e-01
-2.969223856925964355e-01;8.241917937994003296e-02;-5.680792927742004395e-01
-2.750373482704162598e-01;6.635696440935134888e-02;-5.445757508277893066e-01
-2.375729978084564209e-01;1.524740010499954224e-01;-5.690525174140930176e-01
-1.676419675350189209e-01;4.773091971874237061e-01;3.303666114807128906e-01
-1.360804736614227295e-01;4.567208886146545410e-01;3.742213249206542969e-01
-1.159295067191123962e-01;4.498877823352813721e-01;3.856674432754516602e-01
-1.262588053941726685e-01;4.960746169090270996e-01;3.801225423812866211e-01
-1.697022020816802979e-01;5.491782426834106445e-01;3.857975602149963379e-01
-1.971670091152191162e-01;5.731728672981262207e-01;4.110307395458221436e-01
-1.933684349060058594e-01;5.921403765678405762e-01;4.448970556259155273e-01
-1.629739999771118164e-01;6.292992234230041504e-01;4.647865593433380127e-01
-1.407917737960815430e-01;6.771783232688903809e-01;4.722192287445068359e-01
-1.274548619985580444e-01;6.844299435615539551e-01;4.686446785926818848e-01
-3.624807596206665039e-01;5.034037232398986816e-01;-6.003016829490661621e-01
-3.216072618961334229e-01;5.756839513778686523e-01;-5.719054937362670898e-01
-3.175312578678131104e-01;6.436516046524047852e-01;-5.760210752487182617e-01
-3.315483629703521729e-01;6.883689165115356445e-01;-5.837280750274658203e-01
-3.185530900955200195e-01;6.953968405723571777e-01;-5.684965252876281738e-01
-2.940325140953063965e-01;6.976920962333679199e-01;-5.441831946372985840e-01
-2.749928832054138184e-01;7.016618251800537109e-01;-5.126244425773620605e-01
-2.574788331985473633e-01;7.112761735916137695e-01;-4.778342843055725098e-01
-2.292845994234085083e-01;7.265441417694091797e-01;-4.613454341888427734e-01
-1.867597103118896484e-01;7.443778514862060547e-01;-4.609803557395935059e-01
-2.748355269432067871e-01;-7.077964544296264648e-01;-5.302826166152954102e-01
-2.153536677360534668e-01;-6.958077549934387207e-01;-5.250867605209350586e-01
-1.902018785476684570e-01;-6.838552355766296387e-01;-5.178816318511962891e-01
-1.856248080730438232e-01;-6.680988669395446777e-01;-4.935140013694763184e-01
-1.774212419986724854e-01;-6.662732958793640137e-01;-4.614819884300231934e-01
-1.699713170528411865e-01;-6.696101427078247070e-01;-4.203708171844482422e-01
-1.527726352214813232e-01;-6.651815176010131836e-01;-3.932707607746124268e-01
-1.205454319715499878e-01;-6.364762783050537109e-01;-3.769616186618804932e-01
-8.807488530874252319e-02;-5.903301239013671875e-01;-3.731992840766906738e-01
-5.028294026851654053e-02;-5.475754737854003906e-01;-3.301579654216766357e-01
-2.394010499119758606e-02;-8.732534945011138916e-02;1.474353075027465820e-01
6.361767649650573730e-03;1.554864645004272461e-02;1.628373712301254272e-01
1.720508560538291931e-02;1.290166378021240234e-01;1.798610091209411621e-01
-2.728889882564544678e-02;1.671292483806610107e-01;2.200802415609359741e-01
-4.017720744013786316e-02;1.625738292932510376e-01;2.620920538902282715e-01
-3.430494666099548340e-02;1.895426660776138306e-01;2.661566138267517090e-01
3.626940771937370300e-03;2.002162039279937744e-01;2.534189224243164062e-01
6.519058346748352051e-02;1.690245866775512695e-01;2.382027804851531982e-01
1.132219135761260986e-01;1.311189383268356323e-01;2.245180904865264893e-01
1.361750811338424683e-01;1.084548532962799072e-01;2.316085994243621826e-01
-3.314467966556549072e-01;1.503168642520904541e-01;-6.018195748329162598e-01
-3.117958307266235352e-01;1.669383347034454346e-01;-5.858592987060546875e-01
-3.153110742568969727e-01;2.369713038206100464e-01;-5.851979851722717285e-01
-2.845132052898406982e-01;2.543121874332427979e-01;-5.842749476432800293e-01
-2.382564544677734375e-01;2.555492520332336426e-01;-5.794733166694641113e-01
-2.134927809238433838e-01;2.613831460475921631e-01;-5.871811509132385254e-01
-2.051163315773010254e-01;2.787474393844604492e-01;-5.873616933822631836e-01
-2.031838595867156982e-01;3.154675960540771484e-01;-5.659069418907165527e-01
-1.470811069011688232e-01;3.143312036991119385e-01;-5.228644013404846191e-01
-6.105861067771911621e-02;3.153313398361206055e-01;-4.682229161262512207e-01
2.875309810042381287e-02;-1.522836834192276001e-01;-2.332963943481445312e-01
8.760174363851547241e-02;-1.409445554018020630e-01;-2.197165787220001221e-01
9.069018065929412842e-02;-1.289109289646148682e-01;-2.023374736309051514e-01
6.872623413801193237e-02;-9.878294169902801514e-02;-1.829230338335037231e-01
8.350217342376708984e-02;-8.586786687374114990e-02;-1.599756330251693726e-01
1.220176815986633301e-01;-8.440813422203063965e-02;-1.364824771881103516e-01
1.589366197586059570e-01;-8.823238313198089600e-02;-1.141854375600814819e-01
1.750108003616333008e-01;-8.280563354492187500e-02;-1.091974973678588867e-01
1.772779524326324463e-01;-4.854320734739303589e-02;-1.295636296272277832e-01
1.816693693399429321e-01;-8.297629654407501221e-03;-1.474935263395309448e-01
