-3.780611753463745117e-01;-6.860757470130920410e-01;-5.177863240242004395e-01
-2.460315227508544922e-01;-7.056932449340820312e-01;-5.058783888816833496e-01
-2.752843499183654785e-01;-6.925648450851440430e-01;-4.291424155235290527e-01
-3.396207988262176514e-01;-5.370389819145202637e-01;-4.639763832092285156e-01
-3.576271235942840576e-01;-5.189177989959716797e-01;-5.607198476791381836e-01
-2.041811496019363403e-01;-7.041019201278686523e-01;-4.702364206314086914e-01
-2.522585690021514893e-01;-5.183935761451721191e-01;-4.828185439109802246e-01
-2.646573483943939209e-01;-6.695907115936279297e-01;-3.099126517772674561e-01
-4.047651886940002441e-01;-4.360192716121673584e-01;-5.230074524879455566e-01
-3.555053770542144775e-01;-4.334253072738647461e-01;-5.528615117073059082e-01
-2.725127041339874268e-01;6.766572594642639160e-01;5.375808477401733398e-01
-3.341735303401947021e-01;6.197098493576049805e-01;5.193160772323608398e-01
-3.219102919101715088e-01;5.785471200942993164e-01;4.862948358058929443e-01
-2.797565162181854248e-01;7.408186793327331543e-01;4.223412275314331055e-01
-2.680632174015045166e-01;5.538644194602966309e-01;4.569273293018341064e-01
-3.696829974651336670e-01;5.181326270103454590e-01;5.699002146720886230e-01
-1.226854175329208374e-01;6.934794187545776367e-01;3.936012685298919678e-01
-1.983446627855300903e-01;7.420575618743896484e-01;3.448866605758666992e-01
-1.280578523874282837e-01;7.575135827064514160e-01;3.930668532848358154e-01
-1.010133475065231323e-01;7.599043846130371094e-01;4.132039248943328857e-01
2.020200341939926147e-01;8.039988279342651367e-01;-1.046236902475357056e-01
1.606453508138656616e-01;8.103331923484802246e-01;-7.215734571218490601e-02
1.822404414415359497e-01;7.846516966819763184e-01;-1.502925008535385132e-01
1.796025633811950684e-01;7.457328438758850098e-01;-1.355778276920318604e-01
1.509413272142410278e-01;7.844042181968688965e-01;-1.499817669391632080e-01
1.474542915821075439e-01;8.158947229385375977e-01;-4.846239462494850159e-02
1.473791152238845825e-01;7.411845326423645020e-01;-1.088815256953239441e-01
1.476382315158843994e-01;8.235554695129394531e-01;-2.832730859518051147e-02
1.268633306026458740e-01;7.553945779800415039e-01;-6.527853012084960938e-02
1.208371743559837341e-01;7.768515348434448242e-01;-1.660494208335876465e-01
-3.451625704765319824e-01;-1.766262948513031006e-02;4.978802800178527832e-01
-3.546143472194671631e-01;-1.330252438783645630e-01;5.032989382743835449e-01
-2.867785394191741943e-01;8.715820312500000000e-02;5.214753746986389160e-01
-3.748941123485565186e-01;1.243893057107925415e-01;5.137140154838562012e-01
-2.191955596208572388e-01;4.989506676793098450e-03;4.077876806259155273e-01
-3.912008702754974365e-01;-1.927719861268997192e-01;5.482094883918762207e-01
-1.560316532850265503e-01;-9.280161559581756592e-02;5.248233079910278320e-01
-3.234170079231262207e-01;1.918098926544189453e-01;5.591248869895935059e-01
-4.203837215900421143e-01;2.110552787780761719e-01;6.065888404846191406e-01
-1.481702625751495361e-01;3.532906249165534973e-02;3.227292001247406006e-01
-4.232988655567169189e-01;3.582518696784973145e-01;-5.787075757980346680e-01
-3.469691574573516846e-01;2.199874371290206909e-01;-5.306211113929748535e-01
-3.058221042156219482e-01;4.718474447727203369e-01;-5.006802082061767578e-01
-3.136048018932342529e-01;3.119223713874816895e-01;-4.163019657135009766e-01
-4.030860364437103271e-01;1.419421583414077759e-01;-5.577954053878784180e-01
-2.568295001983642578e-01;2.027224302291870117e-01;-5.196819305419921875e-01
-2.091808021068572998e-01;4.291090071201324463e-01;-4.639754593372344971e-01
-3.771882057189941406e-01;9.789383411407470703e-02;-5.649702548980712891e-01
-4.191734194755554199e-01;6.282403469085693359e-01;-5.736640095710754395e-01
-3.028596937656402588e-01;5.488693714141845703e-01;-3.939110636711120605e-01
2.694063782691955566e-01;4.273801445960998535e-01;-2.125643752515316010e-02
2.080165743827819824e-01;4.001405239105224609e-01;-3.877883777022361755e-02
2.199057638645172119e-01;4.221483170986175537e-01;-8.926150947809219360e-02
2.461962997913360596e-01;5.172862410545349121e-01;-1.323848124593496323e-02
2.691671550273895264e-01;4.513494670391082764e-01;7.169962674379348755e-02
2.303633987903594971e-01;4.556102752685546875e-01;6.334197521209716797e-02
2.726840674877166748e-01;3.248350918292999268e-01;3.053952008485794067e-03
1.860890686511993408e-01;4.783679246902465820e-01;2.797294221818447113e-02
2.720377147197723389e-01;3.090991377830505371e-01;-7.391202449798583984e-02
2.963235080242156982e-01;3.169762790203094482e-01;9.174272418022155762e-02
4.755709692835807800e-02;7.557277679443359375e-01;3.652502596378326416e-01
-4.737252369523048401e-02;7.610933184623718262e-01;3.301737010478973389e-01
-2.060802653431892395e-02;6.643063426017761230e-01;3.987644314765930176e-01
6.902143359184265137e-02;6.344289779663085938e-01;3.855293393135070801e-01
8.901825547218322754e-02;7.698991894721984863e-01;2.324709445238113403e-01
-1.010133475065231323e-01;7.599043846130371094e-01;4.132039248943328857e-01
-1.280578523874282837e-01;7.575135827064514160e-01;3.930668532848358154e-01
-1.226854175329208374e-01;6.934794187545776367e-01;3.936012685298919678e-01
9.426881372928619385e-02;7.785372734069824219e-01;1.785933077335357666e-01
1.099760234355926514e-01;7.832439541816711426e-01;1.690195351839065552e-01
2.514685988426208496e-01;-4.198009967803955078e-01;-6.307451054453849792e-03
1.731948703527450562e-01;-4.140562713146209717e-01;1.696008630096912384e-02
1.718974560499191284e-01;-4.344644248485565186e-01;-2.860336005687713623e-02
2.539291977882385254e-01;-4.012509882450103760e-01;-9.862450510263442993e-02
1.909835487604141235e-01;-3.429618477821350098e-01;2.335703931748867035e-02
2.594076693058013916e-01;-3.786734640598297119e-01;8.755789697170257568e-02
1.491295099258422852e-01;-4.365993738174438477e-01;-2.179116383194923401e-02
1.515469402074813843e-01;-4.298589229583740234e-01;8.693020790815353394e-02
1.779388636350631714e-01;-3.570557832717895508e-01;9.719406068325042725e-02
2.173501849174499512e-01;-5.265778899192810059e-01;9.186545759439468384e-02
-2.114056795835494995e-01;-3.572426438331604004e-01;4.323273301124572754e-01
-2.002684175968170166e-01;-3.379873931407928467e-01;4.365752339363098145e-01
-2.555428445339202881e-01;-2.786160111427307129e-01;4.585362374782562256e-01
-1.770223379135131836e-01;-3.966096937656402588e-01;3.516299724578857422e-01
-2.904437482357025146e-01;-3.250078856945037842e-01;5.195934176445007324e-01
-2.675250172615051270e-01;-4.883577227592468262e-01;4.375437498092651367e-01
-1.674772053956985474e-01;-4.921013712882995605e-01;5.245687961578369141e-01
-7.969398796558380127e-02;-4.786956012248992920e-01;4.026849865913391113e-01
-1.275084614753723145e-01;-1.976029872894287109e-01;4.081788361072540283e-01
-1.406181007623672485e-01;-2.183968722820281982e-01;3.360306024551391602e-01
-8.196519315242767334e-02;4.479179084300994873e-01;4.745337367057800293e-01
-1.252717822790145874e-01;3.838595449924468994e-01;4.072291553020477295e-01
-1.483000665903091431e-01;3.614292144775390625e-01;4.393481314182281494e-01
-1.168370246887207031e-03;4.887209236621856689e-01;3.578103780746459961e-01
-1.008798182010650635e-02;5.460538864135742188e-01;3.890462517738342285e-01
-2.049399763345718384e-01;5.546858310699462891e-01;3.548139929771423340e-01
-1.989549547433853149e-01;2.823259830474853516e-01;4.876786768436431885e-01
-5.255399644374847412e-02;5.697905421257019043e-01;3.057726621627807617e-01
-2.680632174015045166e-01;5.538644194602966309e-01;4.569273293018341064e-01
-2.060802653431892395e-02;6.643063426017761230e-01;3.987644314765930176e-01
-2.148066610097885132e-01;-3.157669007778167725e-01;-5.050352811813354492e-01
-3.304221332073211670e-01;-2.946411967277526855e-01;-5.356752872467041016e-01
-8.453886210918426514e-02;-2.990061342716217041e-01;-4.464227259159088135e-01
-6.609757244586944580e-02;-3.585977554321289062e-01;-4.437756836414337158e-01
-1.860374808311462402e-01;-1.343550682067871094e-01;-5.001188516616821289e-01
-3.555053770542144775e-01;-4.334253072738647461e-01;-5.528615117073059082e-01
-1.190295517444610596e-01;-4.824790954589843750e-01;-4.996073544025421143e-01
-2.522585690021514893e-01;-5.183935761451721191e-01;-4.828185439109802246e-01
-4.047651886940002441e-01;-4.360192716121673584e-01;-5.230074524879455566e-01
-3.627935647964477539e-01;-1.468421071767807007e-01;-4.685823619365692139e-01
-3.028596937656402588e-01;5.488693714141845703e-01;-3.939110636711120605e-01
-3.058221042156219482e-01;4.718474447727203369e-01;-5.006802082061767578e-01
-1.878014206886291504e-01;6.488772034645080566e-01;-4.328211247920989990e-01
-1.985836923122406006e-01;6.358351707458496094e-01;-4.763210117816925049e-01
-2.091808021068572998e-01;4.291090071201324463e-01;-4.639754593372344971e-01
-2.514509558677673340e-01;7.545165419578552246e-01;-4.253044128417968750e-01
-1.283868998289108276e-01;4.662891626358032227e-01;-4.996155798435211182e-01
-2.234475761651992798e-01;7.351047992706298828e-01;-3.038847148418426514e-01
-4.191734194755554199e-01;6.282403469085693359e-01;-5.736640095710754395e-01
-3.136048018932342529e-01;3.119223713874816895e-01;-4.163019657135009766e-01
5.988750234246253967e-02;5.710720419883728027e-01;8.377145230770111084e-02
2.827413752675056458e-02;5.379906296730041504e-01;1.776767075061798096e-01
1.399612128734588623e-01;6.206817626953125000e-01;1.494001597166061401e-02
1.843696981668472290e-01;5.820938348770141602e-01;6.101163849234580994e-02
5.944550037384033203e-02;5.604918599128723145e-01;2.207097113132476807e-01
1.288376897573471069e-01;6.489737629890441895e-01;-2.554288506507873535e-02
1.860890686511993408e-01;4.783679246902465820e-01;2.797294408082962036e-02
2.166133821010589600e-01;6.273139119148254395e-01;2.242727577686309814e-02
1.363819688558578491e-01;7.498419284820556641e-01;8.974152803421020508e-02
1.697076410055160522e-01;7.324759960174560547e-01;1.101277321577072144e-01
2.299343049526214600e-01;7.531414180994033813e-02;9.235681965947151184e-03
3.014391064643859863e-01;4.357060790061950684e-02;1.856989227235317230e-02
3.013686835765838623e-01;4.353821277618408203e-02;1.854700595140457153e-02
2.653847932815551758e-01;1.088505759835243225e-01;3.283173590898513794e-02
3.014157414436340332e-01;4.353585466742515564e-02;1.854248344898223877e-02
2.835966646671295166e-01;-2.025992423295974731e-02;-5.623839423060417175e-02
3.013641536235809326e-01;4.356076568365097046e-02;1.854051277041435242e-02
3.091917037963867188e-01;-5.254130810499191284e-02;8.092213422060012817e-02
3.013775348663330078e-01;4.357168078422546387e-02;1.861336082220077515e-02
3.013998270034790039e-01;4.355888813734054565e-02;1.856295950710773468e-02
-2.462920099496841431e-01;7.543697953224182129e-01;-4.280146360397338867e-01
-3.603334426879882812e-01;7.523490786552429199e-01;-5.514873266220092773e-01
-3.603787124156951904e-01;7.523168325424194336e-01;-5.514975786209106445e-01
-3.031050860881805420e-01;5.247496962547302246e-01;-4.278590381145477295e-01
-3.603561520576477051e-01;7.523244023323059082e-01;-5.515035390853881836e-01
-1.991273164749145508e-01;6.347956657409667969e-01;-4.774207770824432373e-01
-3.603704571723937988e-01;7.523407340049743652e-01;-5.514870882034301758e-01
-1.107346415519714355e-01;7.496175765991210938e-01;-4.733675122261047363e-01
-3.603815138339996338e-01;7.523463368415832520e-01;-5.514591336250305176e-01
-3.603611290454864502e-01;7.523465156555175781e-01;-5.514806509017944336e-01
-3.819222748279571533e-02;-5.307240486145019531e-01;4.607141911983489990e-01
-1.348773837089538574e-01;-6.927039623260498047e-01;5.246018171310424805e-01
-1.348622143268585205e-01;-6.927107572555541992e-01;5.246082544326782227e-01
-5.907350778579711914e-02;-6.831084489822387695e-01;5.266854166984558105e-01
-1.348752975463867188e-01;-6.926935911178588867e-01;5.246117115020751953e-01
-3.817839920520782471e-02;-6.991395354270935059e-01;3.603516817092895508e-01
-1.348608285188674927e-01;-6.927043199539184570e-01;5.246086716651916504e-01
-2.715585231781005859e-01;-5.784460306167602539e-01;4.646005332469940186e-01
-1.348798722028732300e-01;-6.927061080932617188e-01;5.246042013168334961e-01
-1.348743289709091187e-01;-6.927037835121154785e-01;5.246095657348632812e-01
1.537829935550689697e-01;-6.887868046760559082e-01;-9.629846364259719849e-02
2.029564976692199707e-01;-7.430824637413024902e-01;-1.054885238409042358e-01
2.029755711555480957e-01;-7.430689930915832520e-01;-1.054822653532028198e-01
1.998978704214096069e-01;-7.431727647781372070e-01;-1.023621931672096252e-01
2.029554545879364014e-01;-7.430841922760009766e-01;-1.054765731096267700e-01
1.448270827531814575e-01;-7.151836752891540527e-01;-1.745910346508026123e-01
2.029674649238586426e-01;-7.430837750434875488e-01;-1.054916828870773315e-01
1.752974241971969604e-01;-7.511566877365112305e-01;-3.975928574800491333e-02
2.029803842306137085e-01;-7.430914044380187988e-01;-1.054926738142967224e-01
2.029763758182525635e-01;-7.430871129035949707e-01;-1.054833233356475830e-01
-3.378483653068542480e-01;1.448626071214675903e-01;-5.368804931640625000e-01
-2.550437450408935547e-01;-1.684944517910480499e-02;-5.172311663627624512e-01
-2.551040649414062500e-01;-1.689968071877956390e-02;-5.172427296638488770e-01
-3.860557675361633301e-01;-1.211237683892250061e-01;-5.636655688285827637e-01
-2.550640404224395752e-01;-1.687396131455898285e-02;-5.172533988952636719e-01
-1.861064285039901733e-01;-1.403514146804809570e-01;-5.014133453369140625e-01
-2.551188170909881592e-01;-1.685314625501632690e-02;-5.172435045242309570e-01
-2.339972108602523804e-01;-4.264361411333084106e-02;-4.511477947235107422e-01
-2.551344335079193115e-01;-1.684597507119178772e-02;-5.171710848808288574e-01
-2.550929188728332520e-01;-1.684956438839435577e-02;-5.172213912010192871e-01
-1.315439343452453613e-01;4.640637040138244629e-01;-4.995098114013671875e-01
-8.479913696646690369e-03;3.617847561836242676e-01;-3.013838529586791992e-01
-8.552795276045799255e-03;3.617480695247650146e-01;-3.013966083526611328e-01
7.917936146259307861e-02;2.299772202968597412e-01;-1.330441236495971680e-01
-8.520985022187232971e-03;3.617508411407470703e-01;-3.014008402824401855e-01
1.049677506089210510e-01;5.043877959251403809e-01;-1.883997023105621338e-01
-8.548187091946601868e-03;3.617692291736602783e-01;-3.014020919799804688e-01
-1.046109646558761597e-01;2.603823542594909668e-01;-4.012365043163299561e-01
-8.552571758627891541e-03;3.617787957191467285e-01;-3.013393282890319824e-01
-8.527939207851886749e-03;3.617657423019409180e-01;-3.013853132724761963e-01
4.462799429893493652e-02;-2.238743007183074951e-01;2.595791816711425781e-01
7.457789778709411621e-02;-3.221317231655120850e-01;2.757748067378997803e-01
7.454737275838851929e-02;-3.221395611763000488e-01;2.757605910301208496e-01
2.845653519034385681e-02;-3.879307508468627930e-01;3.806430101394653320e-01
7.457911968231201172e-02;-3.221374154090881348e-01;2.757559120655059814e-01
1.540825366973876953e-01;-3.390634953975677490e-01;1.716419756412506104e-01
7.454125583171844482e-02;-3.221308887004852295e-01;2.757607698440551758e-01
-9.343802928924560547e-03;-2.500950098037719727e-01;3.786824345588684082e-01
7.454583048820495605e-02;-3.221207261085510254e-01;2.757814824581146240e-01
7.454826682806015015e-02;-3.221302926540374756e-01;2.757610976696014404e-01
8.055433630943298340e-02;3.821570873260498047e-01;2.769156992435455322e-01
-3.863914683461189270e-02;3.540846705436706543e-01;1.866072565317153931e-01
-3.864666819572448730e-02;3.540886044502258301e-01;1.866003125905990601e-01
-3.696146607398986816e-02;1.339760124683380127e-01;2.063144594430923462e-01
-3.864464536309242249e-02;3.540937900543212891e-01;1.866001486778259277e-01
3.957286849617958069e-02;5.527317523956298828e-01;1.975868195295333862e-01
-3.863701969385147095e-02;3.540824055671691895e-01;1.866061687469482422e-01
-7.925112545490264893e-02;2.498106211423873901e-01;2.832729518413543701e-01
-3.864372521638870239e-02;3.540909588336944580e-01;1.865962594747543335e-01
-3.864911571145057678e-02;3.540861308574676514e-01;1.865957826375961304e-01
-8.037548512220382690e-03;-2.019306570291519165e-01;-2.902794182300567627e-01
3.610743582248687744e-02;-4.138998687267303467e-01;-3.455976545810699463e-01
3.599219769239425659e-02;-4.139576256275177002e-01;-3.456226587295532227e-01
-9.734126925468444824e-02;-5.452425479888916016e-01;-4.731782078742980957e-01
3.605495393276214600e-02;-4.139559566974639893e-01;-3.456428050994873047e-01
1.504092961549758911e-01;-4.418567717075347900e-01;-1.676020771265029907e-01
3.598969429731369019e-02;-4.139134585857391357e-01;-3.456263244152069092e-01
-7.003773003816604614e-02;-3.557081818580627441e-01;-4.466604888439178467e-01
3.599695861339569092e-02;-4.139037430286407471e-01;-3.455320894718170166e-01
3.602863475680351257e-02;-4.139210283756256104e-01;-3.456075489521026611e-01
-6.963647902011871338e-02;8.681466430425643921e-02;-2.651703357696533203e-01
5.888120736926794052e-03;-4.988734051585197449e-02;-2.074640393257141113e-01
5.874512251466512680e-03;-4.987071454524993896e-02;-2.074912637472152710e-01
1.403421461582183838e-01;-1.377438008785247803e-01;-2.329015284776687622e-01
5.901185330003499985e-03;-4.988398775458335876e-02;-2.074784189462661743e-01
1.405835896730422974e-01;9.156168252229690552e-02;-2.265513092279434204e-01
5.876315291970968246e-03;-4.988693818449974060e-02;-2.074943631887435913e-01
-1.580999232828617096e-02;-2.005642354488372803e-01;-3.053689002990722656e-01
5.907484795898199081e-03;-4.987297952175140381e-02;-2.074849903583526611e-01
5.890978965908288956e-03;-4.989217594265937805e-02;-2.074957042932510376e-01
-1.501941680908203125e-02;-6.500433683395385742e-01;2.342455387115478516e-01
1.258808523416519165e-01;-7.053852081298828125e-01;2.678822875022888184e-01
1.257557272911071777e-01;-7.054543495178222656e-01;2.678526937961578369e-01
1.578655838966369629e-01;-6.639109849929809570e-01;2.579651772975921631e-01
1.258313655853271484e-01;-7.054463624954223633e-01;2.678346335887908936e-01
1.749281734228134155e-01;-7.323002815246582031e-01;1.436240077018737793e-01
1.257439851760864258e-01;-7.054011225700378418e-01;2.678411006927490234e-01
4.555086046457290649e-02;-6.984609365463256836e-01;3.751184940338134766e-01
1.257549524307250977e-01;-7.053868770599365234e-01;2.679558098316192627e-01
1.257959455251693726e-01;-7.054063677787780762e-01;2.678744792938232422e-01
-1.218364164233207703e-01;7.558274269104003906e-01;-2.984562814235687256e-01
-4.445125535130500793e-02;7.566894292831420898e-01;-3.814006447792053223e-01
-4.448864981532096863e-02;7.566608786582946777e-01;-3.814095258712768555e-01
-5.701509863138198853e-02;6.695110797882080078e-01;-4.804211854934692383e-01
-4.447277262806892395e-02;7.566646933555603027e-01;-3.814140260219573975e-01
2.737499028444290161e-02;6.841683983802795410e-01;-3.118292987346649170e-01
-4.449747502803802490e-02;7.566878795623779297e-01;-3.814091086387634277e-01
-1.183584630489349365e-01;7.563390731811523438e-01;-4.610330462455749512e-01
-4.450722038745880127e-02;7.566862702369689941e-01;-3.813627958297729492e-01
-4.447850212454795837e-02;7.566853165626525879e-01;-3.813947141170501709e-01
-3.188388943672180176e-01;5.829188823699951172e-01;4.838175177574157715e-01
-4.129150807857513428e-01;3.699373900890350342e-01;6.236755251884460449e-01
-4.129995405673980713e-01;3.698996007442474365e-01;6.236565113067626953e-01
-3.339641690254211426e-01;1.907618343830108643e-01;5.705595016479492188e-01
-4.129471480846405029e-01;3.699054718017578125e-01;6.236423850059509277e-01
-2.134456336498260498e-01;2.864055037498474121e-01;4.999461174011230469e-01
-4.129926562309265137e-01;3.699217736721038818e-01;6.236446499824523926e-01
-3.857350945472717285e-01;4.769848585128784180e-01;5.439134836196899414e-01
-4.129842519760131836e-01;3.699390292167663574e-01;6.237064003944396973e-01
-4.129742681980133057e-01;3.699165582656860352e-01;6.236600279808044434e-01
-1.234938874840736389e-01;1.971637457609176636e-01;4.008790254592895508e-01
-4.326069355010986328e-02;8.742426335811614990e-02;3.832878470420837402e-01
-4.329962655901908875e-02;8.740226179361343384e-02;3.832774460315704346e-01
-7.185442000627517700e-02;-1.790169626474380493e-02;3.903445303440093994e-01
-4.327744245529174805e-02;8.740483969449996948e-02;3.832768499851226807e-01
7.416165620088577271e-02;1.054003387689590454e-01;2.597332596778869629e-01
-4.330279678106307983e-02;8.741790801286697388e-02;3.832747936248779297e-01
-1.680921018123626709e-01;2.100784331560134888e-02;3.455143272876739502e-01
-4.329673945903778076e-02;8.742185682058334351e-02;3.833121359348297119e-01
-4.328548908233642578e-02;8.741613477468490601e-02;3.832849562168121338e-01
-1.152096092700958252e-01;-5.740436315536499023e-01;-4.629320502281188965e-01
-6.431017071008682251e-02;-6.842772960662841797e-01;-4.996250271797180176e-01
-6.437836587429046631e-02;-6.843249797821044922e-01;-4.996344447135925293e-01
-8.909340202808380127e-02;-6.931945085525512695e-01;-4.257105886936187744e-01
-6.434678286314010620e-02;-6.843061447143554688e-01;-4.996443390846252441e-01
3.407917171716690063e-02;-6.955620646476745605e-01;-3.488314747810363770e-01
-6.437548249959945679e-02;-6.842901706695556641e-01;-4.996343851089477539e-01
-2.134521007537841797e-01;-7.021964788436889648e-01;-4.683447480201721191e-01
-6.439655274152755737e-02;-6.842817664146423340e-01;-4.995744526386260986e-01
-6.436365842819213867e-02;-6.842908859252929688e-01;-4.996207356452941895e-01
-5.572957172989845276e-02;-6.378639936447143555e-01;-3.274900317192077637e-01
-7.252123951911926270e-02;-6.307339668273925781e-01;-2.031432241201400757e-01
-7.254149764776229858e-02;-6.307597160339355469e-01;-2.031476050615310669e-01
4.302196204662322998e-03;-7.055878043174743652e-01;-2.628721892833709717e-01
-7.252846658229827881e-02;-6.307401061058044434e-01;-2.031492590904235840e-01
6.170467287302017212e-02;-7.107137441635131836e-01;-2.074310630559921265e-01
-7.255601882934570312e-02;-6.307373046875000000e-01;-2.031444609165191650e-01
-1.992474794387817383e-01;-6.914374232292175293e-01;-3.325809538364410400e-01
-7.256659865379333496e-02;-6.307329535484313965e-01;-2.031191587448120117e-01
-7.254411280155181885e-02;-6.307298541069030762e-01;-2.031331062316894531e-01
2.674766778945922852e-01;-1.656847596168518066e-01;-5.092041939496994019e-02
1.851607561111450195e-01;-2.231126874685287476e-01;-1.704729348421096802e-01
1.850174218416213989e-01;-2.231679111719131470e-01;-1.705131679773330688e-01
1.434536129236221313e-01;-1.375192999839782715e-01;-2.305729687213897705e-01
1.851052045822143555e-01;-2.231634557247161865e-01;-1.705233156681060791e-01
2.360547631978988647e-01;-2.601549923419952393e-01;-1.412502676248550415e-01
1.850266456604003906e-01;-2.231363356113433838e-01;-1.705303043127059937e-01
1.210167109966278076e-01;-2.483507841825485229e-01;-7.850199192762374878e-02
1.850436329841613770e-01;-2.231073677539825439e-01;-1.704087853431701660e-01
1.850692778825759888e-01;-2.231477797031402588e-01;-1.705058366060256958e-01
1.942728459835052490e-01;2.823053896427154541e-01;1.665708422660827637e-01
2.060378342866897583e-01;1.654631644487380981e-01;2.059266269207000732e-01
2.059220373630523682e-01;1.654174774885177612e-01;2.058941274881362915e-01
7.625406980514526367e-02;1.029453054070472717e-01;2.584292292594909668e-01
2.059927433729171753e-01;1.654052138328552246e-01;2.058795690536499023e-01
3.083217740058898926e-01;1.040975153446197510e-01;8.437222987413406372e-02
2.059088945388793945e-01;1.654489338397979736e-01;2.058731913566589355e-01
1.020353510975837708e-01;1.984057575464248657e-01;2.983168363571166992e-01
2.059479951858520508e-01;1.654623299837112427e-01;2.059772312641143799e-01
2.059664130210876465e-01;1.654377579689025879e-01;2.059083431959152222e-01
1.833488643169403076e-01;6.099220514297485352e-01;-8.783652633428573608e-02
1.608640849590301514e-01;5.462850928306579590e-01;-2.032660245895385742e-01
1.607682108879089355e-01;5.462290048599243164e-01;-2.032949626445770264e-01
1.053954958915710449e-01;4.980116188526153564e-01;-1.858145892620086670e-01
1.608319431543350220e-01;5.462588071823120117e-01;-2.033024132251739502e-01
2.264770418405532837e-01;4.255651235580444336e-01;-9.732577949762344360e-02
1.607644259929656982e-01;5.462767481803894043e-01;-2.032936960458755493e-01
5.327709764242172241e-02;6.130770444869995117e-01;-3.148664236068725586e-01
1.607478111982345581e-01;5.462961196899414062e-01;-2.032072842121124268e-01
1.607836037874221802e-01;5.462764501571655273e-01;-2.032809257507324219e-01
