2.412698715925216675e-01;7.821114659309387207e-01;4.584597349166870117e-01
2.343883961439132690e-01;7.926928400993347168e-01;4.202309250831604004e-01
1.945033669471740723e-01;7.782378196716308594e-01;4.780437946319580078e-01
1.832163035869598389e-01;7.842928171157836914e-01;4.463629722595214844e-01
2.301859706640243530e-01;7.998681068420410156e-01;4.000982344150543213e-01
2.291464358568191528e-01;8.017011284828186035e-01;3.896523118019104004e-01
2.304968535900115967e-01;7.580472230911254883e-01;3.632408380508422852e-01
2.011771202087402344e-01;8.072494864463806152e-01;3.700052499771118164e-01
2.233292162418365479e-01;8.107909560203552246e-01;3.577656447887420654e-01
2.245051562786102295e-01;7.045332789421081543e-01;2.926777303218841553e-01
2.410890460014343262e-01;-7.616714239120483398e-01;4.698924720287322998e-01
2.330636680126190186e-01;-7.798202037811279297e-01;4.214667677879333496e-01
1.835966706275939941e-01;-7.580688595771789551e-01;4.780432581901550293e-01
1.885520666837692261e-01;-7.774369120597839355e-01;4.264826476573944092e-01
2.126131504774093628e-01;-7.753627896308898926e-01;3.836978971958160400e-01
2.104614078998565674e-01;-7.810967564582824707e-01;3.652142584323883057e-01
2.340841591358184814e-01;-6.758923530578613281e-01;3.594207763671875000e-01
2.343612611293792725e-01;-5.661256313323974609e-01;2.921582460403442383e-01
-3.034967184066772461e-02;-7.687064409255981445e-01;4.780462086200714111e-01
2.293756157159805298e-01;-5.699333548545837402e-01;2.736385762691497803e-01
3.764710575342178345e-02;7.786012887954711914e-01;-4.369226396083831787e-01
4.748966172337532043e-02;7.918695211410522461e-01;-3.776400685310363770e-01
1.022653579711914062e-01;7.304028272628784180e-01;-3.428297042846679688e-01
1.799562573432922363e-01;7.823634147644042969e-01;-4.162757098674774170e-01
1.703591048717498779e-01;7.941029071807861328e-01;-3.708486258983612061e-01
1.928066015243530273e-01;7.656769752502441406e-01;-4.369212388992309570e-01
2.100047171115875244e-01;7.813192605972290039e-01;-4.182302653789520264e-01
2.322116792201995850e-01;7.693106532096862793e-01;-4.230093359947204590e-01
2.380131185054779053e-01;7.844911813735961914e-01;-3.988631069660186768e-01
2.428946495056152344e-01;7.801159024238586426e-01;-4.329379498958587646e-01
1.673907190561294556e-01;1.410513073205947876e-01;7.747905701398849487e-02
1.680959016084671021e-01;9.984955191612243652e-02;5.653906613588333130e-02
2.067605704069137573e-01;1.791817396879196167e-01;1.225195080041885376e-01
8.307524025440216064e-02;1.013100966811180115e-01;8.218639343976974487e-02
1.135254055261611938e-01;1.009455248713493347e-01;5.131594836711883545e-03
9.359674155712127686e-02;2.120040059089660645e-01;1.222211346030235291e-01
1.375661939382553101e-01;1.164819300174713135e-01;-3.822152316570281982e-02
5.364826321601867676e-02;9.109850227832794189e-02;3.079339861869812012e-03
1.896885782480239868e-01;-7.079318165779113770e-03;1.021311357617378235e-01
1.920427978038787842e-01;1.036263331770896912e-01;-8.575449138879776001e-02
-3.854991495609283447e-01;-7.711842060089111328e-01;5.066214203834533691e-01
-2.857743501663208008e-01;-7.829288244247436523e-01;4.342338144779205322e-01
-2.991373240947723389e-01;-7.798612713813781738e-01;3.893896639347076416e-01
-2.368357926607131958e-01;-6.920883059501647949e-01;4.781813621520996094e-01
-1.923913508653640747e-01;-7.271052598953247070e-01;3.711119592189788818e-01
-2.502623796463012695e-01;-5.732484459877014160e-01;4.097782075405120850e-01
-1.894577592611312866e-01;-7.128773331642150879e-01;2.985090613365173340e-01
-3.088954985141754150e-01;-5.060048699378967285e-01;4.047455787658691406e-01
-1.490841358900070190e-01;-6.426563262939453125e-01;3.559858202934265137e-01
-2.005410641431808472e-01;-5.462473630905151367e-01;3.701996505260467529e-01
-1.159975528717041016e-01;2.818805575370788574e-01;-2.795207202434539795e-01
-1.399063766002655029e-01;1.989705711603164673e-01;-1.262576431035995483e-01
-1.330926418304443359e-01;1.011076867580413818e-01;-2.506215572357177734e-01
-1.539037227630615234e-01;1.238144338130950928e-01;-1.447820216417312622e-01
-2.762252986431121826e-01;3.537062108516693115e-01;-4.050800204277038574e-01
-2.474756240844726562e-01;1.048360764980316162e-01;-2.735910117626190186e-01
-8.980718255043029785e-02;5.073460936546325684e-01;-3.460721671581268311e-01
5.299994349479675293e-02;2.907912135124206543e-01;-1.062113791704177856e-01
5.865274369716644287e-02;4.483649432659149170e-01;-2.292859852313995361e-01
-5.222111940383911133e-02;3.959779441356658936e-02;-3.359825909137725830e-01
-1.323788613080978394e-01;-4.311833679676055908e-01;3.860335350036621094e-01
-9.190534800291061401e-02;-4.444270133972167969e-01;3.495365977287292480e-01
-2.005410641431808472e-01;-5.462473630905151367e-01;3.701996505260467529e-01
-2.146496623754501343e-01;-3.108172118663787842e-01;4.346372485160827637e-01
-2.672140598297119141e-01;-3.632272481918334961e-01;4.151636660099029541e-01
-3.975108265876770020e-02;-3.915069997310638428e-01;2.574313879013061523e-01
-2.502623796463012695e-01;-5.732484459877014160e-01;4.097782075405120850e-01
-3.088954985141754150e-01;-5.060048699378967285e-01;4.047455787658691406e-01
-3.270341753959655762e-01;-3.871828317642211914e-01;4.145343601703643799e-01
-9.761261940002441406e-02;-5.905154943466186523e-01;2.588046491146087646e-01
2.419763654470443726e-01;4.821751117706298828e-01;-2.469966858625411987e-01
2.334959357976913452e-01;4.573852419853210449e-01;-2.209738940000534058e-01
1.602122187614440918e-01;4.812604486942291260e-01;-2.142872810363769531e-01
2.289701700210571289e-01;4.246033132076263428e-01;-1.600818485021591187e-01
1.271369755268096924e-01;4.154564440250396729e-01;-1.195518523454666138e-01
5.865274369716644287e-02;4.483649432659149170e-01;-2.292859852313995361e-01
7.563403248786926270e-02;5.179775357246398926e-01;-1.530807167291641235e-01
1.816149950027465820e-01;4.736220538616180420e-01;-3.445878624916076660e-02
2.014247179031372070e-01;3.036372363567352295e-01;-1.119059026241302490e-01
1.738194376230239868e-01;3.396333456039428711e-01;-8.322320878505706787e-02
-1.321550607681274414e-01;3.595257699489593506e-01;2.020983695983886719e-01
-5.882916599512100220e-02;4.940835535526275635e-01;1.479349136352539062e-01
-3.072798252105712891e-03;3.919797241687774658e-01;1.016071736812591553e-01
4.483525454998016357e-02;3.663885891437530518e-01;2.227354794740676880e-01
-2.420704960823059082e-01;3.419725000858306885e-01;3.545015454292297363e-01
-9.806718677282333374e-02;5.381608605384826660e-01;2.616783976554870605e-01
-1.422554999589920044e-01;2.296832799911499023e-01;3.543664813041687012e-01
-2.234744727611541748e-01;5.173848867416381836e-01;2.970772087574005127e-01
-2.463681101799011230e-01;3.929128646850585938e-01;3.810226619243621826e-01
-2.523929178714752197e-01;3.815495073795318604e-01;3.805937469005584717e-01
-1.439535468816757202e-01;7.880070805549621582e-01;4.780443608760833740e-01
-1.798657923936843872e-01;7.375968098640441895e-01;3.793290555477142334e-01
-1.856156289577484131e-01;6.716534495353698730e-01;4.404132962226867676e-01
-8.809504657983779907e-02;7.290005683898925781e-01;3.680487871170043945e-01
-3.188181519508361816e-01;7.290569543838500977e-01;4.369152784347534180e-01
-1.099178716540336609e-01;6.339016556739807129e-01;3.575638532638549805e-01
1.832162886857986450e-01;7.842928171157836914e-01;4.463629722595214844e-01
-9.806718677282333374e-02;5.381608605384826660e-01;2.616783976554870605e-01
-2.234744727611541748e-01;5.173848867416381836e-01;2.970772087574005127e-01
1.945033818483352661e-01;7.782378196716308594e-01;4.780437946319580078e-01
-6.631811615079641342e-03;5.467119812965393066e-01;-2.696160599589347839e-02
1.033444702625274658e-01;5.336312055587768555e-01;-5.595941096544265747e-03
7.563403248786926270e-02;5.179775357246398926e-01;-1.530807167291641235e-01
1.386077553033828735e-01;5.646016597747802734e-01;6.300915777683258057e-02
-5.882916599512100220e-02;4.940835535526275635e-01;1.479349136352539062e-01
8.995471894741058350e-02;7.175251841545104980e-01;-1.379372365772724152e-02
-3.072801511734724045e-03;3.919797241687774658e-01;1.016071736812591553e-01
1.770883947610855103e-01;5.968686342239379883e-01;3.835040703415870667e-02
1.816149950027465820e-01;4.736220538616180420e-01;-3.445878624916076660e-02
1.238820701837539673e-02;7.227808833122253418e-01;7.190583646297454834e-02
2.482320368289947510e-01;3.939202800393104553e-02;-1.850162595510482788e-01
2.428352683782577515e-01;9.649579226970672607e-02;-1.537750959396362305e-01
2.188322842121124268e-01;5.275395512580871582e-02;-1.155188754200935364e-01
2.250956296920776367e-01;-4.418798908591270447e-02;-1.097185090184211731e-01
2.254281193017959595e-01;1.347129046916961670e-01;-1.139302104711532593e-01
1.920427978038787842e-01;1.036263257265090942e-01;-8.575449138879776001e-02
1.845914423465728760e-01;-9.465293586254119873e-02;-1.916136890649795532e-01
1.848456412553787231e-01;-4.936446622014045715e-02;-4.583725333213806152e-02
1.373788714408874512e-01;-8.333022892475128174e-02;-1.184256747364997864e-01
6.478799879550933838e-02;8.071487396955490112e-02;-2.454744130373001099e-01
-1.512087732553482056e-01;9.768588095903396606e-02;3.149688243865966797e-01
-1.944769769906997681e-01;1.067756861448287964e-01;2.322033345699310303e-01
-2.612403929233551025e-01;1.134750023484230042e-01;3.901453614234924316e-01
-8.420129865407943726e-02;2.022777646780014038e-01;3.717401921749114990e-01
-1.422554999589920044e-01;2.296832799911499023e-01;3.543664813041687012e-01
-2.254157066345214844e-01;2.518603801727294922e-01;3.769154846668243408e-01
-1.433858573436737061e-01;-1.023266538977622986e-01;3.071298599243164062e-01
-3.263317346572875977e-01;1.906332671642303467e-01;3.656596243381500244e-01
-2.597282528877258301e-01;1.627674549818038940e-01;4.789671599864959717e-01
-1.375753581523895264e-01;-1.458401381969451904e-01;3.503432571887969971e-01
-3.502760231494903564e-01;1.432425677776336670e-01;-4.260239899158477783e-01
-3.155182003974914551e-01;-1.124432608485221863e-01;-4.203948080539703369e-01
-3.155138790607452393e-01;-1.124498099088668823e-01;-4.203973114490509033e-01
-2.654263973236083984e-01;-3.028457760810852051e-01;-4.406052231788635254e-01
-3.155137896537780762e-01;-1.124512180685997009e-01;-4.203950464725494385e-01
-1.613133251667022705e-01;-1.409018486738204956e-01;-3.842651844024658203e-01
-3.155401647090911865e-01;-1.124355494976043701e-01;-4.204083085060119629e-01
-2.663638293743133545e-01;3.317937999963760376e-02;-4.028998017311096191e-01
-3.155228793621063232e-01;-1.124444082379341125e-01;-4.203814268112182617e-01
-3.155101537704467773e-01;-1.124342009425163269e-01;-4.203819632530212402e-01
-4.022071659564971924e-01;1.220122873783111572e-01;4.438320994377136230e-01
-3.848454654216766357e-01;-7.391674909740686417e-03;5.061472058296203613e-01
-3.849241137504577637e-01;-7.426901254802942276e-03;5.061171650886535645e-01
-3.582028746604919434e-01;-2.013461887836456299e-01;4.284138977527618408e-01
-3.848585188388824463e-01;-7.412240374833345413e-03;5.061087608337402344e-01
-3.337509334087371826e-01;-9.411787986755371094e-02;4.160286486148834229e-01
-3.849191367626190186e-01;-7.395380642265081406e-03;5.061169266700744629e-01
-2.681525349617004395e-01;1.476397514343261719e-01;4.774155020713806152e-01
-3.849171996116638184e-01;-7.376183755695819855e-03;5.061789751052856445e-01
-3.849013149738311768e-01;-7.398508489131927490e-03;5.061259865760803223e-01
2.176916450262069702e-01;-7.646915912628173828e-01;-3.678327202796936035e-01
2.404736131429672241e-01;-7.639986276626586914e-01;-4.217396080493927002e-01
2.404547035694122314e-01;-7.640244960784912109e-01;-4.217421710491180420e-01
2.243189960718154907e-01;-7.474807500839233398e-01;-4.185866713523864746e-01
2.404678463935852051e-01;-7.640054225921630859e-01;-4.217442274093627930e-01
2.162183225154876709e-01;-7.604635953903198242e-01;-3.819748163223266602e-01
2.404469251632690430e-01;-7.640023827552795410e-01;-4.217436015605926514e-01
2.015046030282974243e-01;-7.731959223747253418e-01;-3.971371352672576904e-01
2.404326945543289185e-01;-7.639983296394348145e-01;-4.217135906219482422e-01
2.404528856277465820e-01;-7.639985680580139160e-01;-4.217346608638763428e-01
-3.096719384193420410e-01;7.316204309463500977e-01;4.329524338245391846e-01
-3.993556499481201172e-01;5.630584359169006348e-01;4.397921264171600342e-01
-3.993787169456481934e-01;5.630398988723754883e-01;4.397944211959838867e-01
-3.818483352661132812e-01;3.686021268367767334e-01;4.998529255390167236e-01
-3.993717432022094727e-01;5.630431175231933594e-01;4.397888481616973877e-01
-2.459398508071899414e-01;3.942952752113342285e-01;3.876953423023223877e-01
-3.993805050849914551e-01;5.630496740341186523e-01;4.397880136966705322e-01
-3.989475667476654053e-01;5.308072566986083984e-01;4.376946389675140381e-01
-3.993851840496063232e-01;5.630503296852111816e-01;4.398112595081329346e-01
-3.993755877017974854e-01;5.630513429641723633e-01;4.398009777069091797e-01
-5.918430164456367493e-02;-4.535127282142639160e-01;-1.160149872303009033e-01
-1.086979359388351440e-01;-5.745336413383483887e-01;-2.136901393532752991e-02
-1.087823808193206787e-01;-5.745700001716613770e-01;-2.138479053974151611e-02
-1.417324692010879517e-02;-5.691145658493041992e-01;1.282890737056732178e-01
-1.087438315153121948e-01;-5.745675563812255859e-01;-2.139241620898246765e-02
6.052450835704803467e-02;-4.570862352848052979e-01;4.990769922733306885e-02
-1.087527573108673096e-01;-5.745538473129272461e-01;-2.138910070061683655e-02
-1.532437503337860107e-01;-6.519989967346191406e-01;-1.702003180980682373e-01
-1.087630465626716614e-01;-5.745402574539184570e-01;-2.133926376700401306e-02
-1.087519824504852295e-01;-5.745624899864196777e-01;-2.138697169721126556e-02
-4.079325795173645020e-01;6.377876996994018555e-01;-4.759656786918640137e-01
-4.519370198249816895e-01;5.237883925437927246e-01;-5.073896646499633789e-01
-4.518779516220092773e-01;5.238304734230041504e-01;-5.073807835578918457e-01
-2.842686176300048828e-01;3.435669839382171631e-01;-4.129480123519897461e-01
-4.519120454788208008e-01;5.238118767738342285e-01;-5.073696970939636230e-01
-2.444243878126144409e-01;4.750066995620727539e-01;-4.450634717941284180e-01
-4.518734812736511230e-01;5.237954854965209961e-01;-5.073723793029785156e-01
-2.446582317352294922e-01;6.575274467468261719e-01;-4.351871907711029053e-01
-4.518737494945526123e-01;5.237921476364135742e-01;-5.074245333671569824e-01
-4.518939852714538574e-01;5.237977504730224609e-01;-5.073907971382141113e-01
-4.461482539772987366e-02;7.691446542739868164e-01;-9.794592857360839844e-03
-4.625440016388893127e-02;8.251128196716308594e-01;6.508484482765197754e-02
-4.623980075120925903e-02;8.251280188560485840e-01;6.509126722812652588e-02
-1.778517849743366241e-02;8.039066791534423828e-01;1.346422731876373291e-02
-4.625751450657844543e-02;8.251194953918457031e-01;6.509700417518615723e-02
1.062577515840530396e-01;7.091533541679382324e-01;-1.748791337013244629e-02
-4.621268436312675476e-02;8.251054286956787109e-01;6.509573757648468018e-02
2.177499607205390930e-02;7.197941541671752930e-01;7.395830750465393066e-02
-4.622728377580642700e-02;8.251067399978637695e-01;6.506778299808502197e-02
-4.624014347791671753e-02;8.251018524169921875e-01;6.507809460163116455e-02
-2.723027169704437256e-01;-5.468327999114990234e-01;-4.040302336215972900e-01
-2.915822565555572510e-01;-6.463100314140319824e-01;-4.398518204689025879e-01
-2.915816903114318848e-01;-6.463164091110229492e-01;-4.398550689220428467e-01
-2.062875777482986450e-01;-7.743547558784484863e-01;-4.354056119918823242e-01
-2.915781438350677490e-01;-6.463057398796081543e-01;-4.398519694805145264e-01
-2.379108071327209473e-01;-7.219697237014770508e-01;-3.426843881607055664e-01
-2.915872633457183838e-01;-6.463080048561096191e-01;-4.398475885391235352e-01
-1.890349686145782471e-01;-5.879049301147460938e-01;-2.953360378742218018e-01
-2.916048765182495117e-01;-6.463040113449096680e-01;-4.398380815982818604e-01
-2.915888428688049316e-01;-6.463001966476440430e-01;-4.398467838764190674e-01
1.734598278999328613e-01;-1.708225905895233154e-01;-5.385988205671310425e-02
2.251349389553070068e-01;-2.904065847396850586e-01;-1.229090318083763123e-01
2.251025736331939697e-01;-2.904258370399475098e-01;-1.229190602898597717e-01
2.166166454553604126e-01;-2.194779664278030396e-01;-1.289501190185546875e-01
2.251223176717758179e-01;-2.904300093650817871e-01;-1.229224875569343567e-01
1.844855546951293945e-01;-3.841881453990936279e-01;-9.998784214258193970e-02
2.250947803258895874e-01;-2.904108166694641113e-01;-1.229275912046432495e-01
1.791687309741973877e-01;-2.812410295009613037e-01;-3.363817930221557617e-02
2.251067012548446655e-01;-2.904105186462402344e-01;-1.228847205638885498e-01
2.251205444335937500e-01;-2.904144823551177979e-01;-1.229077652096748352e-01
-3.832786530256271362e-02;-9.132400900125503540e-02;1.671478152275085449e-01
-1.029662936925888062e-01;-1.774381250143051147e-01;1.107509806752204895e-01
-1.030131056904792786e-01;-1.774597465991973877e-01;1.107345223426818848e-01
-4.660755395889282227e-02;-2.234713584184646606e-01;1.126298308372497559e-02
-1.029884368181228638e-01;-1.774478852748870850e-01;1.107408180832862854e-01
7.105626910924911499e-02;-1.217735931277275085e-01;3.982911258935928345e-02
-1.029947400093078613e-01;-1.774449795484542847e-01;1.107362508773803711e-01
-7.246980816125869751e-02;-1.800131499767303467e-01;1.922051757574081421e-01
-1.030074730515480042e-01;-1.774343848228454590e-01;1.107765510678291321e-01
-1.029938533902168274e-01;-1.774505674839019775e-01;1.107399314641952515e-01
1.557997912168502808e-01;6.174187064170837402e-01;2.505549788475036621e-01
2.149265855550765991e-01;5.466056466102600098e-01;1.788329780101776123e-01
2.149239480495452881e-01;5.465933680534362793e-01;1.788355708122253418e-01
2.147477269172668457e-01;5.543675422668457031e-01;1.821585297584533691e-01
2.149211317300796509e-01;5.466103553771972656e-01;1.788377463817596436e-01
1.610063314437866211e-01;5.820780992507934570e-01;8.877162635326385498e-02
2.149217277765274048e-01;5.466028451919555664e-01;1.788362562656402588e-01
2.041885256767272949e-01;4.543374776840209961e-01;1.294243186712265015e-01
2.148994803428649902e-01;5.466058850288391113e-01;1.788510531187057495e-01
2.149180769920349121e-01;5.466091036796569824e-01;1.788429915904998779e-01
2.080259919166564941e-01;-3.220190405845642090e-01;1.417166888713836670e-01
2.298974990844726562e-01;-4.162470102310180664e-01;2.173122167587280273e-01
2.298550754785537720e-01;-4.162713587284088135e-01;2.173038721084594727e-01
8.673205971717834473e-02;-4.051892161369323730e-01;2.395741790533065796e-01
2.298802584409713745e-01;-4.162752032279968262e-01;2.172966748476028442e-01
1.648369133472442627e-01;-5.399633646011352539e-01;9.638362377882003784e-02
2.298471331596374512e-01;-4.162552356719970703e-01;2.172954976558685303e-01
2.285281121730804443e-01;-5.714245438575744629e-01;2.743164896965026855e-01
2.298555672168731689e-01;-4.162512719631195068e-01;2.173434346914291382e-01
2.298736274242401123e-01;-4.162547290325164795e-01;2.173170298337936401e-01
-2.358037382364273071e-01;7.388889789581298828e-01;-3.473607897758483887e-01
-2.638943195343017578e-01;6.488912105560302734e-01;-2.474794685840606689e-01
-2.638914585113525391e-01;6.488875746726989746e-01;-2.474755197763442993e-01
-3.968119025230407715e-01;4.914964437484741211e-01;-3.914917111396789551e-01
-2.638988494873046875e-01;6.488890647888183594e-01;-2.474804967641830444e-01
-9.360179305076599121e-02;6.063635945320129395e-01;-2.176435887813568115e-01
-2.638970911502838135e-01;6.488897204399108887e-01;-2.474764138460159302e-01
-2.566080987453460693e-01;6.473031044006347656e-01;-4.439245462417602539e-01
-2.639034688472747803e-01;6.488890051841735840e-01;-2.474763393402099609e-01
-2.639005184173583984e-01;6.488913297653198242e-01;-2.474772632122039795e-01
1.018642410635948181e-01;-6.798437237739562988e-01;2.763033658266067505e-02
5.307116732001304626e-02;-8.375890254974365234e-01;8.830051869153976440e-02
5.304569751024246216e-02;-8.376004695892333984e-01;8.829897642135620117e-02
4.904886707663536072e-02;-8.366284966468811035e-01;8.507937937974929810e-02
5.305402725934982300e-02;-8.376114964485168457e-01;8.829352259635925293e-02
-3.359578177332878113e-02;-8.176298141479492188e-01;1.743152737617492676e-02
5.303104594349861145e-02;-8.375895023345947266e-01;8.829088509082794189e-02
1.661219596862792969e-01;-6.311390995979309082e-01;1.412528455257415771e-01
5.304099246859550476e-02;-8.375928401947021484e-01;8.832842856645584106e-02
5.305813625454902649e-02;-8.375961184501647949e-01;8.830609917640686035e-02
-1.208947300910949707e-01;-2.222722172737121582e-01;-2.990942895412445068e-01
-1.531350910663604736e-01;-3.646523654460906982e-01;-3.497817516326904297e-01
-1.532007157802581787e-01;-3.646852672100067139e-01;-3.497980237007141113e-01
-2.594595849514007568e-01;-5.440153479576110840e-01;-4.050442576408386230e-01
-1.531652808189392090e-01;-3.646785914897918701e-01;-3.498060703277587891e-01
-1.521975398063659668e-01;-4.510389566421508789e-01;-2.466357201337814331e-01
-1.532003432512283325e-01;-3.646622300148010254e-01;-3.498040437698364258e-01
-2.730639278888702393e-01;-3.780468702316284180e-01;-3.737080395221710205e-01
-1.531993299722671509e-01;-3.646520674228668213e-01;-3.497441709041595459e-01
-1.531802117824554443e-01;-3.646655082702636719e-01;-3.497874438762664795e-01
-3.528701663017272949e-01;-1.822954118251800537e-01;4.265879094600677490e-01
-4.036185145378112793e-01;-4.088463485240936279e-01;5.156344771385192871e-01
-4.037363827228546143e-01;-4.089007675647735596e-01;5.156002044677734375e-01
-2.388663142919540405e-01;-5.661481022834777832e-01;4.066258072853088379e-01
-4.036568105220794678e-01;-4.088797271251678467e-01;5.155903100967407227e-01
-2.962173223495483398e-01;-5.055695772171020508e-01;4.001593589782714844e-01
-4.037193357944488525e-01;-4.088622033596038818e-01;5.155994892120361328e-01
-2.585960328578948975e-01;-3.597178459167480469e-01;4.131724238395690918e-01
-4.037274122238159180e-01;-4.088349044322967529e-01;5.156816840171813965e-01
-4.037056863307952881e-01;-4.088663458824157715e-01;5.156090855598449707e-01
2.173610627651214600e-01;-4.395635724067687988e-01;-1.807941198348999023e-01
1.829245090484619141e-01;-5.867020487785339355e-01;-1.427012085914611816e-01
1.828428357839584351e-01;-5.867478251457214355e-01;-1.427150517702102661e-01
8.046391606330871582e-02;-6.016620397567749023e-01;-1.691455990076065063e-01
1.828864216804504395e-01;-5.867477655410766602e-01;-1.427309513092041016e-01
7.388469576835632324e-02;-5.037634372711181641e-01;-1.791035830974578857e-01
1.828233897686004639e-01;-5.867125988006591797e-01;-1.427343338727951050e-01
1.276750564575195312e-01;-4.820243120193481445e-01;-3.210210800170898438e-02
1.828446090221405029e-01;-5.867087244987487793e-01;-1.426500529050827026e-01
1.828709840774536133e-01;-5.867211818695068359e-01;-1.427048742771148682e-01
-2.084207683801651001e-01;-5.457296371459960938e-01;3.748688995838165283e-01
-1.894211173057556152e-01;-7.128708362579345703e-01;2.984964847564697266e-01
-1.894809901714324951e-01;-7.129045128822326660e-01;2.984817922115325928e-01
-1.508723199367523193e-01;-6.461039781570434570e-01;3.592568337917327881e-01
-1.894442737102508545e-01;-7.129023671150207520e-01;2.984702885150909424e-01
-1.000218391418457031e-01;-5.885137319564819336e-01;2.597467005252838135e-01
-1.894865185022354126e-01;-7.128801345825195312e-01;2.984724342823028564e-01
-2.832179665565490723e-01;-7.812063694000244141e-01;4.294694066047668457e-01
-1.894822418689727783e-01;-7.128722071647644043e-01;2.985306084156036377e-01
-1.894610822200775146e-01;-7.128826975822448730e-01;2.984922528266906738e-01
-1.507191210985183716e-01;1.284357011318206787e-01;-1.476313769817352295e-01
-7.423447072505950928e-02;6.406717002391815186e-02;-9.607020020484924316e-02
-7.427605241537094116e-02;6.405872106552124023e-02;-9.607855230569839478e-02
-9.720690548419952393e-02;-1.117843389511108398e-01;-9.214861690998077393e-02
-7.425608485937118530e-02;6.404454261064529419e-02;-9.607683867216110229e-02
8.758524060249328613e-02;8.904436975717544556e-02;-5.908854305744171143e-02
-7.427054643630981445e-02;6.405631452798843384e-02;-9.608598798513412476e-02
-1.339220106601715088e-01;9.923264384269714355e-02;-2.493639290332794189e-01
-7.425030320882797241e-02;6.406511366367340088e-02;-9.605678170919418335e-02
-7.425375282764434814e-02;6.405009329319000244e-02;-9.608092904090881348e-02
