-4.003647565841674805e-01;-6.350378990173339844e-01;5.654170513153076172e-01
-3.495939970016479492e-01;-5.518718361854553223e-01;5.072882175445556641e-01
-2.969225943088531494e-01;-6.404258608818054199e-01;4.935229420661926270e-01
-2.683563530445098877e-01;-5.840839743614196777e-01;5.219355821609497070e-01
-3.930672705173492432e-01;-4.840231537818908691e-01;6.002116799354553223e-01
-2.379274219274520874e-01;-6.466405987739562988e-01;5.602854490280151367e-01
-2.570315897464752197e-01;-6.672707796096801758e-01;4.797258973121643066e-01
-2.566761374473571777e-01;-4.578784704208374023e-01;5.190902948379516602e-01
-4.016664922237396240e-01;-3.938601613044738770e-01;5.565952062606811523e-01
-1.812614351511001587e-01;-6.555913090705871582e-01;4.639696478843688965e-01
-1.999387145042419434e-01;7.271530628204345703e-01;5.848580002784729004e-01
-1.870823204517364502e-01;6.704714298248291016e-01;5.060635805130004883e-01
-2.223201096057891846e-01;5.943016409873962402e-01;5.109230875968933105e-01
-1.850566715002059937e-01;6.074581742286682129e-01;4.567561149597167969e-01
-2.298294007778167725e-01;5.501427650451660156e-01;5.855064988136291504e-01
-6.948676705360412598e-02;7.278037667274475098e-01;4.519182145595550537e-01
-6.933040916919708252e-02;6.695504784584045410e-01;4.586795270442962646e-01
-4.205818474292755127e-02;6.382610797882080078e-01;4.440473616123199463e-01
-3.271147012710571289e-01;4.864816963672637939e-01;4.960973262786865234e-01
-7.340309023857116699e-02;7.259422540664672852e-01;3.187547028064727783e-01
2.165626585483551025e-01;-7.419940829277038574e-01;1.518179327249526978e-01
2.080813050270080566e-01;-7.457384467124938965e-01;1.281990110874176025e-01
1.893134862184524536e-01;-7.376810908317565918e-01;1.558360159397125244e-01
2.018441855907440186e-01;-7.482859492301940918e-01;1.060010492801666260e-01
2.190400213003158569e-01;-6.911124587059020996e-01;1.240733340382575989e-01
1.768911480903625488e-01;-6.957744359970092773e-01;1.166807040572166443e-01
1.649072468280792236e-01;-7.409321069717407227e-01;9.953455626964569092e-02
1.865714043378829956e-01;-7.355667352676391602e-01;6.680425256490707397e-02
2.311608940362930298e-01;-6.335035562515258789e-01;1.879249662160873413e-01
2.044966071844100952e-01;-6.236932277679443359e-01;1.305020302534103394e-01
1.917434185743331909e-01;7.696630954742431641e-01;-1.242550462484359741e-02
1.963806897401809692e-01;7.675002217292785645e-01;-5.996393039822578430e-02
1.917988210916519165e-01;7.697926163673400879e-01;3.730618581175804138e-02
1.982378214597702026e-01;7.670849561691284180e-01;-7.157071679830551147e-02
1.244219020009040833e-01;7.387207746505737305e-01;-4.518556967377662659e-02
1.345931589603424072e-01;7.548114061355590820e-01;5.475259572267532349e-02
1.984846889972686768e-01;7.680246233940124512e-01;8.089547604322433472e-02
1.393298506736755371e-01;7.555095553398132324e-01;6.871336698532104492e-02
1.436915546655654907e-01;6.824644207954406738e-01;1.038407906889915466e-03
1.223884299397468567e-01;7.505180835723876953e-01;-8.409750461578369141e-02
-3.626110851764678955e-01;3.620429337024688721e-02;5.112757086753845215e-01
-3.409997522830963135e-01;3.009445779025554657e-02;5.405471920967102051e-01
-3.060079813003540039e-01;2.652758173644542694e-02;4.856831431388854980e-01
-3.317525088787078857e-01;-4.540462046861648560e-02;5.047638416290283203e-01
-4.053945839405059814e-01;1.534593403339385986e-01;5.599939823150634766e-01
-2.374276369810104370e-01;1.666408032178878784e-03;4.724993407726287842e-01
-3.226772248744964600e-01;1.723171323537826538e-01;6.021696925163269043e-01
-3.321998119354248047e-01;-1.550393402576446533e-01;5.023685097694396973e-01
-2.355125844478607178e-01;6.374996900558471680e-02;3.421389758586883545e-01
-3.273705542087554932e-01;-1.800139248371124268e-01;5.719857811927795410e-01
-4.775286465883255005e-02;-7.090010046958923340e-01;4.387823343276977539e-01
-1.865525916218757629e-02;-6.390796303749084473e-01;4.620585739612579346e-01
-4.663452133536338806e-02;-5.787726044654846191e-01;4.332036674022674561e-01
-1.812614202499389648e-01;-6.555913090705871582e-01;4.639696478843688965e-01
-1.022135242819786072e-01;-6.440617442131042480e-01;3.162141144275665283e-01
-9.079657495021820068e-02;-7.003060579299926758e-01;5.849968194961547852e-01
4.733170568943023682e-02;-7.129470109939575195e-01;3.163707852363586426e-01
-2.201535999774932861e-01;-6.353287100791931152e-01;3.939269483089447021e-01
-2.570315897464752197e-01;-6.672707796096801758e-01;4.797258973121643066e-01
2.897650748491287231e-02;-7.134741544723510742e-01;2.238709628582000732e-01
2.458325475454330444e-01;3.609905838966369629e-01;-3.876399016007781029e-03
2.035182267427444458e-01;3.023656904697418213e-01;-4.718896746635437012e-02
2.549043595790863037e-01;2.816393077373504639e-01;4.891206696629524231e-02
1.958474665880203247e-01;4.448934495449066162e-01;2.270046994090080261e-02
2.435501068830490112e-01;4.765585660934448242e-01;7.563930004835128784e-02
2.670896351337432861e-01;2.683785259723663330e-01;-1.098722815513610840e-01
2.485799193382263184e-01;2.417510747909545898e-01;7.768990844488143921e-02
1.686686724424362183e-01;4.503476917743682861e-01;-8.856154978275299072e-02
2.534162998199462891e-01;2.033352255821228027e-01;1.024344470351934433e-02
2.386343032121658325e-01;4.592704772949218750e-01;1.275341063737869263e-01
-2.664683461189270020e-01;3.542172312736511230e-01;5.886224508285522461e-01
-2.838017940521240234e-01;4.343825578689575195e-01;5.551016330718994141e-01
-1.756813377141952515e-01;3.115503787994384766e-01;5.368366837501525879e-01
-2.589720785617828369e-01;3.199030756950378418e-01;4.783779680728912354e-01
-3.271147012710571289e-01;4.864816963672637939e-01;4.960973262786865234e-01
-1.456496268510818481e-01;3.537964522838592529e-01;4.455278813838958740e-01
-3.791072666645050049e-01;4.891712367534637451e-01;5.171183943748474121e-01
-1.889689564704895020e-01;2.391936033964157104e-01;4.587267041206359863e-01
-3.226772248744964600e-01;1.723171323537826538e-01;6.021696925163269043e-01
-1.491193026304244995e-01;4.271909892559051514e-01;4.528084993362426758e-01
-2.480240315198898315e-01;-3.004258275032043457e-01;4.769445657730102539e-01
-2.589062750339508057e-01;-4.288915097713470459e-01;4.805570542812347412e-01
-3.138243556022644043e-01;-2.378841638565063477e-01;6.001379489898681641e-01
-1.484810262918472290e-01;-4.226853847503662109e-01;4.524156153202056885e-01
-2.566761374473571777e-01;-4.578784704208374023e-01;5.190902948379516602e-01
-2.182972431182861328e-01;-4.488892257213592529e-01;4.085429906845092773e-01
-3.321998119354248047e-01;-1.550393402576446533e-01;5.023685097694396973e-01
-3.273705542087554932e-01;-1.800139248371124268e-01;5.719857811927795410e-01
-1.028989106416702271e-01;-1.754050552845001221e-01;4.383441209793090820e-01
-4.016664922237396240e-01;-3.938601613044738770e-01;5.565952062606811523e-01
1.077601611614227295e-01;-7.222042679786682129e-01;-1.925309151411056519e-01
1.835439950227737427e-01;-6.954892277717590332e-01;-1.891144514083862305e-01
4.498559236526489258e-02;-7.147926688194274902e-01;-2.538979649543762207e-01
1.254377514123916626e-01;-7.311561107635498047e-01;-1.062588542699813843e-01
2.195269912481307983e-01;-7.391390204429626465e-01;-1.532257050275802612e-01
2.154610306024551392e-01;-7.414309978485107422e-01;-1.403383612632751465e-01
1.398676931858062744e-01;-6.818906664848327637e-01;-8.049203455448150635e-02
2.310643047094345093e-01;-7.143020033836364746e-01;-2.046088874340057373e-01
1.993614435195922852e-01;-7.338823676109313965e-01;-1.065634861588478088e-01
1.556262224912643433e-01;-6.451668143272399902e-01;-1.037762761116027832e-01
-1.368431150913238525e-01;-7.084615826606750488e-01;-4.129254817962646484e-01
-2.215178906917572021e-01;-7.038425207138061523e-01;-4.262799620628356934e-01
-6.219045072793960571e-02;-7.080082297325134277e-01;-3.052518963813781738e-01
-9.961502254009246826e-02;-5.827240347862243652e-01;-3.665076196193695068e-01
-2.349807024002075195e-01;-6.496005058288574219e-01;-5.216674804687500000e-01
-2.821837663650512695e-01;-7.032360434532165527e-01;-4.877624213695526123e-01
-1.701794564723968506e-01;-7.069163918495178223e-01;-5.874115228652954102e-01
-2.149058580398559570e-01;-6.056628823280334473e-01;-5.477294325828552246e-01
-2.304800748825073242e-01;-6.643280982971191406e-01;-5.885577201843261719e-01
-2.675516605377197266e-01;-5.903856754302978516e-01;-5.186893939971923828e-01
1.340984851121902466e-01;-1.505015194416046143e-01;1.655362248420715332e-01
7.924208790063858032e-02;-1.050751358270645142e-01;8.926482498645782471e-02
2.684514820575714111e-01;-1.195689439773559570e-01;8.768082410097122192e-02
2.699696421623229980e-01;-7.542349398136138916e-02;1.116837561130523682e-01
1.574204415082931519e-01;-1.610039472579956055e-01;-2.008974552154541016e-03
2.268085181713104248e-01;-1.381957381963729858e-01;1.542979478836059570e-02
2.173396646976470947e-01;6.873115897178649902e-03;1.772993206977844238e-01
2.580991387367248535e-01;-1.502032577991485596e-01;2.141934633255004883e-02
1.413050293922424316e-01;4.548454284667968750e-02;1.679145842790603638e-01
2.158600836992263794e-01;-1.047870889306068420e-01;-1.379424333572387695e-02
1.605616509914398193e-01;4.451816082000732422e-01;-2.461077123880386353e-01
1.396283358335494995e-01;3.251610100269317627e-01;-2.370518445968627930e-01
2.612260580062866211e-01;4.391351640224456787e-01;-1.480078101158142090e-01
3.034576773643493652e-02;4.162788391113281250e-01;-2.909477055072784424e-01
1.686686724424362183e-01;4.503476917743682861e-01;-8.856154978275299072e-02
9.969642758369445801e-02;4.715586304664611816e-01;-7.400919497013092041e-02
1.150394976139068604e-02;5.459983348846435547e-01;-3.190113902091979980e-01
1.853935867547988892e-01;6.387811303138732910e-01;-1.682166010141372681e-01
1.684095561504364014e-01;6.018859148025512695e-01;-9.466695785522460938e-02
1.714076548814773560e-01;5.230039954185485840e-01;-4.112698137760162354e-02
2.170768678188323975e-01;8.517210930585861206e-02;-1.962801441550254822e-02
2.607955336570739746e-01;-2.570956945419311523e-02;-1.238352898508310318e-02
2.607469260692596436e-01;-2.572368271648883820e-02;-1.240213681012392044e-02
2.719749212265014648e-01;2.925148233771324158e-03;-1.393615901470184326e-01
2.607780098915100098e-01;-2.574024163186550140e-02;-1.240406651049852371e-02
2.307630181312561035e-01;-8.740247786045074463e-02;-7.268542796373367310e-02
2.607323527336120605e-01;-2.571129053831100464e-02;-1.241024676710367203e-02
2.301816344261169434e-01;-1.374816894531250000e-01;1.846704632043838501e-02
2.607644498348236084e-01;-2.571129798889160156e-02;-1.235791761428117752e-02
2.607765197753906250e-01;-2.571783959865570068e-02;-1.238763611763715744e-02
-2.662380933761596680e-01;-5.929029583930969238e-01;-5.174670219421386719e-01
-3.890572488307952881e-01;-7.025710940361022949e-01;-5.958359837532043457e-01
-3.890713453292846680e-01;-7.025871872901916504e-01;-5.958322286605834961e-01
-3.888391852378845215e-01;-7.027506828308105469e-01;-5.969011187553405762e-01
-3.890751600265502930e-01;-7.025851011276245117e-01;-5.958357453346252441e-01
-2.898378968238830566e-01;-7.008810043334960938e-01;-4.846600890159606934e-01
-3.890852630138397217e-01;-7.025749087333679199e-01;-5.958400964736938477e-01
-2.293713390827178955e-01;-6.672437191009521484e-01;-5.876111388206481934e-01
-3.890842497348785400e-01;-7.025806307792663574e-01;-5.958120822906494141e-01
-3.890669643878936768e-01;-7.025727629661560059e-01;-5.958210229873657227e-01
-1.753655970096588135e-01;7.218128442764282227e-01;-3.937262296676635742e-01
-2.431143224239349365e-01;7.304559946060180664e-01;-5.882943868637084961e-01
-2.431233078241348267e-01;7.304360866546630859e-01;-5.883061885833740234e-01
-2.792367935180664062e-01;5.939544439315795898e-01;-5.906526446342468262e-01
-2.431061267852783203e-01;7.304453253746032715e-01;-5.883104205131530762e-01
-2.273234724998474121e-02;7.156831026077270508e-01;-5.873638391494750977e-01
-2.431464791297912598e-01;7.304640412330627441e-01;-5.882987380027770996e-01
-2.712618112564086914e-01;7.285811305046081543e-01;-5.153583884239196777e-01
-2.431487292051315308e-01;7.304626107215881348e-01;-5.882694721221923828e-01
-2.431235611438751221e-01;7.304720878601074219e-01;-5.882858633995056152e-01
-3.591337203979492188e-01;2.003973573446273804e-01;-5.011628866195678711e-01
-3.450300693511962891e-01;-7.288346532732248306e-03;-5.846161842346191406e-01
-3.450824618339538574e-01;-7.317996118217706680e-03;-5.846275687217712402e-01
-3.366146683692932129e-01;-1.685791611671447754e-01;-4.941143989562988281e-01
-3.450500369071960449e-01;-7.324044127017259598e-03;-5.846378803253173828e-01
-1.912547051906585693e-01;-5.540294200181961060e-02;-4.545702338218688965e-01
-3.451003134250640869e-01;-7.293778937309980392e-03;-5.846415758132934570e-01
-2.039437443017959595e-01;1.408290416002273560e-01;-4.967613220214843750e-01
-3.450816571712493896e-01;-7.292744703590869904e-03;-5.845767855644226074e-01
-3.450622260570526123e-01;-7.296134717762470245e-03;-5.846127271652221680e-01
1.560019887983798981e-02;-3.144637942314147949e-01;-2.602096498012542725e-01
-1.719688065350055695e-02;-4.538272917270660400e-01;-3.549652695655822754e-01
-1.729290559887886047e-02;-4.538653194904327393e-01;-3.549901545047760010e-01
-1.003240868449211121e-01;-5.853346586227416992e-01;-3.663206398487091064e-01
-1.723643578588962555e-02;-4.538774490356445312e-01;-3.550066649913787842e-01
3.050041384994983673e-02;-6.536618471145629883e-01;-2.738801836967468262e-01
-1.729611493647098541e-02;-4.538431763648986816e-01;-3.550073802471160889e-01
-1.986782848834991455e-01;-3.785651326179504395e-01;-3.720339536666870117e-01
-1.726607233285903931e-02;-4.538311660289764404e-01;-3.549277782440185547e-01
-1.725760847330093384e-02;-4.538565278053283691e-01;-3.549896478652954102e-01
2.861794084310531616e-02;4.198376536369323730e-01;-2.922657728195190430e-01
-5.317258089780807495e-02;2.900647819042205811e-01;-2.309522330760955811e-01
-5.320599675178527832e-02;2.900505661964416504e-01;-2.309665530920028687e-01
-6.872867047786712646e-02;1.652318537235260010e-01;-2.379831075668334961e-01
-5.317780375480651855e-02;2.900632321834564209e-01;-2.309695035219192505e-01
1.353653371334075928e-01;3.263536989688873291e-01;-2.377746403217315674e-01
-5.320159345865249634e-02;2.900612354278564453e-01;-2.309631109237670898e-01
-1.006209999322891235e-01;2.566192746162414551e-01;-3.810858130455017090e-01
-5.320787429809570312e-02;2.900748550891876221e-01;-2.309427112340927124e-01
-5.320517718791961670e-02;2.900626063346862793e-01;-2.309640049934387207e-01
-1.374003291130065918e-01;3.712998628616333008e-01;3.619967103004455566e-01
5.353813618421554565e-02;2.746716737747192383e-01;3.091014027595520020e-01
5.361059308052062988e-02;2.747057080268859863e-01;3.091093599796295166e-01
1.816603243350982666e-01;2.580974400043487549e-01;1.311634033918380737e-01
5.357933789491653442e-02;2.746994197368621826e-01;3.091245293617248535e-01
1.266761124134063721e-01;4.284864366054534912e-01;2.081869095563888550e-01
5.359722673892974854e-02;2.746833264827728271e-01;3.091137707233428955e-01
2.331062406301498413e-02;7.548217475414276123e-02;3.577473461627960205e-01
5.361287295818328857e-02;2.746742367744445801e-01;3.090597987174987793e-01
5.358984321355819702e-02;2.746845483779907227e-01;3.091001510620117188e-01
-2.166298404335975647e-02;-1.307271718978881836e-01;3.404610455036163330e-01
5.054083094000816345e-02;-3.414917588233947754e-01;3.216781616210937500e-01
5.050545185804367065e-02;-3.415069878101348877e-01;3.216587901115417480e-01
1.440986394882202148e-01;-4.744664728641510010e-01;2.400455474853515625e-01
5.053920671343803406e-02;-3.415060043334960938e-01;3.216597735881805420e-01
2.088224738836288452e-01;-3.679565489292144775e-01;2.211633920669555664e-01
5.048461630940437317e-02;-3.414887189865112305e-01;3.216454088687896729e-01
-1.416014283895492554e-01;-4.224772155284881592e-01;4.539828896522521973e-01
5.051358789205551147e-02;-3.414862751960754395e-01;3.216947317123413086e-01
5.052108317613601685e-02;-3.414930701255798340e-01;3.216684460639953613e-01
-3.755156993865966797e-01;5.606214404106140137e-01;-6.162524819374084473e-01
-3.083084225654602051e-01;3.641727268695831299e-01;-6.052793264389038086e-01
-3.083275556564331055e-01;3.641640245914459229e-01;-6.052830815315246582e-01
-3.578345179557800293e-01;2.705552875995635986e-01;-5.889667272567749023e-01
-3.083159029483795166e-01;3.641611933708190918e-01;-6.052857637405395508e-01
-2.550744414329528809e-01;2.463974952697753906e-01;-5.897072553634643555e-01
-3.083341717720031738e-01;3.641746938228607178e-01;-6.052770614624023438e-01
-1.612777858972549438e-01;4.463290870189666748e-01;-5.859297513961791992e-01
-3.083363771438598633e-01;3.641733825206756592e-01;-6.052582859992980957e-01
-3.083240091800689697e-01;3.641727268695831299e-01;-6.052761673927307129e-01
-1.155949532985687256e-01;2.426803112030029297e-02;-3.490240871906280518e-01
-1.584335565567016602e-01;-1.255526691675186157e-01;-2.609354257583618164e-01
-1.584703475236892700e-01;-1.255565285682678223e-01;-2.609511315822601318e-01
-1.493928730487823486e-01;-3.306984305381774902e-01;-3.559156656265258789e-01
-1.584449112415313721e-01;-1.255549788475036621e-01;-2.609524726867675781e-01
4.506397247314453125e-02;-1.286306679248809814e-01;-2.959204316139221191e-01
-1.584469974040985107e-01;-1.255591213703155518e-01;-2.609422206878662109e-01
-2.194175422191619873e-01;-8.884932100772857666e-02;-3.906021714210510254e-01
-1.584428548812866211e-01;-1.255477815866470337e-01;-2.609470784664154053e-01
-1.584604233503341675e-01;-1.255651712417602539e-01;-2.609590888023376465e-01
2.482008785009384155e-01;-3.494416177272796631e-01;-5.579022690653800964e-02
1.850691437721252441e-01;-4.431309998035430908e-01;-5.898600071668624878e-02
1.850807666778564453e-01;-4.431188702583312988e-01;-5.898277834057807922e-02
2.058848589658737183e-01;-4.183256626129150391e-01;4.285584762692451477e-02
1.850670725107192993e-01;-4.431399703025817871e-01;-5.898090451955795288e-02
2.568516433238983154e-01;-4.628188908100128174e-01;-1.455536633729934692e-01
1.850631237030029297e-01;-4.431330561637878418e-01;-5.899685621261596680e-02
1.657113432884216309e-01;-5.697564482688903809e-01;2.530995756387710571e-03
1.850880980491638184e-01;-4.431382417678833008e-01;-5.898783355951309204e-02
1.850873231887817383e-01;-4.431301355361938477e-01;-5.897767841815948486e-02
-4.365567117929458618e-03;7.295207381248474121e-01;-3.789895176887512207e-01
3.126461431384086609e-02;5.893521904945373535e-01;-3.824928998947143555e-01
3.122565522789955139e-02;5.893296003341674805e-01;-3.825056254863739014e-01
2.712011896073818207e-02;4.186947941780090332e-01;-2.914465069770812988e-01
3.125253692269325256e-02;5.893528461456298828e-01;-3.825091719627380371e-01
1.462660729885101318e-03;7.307951450347900391e-01;-2.761988639831542969e-01
3.124089911580085754e-02;5.893465280532836914e-01;-3.825007677078247070e-01
-7.005814462900161743e-03;6.760466694831848145e-01;-3.840668499469757080e-01
3.121196292340755463e-02;5.893641710281372070e-01;-3.824805021286010742e-01
3.122204542160034180e-02;5.893462300300598145e-01;-3.825144469738006592e-01
-1.746771335601806641e-01;-2.235601395368576050e-01;-5.849401354789733887e-01
-2.408714741468429565e-01;-3.372642993927001953e-01;-5.896159410476684570e-01
-2.408850342035293579e-01;-3.372739851474761963e-01;-5.896239280700683594e-01
-2.032458335161209106e-01;-4.370148777961730957e-01;-5.425665974617004395e-01
-2.408730834722518921e-01;-3.372598588466644287e-01;-5.896205902099609375e-01
-1.882970035076141357e-01;-4.068954586982727051e-01;-5.867469906806945801e-01
-2.408863604068756104e-01;-3.372634649276733398e-01;-5.896217226982116699e-01
-2.935928404331207275e-01;-3.939476013183593750e-01;-5.914349555969238281e-01
-2.408982664346694946e-01;-3.372580707073211670e-01;-5.896013975143432617e-01
-2.408841699361801147e-01;-3.372609913349151611e-01;-5.896153450012207031e-01
2.080834656953811646e-02;6.786154508590698242e-01;3.585861027240753174e-01
7.897972315549850464e-02;6.047823429107666016e-01;3.162389695644378662e-01
7.882103323936462402e-02;6.046975255012512207e-01;3.161962926387786865e-01
-5.710124969482421875e-04;5.351892709732055664e-01;2.700326740741729736e-01
7.892197370529174805e-02;6.047059297561645508e-01;3.161717355251312256e-01
2.096357569098472595e-02;6.601818203926086426e-01;1.799760460853576660e-01
7.879637181758880615e-02;6.047688126564025879e-01;3.161767125129699707e-01
-3.954843431711196899e-02;6.375974416732788086e-01;4.411642551422119141e-01
7.881809771060943604e-02;6.047853231430053711e-01;3.163357973098754883e-01
7.887468487024307251e-02;6.047610640525817871e-01;3.162258565425872803e-01
-1.330685019493103027e-01;1.405579149723052979e-01;2.883341014385223389e-01
-7.682666182518005371e-02;-4.383810330182313919e-03;2.292541265487670898e-01
-7.692905515432357788e-02;-4.438288975507020950e-03;2.292264103889465332e-01
-2.584604918956756592e-02;-1.326046586036682129e-01;3.443449735641479492e-01
-7.685919851064682007e-02;-4.415741655975580215e-03;2.292133420705795288e-01
3.981884568929672241e-02;6.249260902404785156e-02;1.038902401924133301e-01
-7.692022621631622314e-02;-4.399191122502088547e-03;2.292308658361434937e-01
-1.066658496856689453e-01;-3.044500946998596191e-02;3.548759222030639648e-01
-7.693193852901458740e-02;-4.376417957246303558e-03;2.293023467063903809e-01
-7.690861076116561890e-02;-4.399886354804039001e-03;2.292331904172897339e-01
3.395616635680198669e-02;4.432899504899978638e-02;-9.814065694808959961e-02
9.372732043266296387e-02;-3.406963497400283813e-02;-2.472502440214157104e-01
9.367859363555908203e-02;-3.410274535417556763e-02;-2.472682297229766846e-01
3.588885813951492310e-02;-1.011225357651710510e-01;-1.571044921875000000e-01
9.371745586395263672e-02;-3.406970202922821045e-02;-2.472639679908752441e-01
2.168154418468475342e-01;-2.693589776754379272e-02;-1.451522856950759888e-01
9.369398653507232666e-02;-3.408033773303031921e-02;-2.472608387470245361e-01
3.523059934377670288e-02;5.889029055833816528e-02;-2.984879910945892334e-01
9.366856515407562256e-02;-3.405864164233207703e-02;-2.472223639488220215e-01
9.368313103914260864e-02;-3.407558053731918335e-02;-2.472649961709976196e-01
-1.915827244520187378e-01;2.422139495611190796e-01;4.602220058441162109e-01
-1.932968497276306152e-01;1.803001761436462402e-01;3.942318260669708252e-01
-1.932497769594192505e-01;1.803101003170013428e-01;3.942535519599914551e-01
-6.958505511283874512e-02;6.731305271387100220e-02;4.329788684844970703e-01
-1.932929158210754395e-01;1.803043186664581299e-01;3.942526578903198242e-01
-1.619293093681335449e-01;3.446625471115112305e-01;4.574809968471527100e-01
-1.932595372200012207e-01;1.803035587072372437e-01;3.942521810531616211e-01
-1.574751138687133789e-01;1.994591355323791504e-01;4.845288991928100586e-01
-1.932607293128967285e-01;1.802861094474792480e-01;3.942195773124694824e-01
-1.932623684406280518e-01;1.803054213523864746e-01;3.942529559135437012e-01
4.037816077470779419e-02;2.939901351928710938e-01;1.154282763600349426e-01
3.167007863521575928e-02;1.585302054882049561e-01;7.750345021486282349e-02
3.159510344266891479e-02;1.584990024566650391e-01;7.747647911310195923e-02
1.422359347343444824e-01;4.579448699951171875e-02;1.731969714164733887e-01
3.165106102824211121e-02;1.584990620613098145e-01;7.747222483158111572e-02
2.105960100889205933e-01;1.128821969032287598e-01;1.096899807453155518e-02
3.159665688872337341e-02;1.585161238908767700e-01;7.747573405504226685e-02
8.996430039405822754e-02;4.044374823570251465e-02;-5.613735318183898926e-02
3.159976005554199219e-02;1.585384011268615723e-01;7.754074037075042725e-02
3.162005171179771423e-02;1.585168391466140747e-01;7.748697698116302490e-02
2.462491691112518311e-01;-3.928291797637939453e-01;1.491460502147674561e-01
2.006994634866714478e-01;-4.882754385471343994e-01;1.969558149576187134e-01
2.007012963294982910e-01;-4.882693588733673096e-01;1.969528943300247192e-01
1.408638209104537964e-01;-4.777857363224029541e-01;2.496320307254791260e-01
2.007042616605758667e-01;-4.882883131504058838e-01;1.969488859176635742e-01
1.907910555601119995e-01;-5.053969621658325195e-01;6.649485230445861816e-02
2.006730139255523682e-01;-4.882673919200897217e-01;1.969424784183502197e-01
2.145372331142425537e-01;-6.215755939483642578e-01;1.372151076793670654e-01
2.007010132074356079e-01;-4.882744550704956055e-01;1.969597041606903076e-01
2.007075548171997070e-01;-4.882673025131225586e-01;1.969658285379409790e-01
