2.937797904014587402e-01;4.906100779771804810e-02;-2.551068319007754326e-03
2.604106068611145020e-01;2.020983025431632996e-02;9.667686186730861664e-03
2.582787275314331055e-01;2.914412319660186768e-02;-5.294943973422050476e-02
3.071762919425964355e-01;6.041256710886955261e-02;8.968820422887802124e-02
3.060887753963470459e-01;1.103642061352729797e-01;-8.672803640365600586e-02
2.175953239202499390e-01;6.185614317655563354e-02;7.163060456514358521e-02
2.969050109386444092e-01;-5.304219573736190796e-02;5.404996871948242188e-02
2.878781557083129883e-01;-7.232668995857238770e-02;1.642375811934471130e-02
2.207339406013488770e-01;-5.374174565076828003e-02;-3.160766139626502991e-02
2.901464104652404785e-01;2.031225264072418213e-01;-3.372957557439804077e-02
-4.243166148662567139e-01;6.329247951507568359e-01;6.059032082557678223e-01
-2.848356068134307861e-01;6.873344779014587402e-01;5.206983089447021484e-01
-2.561822533607482910e-01;5.236468315124511719e-01;4.861522912979125977e-01
-1.887091547250747681e-01;7.109914422035217285e-01;4.470520913600921631e-01
-2.637766897678375244e-01;4.813829958438873291e-01;3.996331691741943359e-01
-4.498114585876464844e-01;3.265416622161865234e-01;6.335099339485168457e-01
-3.607547283172607422e-01;3.421638906002044678e-01;4.749409258365631104e-01
-1.312504112720489502e-01;7.128397822380065918e-01;4.762044250965118408e-01
-2.073004692792892456e-01;6.940590143203735352e-01;3.619720339775085449e-01
-2.452131062746047974e-01;7.433063387870788574e-01;3.111906647682189941e-01
1.289431452751159668e-01;3.417646586894989014e-01;2.681520581245422363e-01
1.120470315217971802e-01;4.194870591163635254e-01;2.320883274078369141e-01
1.134267449378967285e-01;3.993033468723297119e-01;1.281090527772903442e-01
9.048781543970108032e-02;4.451815783977508545e-01;1.055948734283447266e-01
-1.127004623413085938e-02;4.978597462177276611e-01;3.394563198089599609e-01
2.680049836635589600e-01;4.505803287029266357e-01;1.008220911026000977e-01
-1.166456639766693115e-01;3.324382901191711426e-01;2.711785137653350830e-01
2.784513831138610840e-01;4.083334505558013916e-01;7.931414246559143066e-02
2.886570990085601807e-01;3.247091174125671387e-01;7.121065258979797363e-02
2.441621124744415283e-01;3.889544308185577393e-01;3.780046105384826660e-02
8.833654224872589111e-02;6.322187781333923340e-01;-2.527811527252197266e-01
8.307034522294998169e-02;7.162036895751953125e-01;-3.256230950355529785e-01
1.463082879781723022e-01;7.744942903518676758e-01;-2.610898017883300781e-01
1.139609962701797485e-01;7.885167598724365234e-01;-1.897483915090560913e-01
6.748612225055694580e-02;6.769105195999145508e-01;-8.823154866695404053e-02
1.709806621074676514e-01;7.569755315780639648e-01;-1.579707413911819458e-01
1.384934335947036743e-01;7.523899674415588379e-01;-1.310559064149856567e-01
5.395468696951866150e-02;7.890685200691223145e-01;-1.367598921060562134e-01
-6.319507956504821777e-02;7.639826536178588867e-01;-2.251541465520858765e-01
1.730637848377227783e-01;5.543752908706665039e-01;-8.204111456871032715e-02
-1.905824989080429077e-01;7.521204352378845215e-01;2.971511781215667725e-01
-2.452131062746047974e-01;7.433063387870788574e-01;3.111906647682189941e-01
-2.073004692792892456e-01;6.940590143203735352e-01;3.619720339775085449e-01
-1.391982436180114746e-01;7.688527107238769531e-01;3.750014305114746094e-01
-8.836354315280914307e-02;7.605131864547729492e-01;2.360797226428985596e-01
-1.119323596358299255e-01;7.712631225585937500e-01;3.953033387660980225e-01
-1.887091547250747681e-01;7.109914422035217285e-01;4.470520913600921631e-01
-4.197321832180023193e-02;7.062573432922363281e-01;2.472755610942840576e-01
-4.502196609973907471e-02;7.308462858200073242e-01;3.857503235340118408e-01
-1.312504261732101440e-01;7.128397822380065918e-01;4.762044250965118408e-01
2.522347867488861084e-01;-3.350467681884765625e-01;-3.613860579207539558e-03
1.824548095464706421e-01;-3.406312167644500732e-01;2.265157876536250114e-03
2.659945487976074219e-01;-2.952840328216552734e-01;6.011410057544708252e-02
2.076061218976974487e-01;-2.905712723731994629e-01;-6.116537004709243774e-02
2.396851480007171631e-01;-4.217047095298767090e-01;-4.235386848449707031e-03
1.770020425319671631e-01;-3.771965503692626953e-01;-5.856409668922424316e-02
2.803961336612701416e-01;-2.438874840736389160e-01;3.872674331068992615e-02
2.715090513229370117e-01;-3.805666863918304443e-01;-9.683428704738616943e-02
1.901668757200241089e-01;-2.353110015392303467e-01;-1.912152953445911407e-02
1.550131440162658691e-01;-4.197088181972503662e-01;-2.777321822941303253e-02
-4.373526275157928467e-01;-2.706896364688873291e-01;-5.648866891860961914e-01
-2.853818833827972412e-01;-2.321898639202117920e-01;-4.651517868041992188e-01
-2.746108770370483398e-01;-1.624275445938110352e-01;-5.432679057121276855e-01
-2.266571819782257080e-01;-3.132136464118957520e-01;-5.304525494575500488e-01
-1.724774837493896484e-01;-2.847550213336944580e-01;-4.845137000083923340e-01
-1.655820310115814209e-01;-3.246511220932006836e-01;-4.467040896415710449e-01
-3.160125911235809326e-01;-5.487631559371948242e-01;-3.937430381774902344e-01
-1.724506318569183350e-01;-4.415610432624816895e-02;-5.248221158981323242e-01
-9.581676125526428223e-02;-1.816033720970153809e-01;-4.719321727752685547e-01
-1.271583437919616699e-01;-2.121995985507965088e-01;-3.677454590797424316e-01
-2.677268385887145996e-01;-2.757586538791656494e-01;4.410067498683929443e-01
-3.228158056735992432e-01;-3.065601587295532227e-01;4.634401202201843262e-01
-1.521937251091003418e-01;-1.695948094129562378e-01;5.076022148132324219e-01
-1.885635554790496826e-01;-3.947182297706604004e-01;3.332253694534301758e-01
-3.676093220710754395e-01;-1.289760768413543701e-01;4.861358702182769775e-01
-1.943889856338500977e-01;-4.480585753917694092e-01;4.138363897800445557e-01
-1.477556377649307251e-01;-1.345708817243576050e-01;3.842371702194213867e-01
-1.472492069005966187e-01;-2.762787938117980957e-01;2.846889197826385498e-01
-3.146576285362243652e-01;-1.001408100128173828e-01;5.211917161941528320e-01
-9.531185030937194824e-02;-2.792799174785614014e-01;3.333920538425445557e-01
-4.329168796539306641e-01;-5.591941252350807190e-02;5.844100117683410645e-01
-3.676093220710754395e-01;-1.289760768413543701e-01;4.861358702182769775e-01
-3.146576285362243652e-01;-1.001408025622367859e-01;5.211917161941528320e-01
-3.361566066741943359e-01;1.985181570053100586e-01;5.424187779426574707e-01
-3.228158056735992432e-01;-3.065601587295532227e-01;4.634401202201843262e-01
-3.605255484580993652e-01;2.185602486133575439e-01;4.754062891006469727e-01
-2.900362610816955566e-01;1.819772869348526001e-01;4.509088099002838135e-01
-2.677268385887145996e-01;-2.757586538791656494e-01;4.410067498683929443e-01
-1.521937251091003418e-01;-1.695948094129562378e-01;5.076022148132324219e-01
-2.421980202198028564e-01;4.190367087721824646e-02;3.570606708526611328e-01
4.932252317667007446e-02;-7.075038552284240723e-01;2.277769744396209717e-01
8.015770465135574341e-02;-6.382021903991699219e-01;2.172750085592269897e-01
-4.783640056848526001e-02;-6.940840482711791992e-01;1.709296256303787231e-01
1.267657279968261719e-01;-7.308052778244018555e-01;1.410104930400848389e-01
-6.402303278446197510e-02;-6.999856233596801758e-01;2.854754030704498291e-01
1.158853247761726379e-01;-6.270456314086914062e-01;3.030374646186828613e-01
-4.942282289266586304e-02;-6.286410689353942871e-01;1.845148205757141113e-01
1.231870502233505249e-01;-7.382847666740417480e-01;1.175283640623092651e-01
1.563945114612579346e-01;-6.843714118003845215e-01;1.403272300958633423e-01
1.414547264575958252e-01;-7.401748895645141602e-01;1.103125736117362976e-01
5.079292133450508118e-02;-1.085465960204601288e-02;-2.520115375518798828e-01
-4.144627600908279419e-03;-4.514125734567642212e-02;-2.304709404706954956e-01
2.213522978127002716e-02;-4.925332963466644287e-02;-3.048294484615325928e-01
1.889290660619735718e-01;2.537939511239528656e-02;-2.037980556488037109e-01
7.685959339141845703e-02;-4.994177073240280151e-02;-9.644673764705657959e-02
-5.002432689070701599e-02;1.390510797500610352e-01;-2.034520655870437622e-01
3.795224800705909729e-02;1.571886241436004639e-01;-1.523361355066299438e-01
-8.985827863216400146e-02;-8.009805530309677124e-02;-3.807932734489440918e-01
-1.115923970937728882e-01;-1.516087502241134644e-01;-2.495727390050888062e-01
8.667954057455062866e-02;-2.187518924474716187e-01;-1.780333369970321655e-01
-1.300960481166839600e-01;-4.812905192375183105e-01;-5.249802470207214355e-01
-1.101446449756622314e-01;-6.144409775733947754e-01;-5.249983668327331543e-01
-2.105987519025802612e-01;-5.922416448593139648e-01;-4.959097504615783691e-01
-1.457126438617706299e-02;-5.638385415077209473e-01;-4.270211160182952881e-01
-3.669160604476928711e-02;-4.545657038688659668e-01;-3.768773674964904785e-01
-1.655820310115814209e-01;-3.246511220932006836e-01;-4.467040896415710449e-01
-2.266571819782257080e-01;-3.132136464118957520e-01;-5.304525494575500488e-01
-2.287535667419433594e-01;-6.524349451065063477e-01;-5.293633937835693359e-01
-2.455243468284606934e-01;-6.395466327667236328e-01;-4.832144379615783691e-01
-1.724774837493896484e-01;-2.847550213336944580e-01;-4.845137000083923340e-01
6.346109509468078613e-02;7.560340166091918945e-01;4.053733646869659424e-01
3.378336876630783081e-02;7.704552412033081055e-01;3.218373656272888184e-01
-4.502196609973907471e-02;7.308462858200073242e-01;3.857503235340118408e-01
1.078753992915153503e-01;6.994507312774658203e-01;2.820266187191009521e-01
-1.258783042430877686e-03;6.073993444442749023e-01;3.719219565391540527e-01
-2.815812081098556519e-02;6.382681727409362793e-01;3.252324163913726807e-01
-1.119323670864105225e-01;7.712631225585937500e-01;3.953033387660980225e-01
1.728966534137725830e-01;7.703017592430114746e-01;2.637510299682617188e-01
1.664777398109436035e-01;7.753108739852905273e-01;2.426788955926895142e-01
7.965483516454696655e-02;7.813397049903869629e-01;2.130908519029617310e-01
-2.142654210329055786e-01;-5.906865596771240234e-01;-5.111848115921020508e-01
-4.309653043746948242e-01;-6.825083494186401367e-01;-5.902433991432189941e-01
-4.311314225196838379e-01;-6.825708746910095215e-01;-5.902847051620483398e-01
-3.926863670349121094e-01;-6.853671073913574219e-01;-5.455337762832641602e-01
-4.310326576232910156e-01;-6.825871467590332031e-01;-5.903100967407226562e-01
-2.864555120468139648e-01;-6.241130232810974121e-01;-4.336149692535400391e-01
-4.311362206935882568e-01;-6.825316548347473145e-01;-5.903118848800659180e-01
-2.303188145160675049e-01;-6.499811410903930664e-01;-5.404236912727355957e-01
-4.310899078845977783e-01;-6.825109124183654785e-01;-5.901722311973571777e-01
-4.310625195503234863e-01;-6.825472712516784668e-01;-5.902662277221679688e-01
-3.953070342540740967e-01;-4.350286722183227539e-01;5.165657997131347656e-01
-3.968597054481506348e-01;-6.114370822906494141e-01;4.958213567733764648e-01
-3.968960046768188477e-01;-6.114623546600341797e-01;4.958201050758361816e-01
-2.633289694786071777e-01;-6.997909545898437500e-01;5.252867937088012695e-01
-3.968825936317443848e-01;-6.114781498908996582e-01;4.958099722862243652e-01
-2.077324539422988892e-01;-6.428626775741577148e-01;4.151077568531036377e-01
-3.969297111034393311e-01;-6.114422082901000977e-01;4.957952499389648438e-01
-2.500633001327514648e-01;-5.150252580642700195e-01;4.834074974060058594e-01
-3.969011306762695312e-01;-6.114491820335388184e-01;4.958640635013580322e-01
-3.968746066093444824e-01;-6.114428639411926270e-01;4.958422780036926270e-01
-1.601164638996124268e-01;7.667107582092285156e-01;-4.476950764656066895e-01
-2.992592453956604004e-01;7.683358788490295410e-01;-4.853246510028839111e-01
-2.993705570697784424e-01;7.682729959487915039e-01;-4.853536784648895264e-01
-1.622453480958938599e-01;6.468702554702758789e-01;-5.194965004920959473e-01
-2.992992401123046875e-01;7.682811617851257324e-01;-4.853690266609191895e-01
-1.367674171924591064e-01;6.879888176918029785e-01;-5.347908735275268555e-01
-2.993752956390380859e-01;7.683176398277282715e-01;-4.853676259517669678e-01
-1.479480117559432983e-01;7.039833068847656250e-01;-3.581388592720031738e-01
-2.993633449077606201e-01;7.683344483375549316e-01;-4.852634370326995850e-01
-2.993291616439819336e-01;7.683182954788208008e-01;-4.853299856185913086e-01
1.193222552537918091e-01;-7.344521284103393555e-01;-1.296931654214859009e-01
1.439007371664047241e-01;-7.644886374473571777e-01;-6.720625609159469604e-02
1.439181268215179443e-01;-7.644895911216735840e-01;-6.720087677240371704e-02
1.484351009130477905e-01;-7.623320817947387695e-01;-7.087805122137069702e-02
1.439060568809509277e-01;-7.644894123077392578e-01;-6.720115244388580322e-02
1.658556908369064331e-01;-7.413059473037719727e-01;-1.493949741125106812e-01
1.438982337713241577e-01;-7.644830942153930664e-01;-6.720640510320663452e-02
1.408610045909881592e-01;-7.574543356895446777e-01;1.448012888431549072e-02
1.438994556665420532e-01;-7.644918560981750488e-01;-6.719614565372467041e-02
1.439114063978195190e-01;-7.644791007041931152e-01;-6.718983501195907593e-02
1.296895444393157959e-01;8.103834390640258789e-01;1.089985817670822144e-01
1.962407529354095459e-01;8.003391027450561523e-01;1.523478627204895020e-01
1.962553858757019043e-01;8.003541231155395508e-01;1.523511856794357300e-01
1.870349198579788208e-01;7.877038121223449707e-01;1.475878953933715820e-01
1.962366700172424316e-01;8.003242015838623047e-01;1.523569673299789429e-01
1.705271750688552856e-01;7.487051486968994141e-01;5.649019032716751099e-02
1.962507367134094238e-01;8.003355264663696289e-01;1.523410081863403320e-01
1.218102499842643738e-01;7.740876674652099609e-01;2.365237176418304443e-01
1.962804794311523438e-01;8.003264665603637695e-01;1.523348391056060791e-01
1.962686926126480103e-01;8.003303408622741699e-01;1.523534655570983887e-01
-3.568243086338043213e-01;2.634763419628143311e-01;-5.665781497955322266e-01
-4.410488009452819824e-01;1.007470488548278809e-01;-6.388911008834838867e-01
-4.411479830741882324e-01;1.006875485181808472e-01;-6.389147639274597168e-01
-2.861883342266082764e-01;-1.641832888126373291e-01;-5.577274560928344727e-01
-4.410848915576934814e-01;1.007126793265342712e-01;-6.389318704605102539e-01
-1.753921508789062500e-01;-4.792969673871994019e-02;-5.356703996658325195e-01
-4.411351084709167480e-01;1.007360741496086121e-01;-6.389012336730957031e-01
-2.127440422773361206e-01;1.730139255523681641e-01;-5.491553544998168945e-01
-4.411681890487670898e-01;1.007542014122009277e-01;-6.388307213783264160e-01
-4.411288499832153320e-01;1.007387340068817139e-01;-6.388981342315673828e-01
-2.228707522153854370e-01;2.063665539026260376e-01;3.711250126361846924e-01
-2.422160506248474121e-01;4.190872237086296082e-02;3.570551276206970215e-01
-2.421860396862030029e-01;4.191929847002029419e-02;3.570650815963745117e-01
-1.592685878276824951e-01;-1.348595023155212402e-01;3.946755826473236084e-01
-2.422120571136474609e-01;4.190602898597717285e-02;3.570688664913177490e-01
-1.076104938983917236e-01;-6.604682654142379761e-03;3.920019567012786865e-01
-2.421952635049819946e-01;4.191062599420547485e-02;3.570611774921417236e-01
-1.598088294267654419e-01;1.329314410686492920e-01;4.033185839653015137e-01
-2.421858310699462891e-01;4.189819097518920898e-02;3.570488691329956055e-01
-2.421886622905731201e-01;4.190839827060699463e-02;3.570672571659088135e-01
-9.246449172496795654e-02;-1.470142006874084473e-01;-2.345306277275085449e-01
6.042527034878730774e-02;-2.852704226970672607e-01;-3.356084227561950684e-01
6.039131060242652893e-02;-2.852783501148223877e-01;-3.356253504753112793e-01
-4.743238165974617004e-02;-3.867390751838684082e-01;-3.123062849044799805e-01
6.042015179991722107e-02;-2.852642536163330078e-01;-3.356216549873352051e-01
9.604357928037643433e-02;-2.223915904760360718e-01;-1.735645085573196411e-01
6.041437014937400818e-02;-2.852745652198791504e-01;-3.356100916862487793e-01
-1.269132196903228760e-01;-2.096148282289505005e-01;-3.642218708992004395e-01
6.039548665285110474e-02;-2.852565646171569824e-01;-3.356049358844757080e-01
6.039185076951980591e-02;-2.852749824523925781e-01;-3.356341123580932617e-01
-1.038509756326675415e-01;4.370440542697906494e-01;-2.430227100849151611e-01
-1.052970886230468750e-01;2.516518235206604004e-01;-2.063589543104171753e-01
-1.053591668605804443e-01;2.516346573829650879e-01;-2.063773274421691895e-01
4.281824827194213867e-02;1.579873561859130859e-01;-1.540576368570327759e-01
-1.053186506032943726e-01;2.516255974769592285e-01;-2.063902616500854492e-01
3.608632087707519531e-02;3.699531555175781250e-01;-7.760560512542724609e-02
-1.053539961576461792e-01;2.516428828239440918e-01;-2.063849568367004395e-01
-1.382945030927658081e-01;1.238670349121093750e-01;-3.339384198188781738e-01
-1.053325161337852478e-01;2.516515254974365234e-01;-2.063563168048858643e-01
-1.053401082754135132e-01;2.516331970691680908e-01;-2.063803970813751221e-01
-4.220528155565261841e-02;-2.538010179996490479e-01;1.953470110893249512e-01
-5.368684977293014526e-02;-4.250490963459014893e-01;2.092770338058471680e-01
-5.371764674782752991e-02;-4.250600934028625488e-01;2.092761695384979248e-01
7.848978042602539062e-02;-4.125051200389862061e-01;2.677530944347381592e-01
-5.371153354644775391e-02;-4.250813722610473633e-01;2.092705070972442627e-01
6.790332496166229248e-02;-4.922214150428771973e-01;9.286747127771377563e-02
-5.372529849410057068e-02;-4.250551462173461914e-01;2.092627882957458496e-01
-1.275336593389511108e-01;-3.131377100944519043e-01;3.396858572959899902e-01
-5.370652675628662109e-02;-4.250608384609222412e-01;2.093032002449035645e-01
-5.369416251778602600e-02;-4.250658452510833740e-01;2.092822790145874023e-01
-3.841008245944976807e-02;-6.052770018577575684e-01;-2.981207072734832764e-01
-1.289923489093780518e-01;-6.953931450843811035e-01;-3.387205898761749268e-01
-1.289673000574111938e-01;-6.953848600387573242e-01;-3.387179672718048096e-01
-2.507807016372680664e-01;-6.740139126777648926e-01;-3.693608343601226807e-01
-1.289742439985275269e-01;-6.953706145286560059e-01;-3.387213051319122314e-01
-9.153304994106292725e-02;-6.915351152420043945e-01;-2.337149977684020996e-01
-1.289760470390319824e-01;-6.953828930854797363e-01;-3.387100994586944580e-01
-1.654714494943618774e-01;-6.964858770370483398e-01;-4.947971105575561523e-01
-1.289903819561004639e-01;-6.953821778297424316e-01;-3.387354314327239990e-01
-1.289920955896377563e-01;-6.953791975975036621e-01;-3.387220203876495361e-01
2.325459271669387817e-01;4.988194406032562256e-01;-1.301053166389465332e-01
2.887968420982360840e-01;3.669567406177520752e-01;-1.186020001769065857e-01
2.887080609798431396e-01;3.669192492961883545e-01;-1.186290532350540161e-01
2.760427296161651611e-01;3.643392324447631836e-01;-6.820574402809143066e-02
2.887701392173767090e-01;3.669263422489166260e-01;-1.186358630657196045e-01
2.594113945960998535e-01;2.465868294239044189e-01;-8.635790646076202393e-02
2.887191772460937500e-01;3.669448494911193848e-01;-1.186292469501495361e-01
2.237584292888641357e-01;4.068826436996459961e-01;-1.441310346126556396e-02
2.887235581874847412e-01;3.669625520706176758e-01;-1.185645237565040588e-01
2.887379229068756104e-01;3.669365346431732178e-01;-1.186248511075973511e-01
-1.143077164888381958e-01;-5.989909172058105469e-01;3.950375318527221680e-01
-7.055287063121795654e-02;-6.842466592788696289e-01;5.076267719268798828e-01
-7.057835906744003296e-02;-6.842563748359680176e-01;5.076237916946411133e-01
-8.459036052227020264e-02;-6.982189416885375977e-01;4.283462762832641602e-01
-7.057061791419982910e-02;-6.842794418334960938e-01;5.076235532760620117e-01
-6.377550959587097168e-02;-6.990804076194763184e-01;2.862100005149841309e-01
-7.058466970920562744e-02;-6.842520833015441895e-01;5.076087713241577148e-01
-1.996772140264511108e-01;-6.740525364875793457e-01;3.881973624229431152e-01
-7.054872810840606689e-02;-6.842612624168395996e-01;5.076351165771484375e-01
-7.055251300334930420e-02;-6.842646002769470215e-01;5.076255798339843750e-01
2.798954024910926819e-02;8.311969041824340820e-02;1.399140059947967529e-01
5.352711305022239685e-04;-4.654869809746742249e-02;1.164381578564643860e-01
5.362546071410179138e-04;-4.654001072049140930e-02;1.164287030696868896e-01
1.292999088764190674e-01;-1.274206787347793579e-01;1.264323145151138306e-01
5.441559478640556335e-04;-4.654360935091972351e-02;1.164385825395584106e-01
1.504171192646026611e-01;-5.612935125827789307e-02;-2.396611124277114868e-02
5.309758707880973816e-04;-4.654768481850624084e-02;1.164235174655914307e-01
6.730058789253234863e-02;-5.784535408020019531e-02;2.202891111373901367e-01
5.433084443211555481e-04;-4.654134437441825867e-02;1.164335757493972778e-01
5.417540669441223145e-04;-4.654598236083984375e-02;1.164322718977928162e-01
-2.997434735298156738e-01;1.059970930218696594e-01;-5.235440731048583984e-01
-1.724917888641357422e-01;-4.416005685925483704e-02;-5.248073339462280273e-01
-1.724156439304351807e-01;-4.412543401122093201e-02;-5.247889161109924316e-01
-9.975174069404602051e-02;-1.855533421039581299e-01;-4.708012044429779053e-01
-1.724659502506256104e-01;-4.412420094013214111e-02;-5.247735977172851562e-01
-1.346846818923950195e-01;-7.186080515384674072e-02;-4.194051623344421387e-01
-1.723989397287368774e-01;-4.415566846728324890e-02;-5.247688293457031250e-01
-2.755200564861297607e-01;-1.628226339817047119e-01;-5.361434221267700195e-01
-1.724330484867095947e-01;-4.416123777627944946e-02;-5.248416066169738770e-01
-1.724459528923034668e-01;-4.414857923984527588e-02;-5.247974395751953125e-01
-2.648246288299560547e-01;5.245096683502197266e-01;4.961724579334259033e-01
-3.607027232646942139e-01;3.421730995178222656e-01;4.749203622341156006e-01
-3.607885539531707764e-01;3.421314060688018799e-01;4.749000966548919678e-01
-3.592267930507659912e-01;2.184345424175262451e-01;4.757280647754669189e-01
-3.607371449470520020e-01;3.421282768249511719e-01;4.748870134353637695e-01
-1.985543966293334961e-01;2.596639692783355713e-01;4.135504364967346191e-01
-3.608068823814392090e-01;3.421650528907775879e-01;4.748860299587249756e-01
-2.622983157634735107e-01;4.803128838539123535e-01;3.991881310939788818e-01
-3.607915937900543213e-01;3.421729505062103271e-01;4.749788641929626465e-01
-3.607596457004547119e-01;3.421608805656433105e-01;4.749211966991424561e-01
-1.925100535154342651e-01;4.915602803230285645e-01;2.943935394287109375e-01
-1.625822335481643677e-01;3.075017631053924561e-01;2.292673736810684204e-01
-1.626190841197967529e-01;3.074864745140075684e-01;2.292713373899459839e-01
-1.325427740812301636e-01;1.220856904983520508e-01;3.722922503948211670e-01
-1.626189649105072021e-01;3.074675500392913818e-01;2.292608618736267090e-01
-6.609177589416503906e-02;5.225955247879028320e-01;2.079245895147323608e-01
-1.626241207122802734e-01;3.074864149093627930e-01;2.292588800191879272e-01
-2.225084900856018066e-01;2.047099471092224121e-01;3.687263131141662598e-01
-1.626054197549819946e-01;3.074820637702941895e-01;2.292851060628890991e-01
-1.626011878252029419e-01;3.074807524681091309e-01;2.292734384536743164e-01
-9.140831232070922852e-02;6.398622989654541016e-01;-4.393193721771240234e-01
-1.748831570148468018e-01;5.099768042564392090e-01;-4.842745065689086914e-01
-1.749382913112640381e-01;5.099537372589111328e-01;-4.842849671840667725e-01
-1.594000607728958130e-01;4.404223859310150146e-01;-4.080279171466827393e-01
-1.749089360237121582e-01;5.099554657936096191e-01;-4.842917621135711670e-01
-8.538958430290222168e-02;4.875854253768920898e-01;-3.722826838493347168e-01
-1.749330163002014160e-01;5.099651813507080078e-01;-4.842963218688964844e-01
-1.616852432489395142e-01;6.474147439002990723e-01;-5.267531871795654297e-01
-1.749289780855178833e-01;5.099761486053466797e-01;-4.842531979084014893e-01
-1.749221235513687134e-01;5.099601149559020996e-01;-4.842844009399414062e-01
1.235002577304840088e-01;-7.186249494552612305e-01;-1.604628860950469971e-01
1.681258678436279297e-01;-6.898108124732971191e-01;-3.351314663887023926e-01
1.680118441581726074e-01;-6.898686885833740234e-01;-3.351623415946960449e-01
1.675044149160385132e-01;-6.897780299186706543e-01;-3.336894214153289795e-01
1.680828332901000977e-01;-6.898531913757324219e-01;-3.351770937442779541e-01
1.730448156595230103e-01;-7.059493660926818848e-01;-1.529630124568939209e-01
1.680077612400054932e-01;-6.898253560066223145e-01;-3.351717889308929443e-01
3.648343682289123535e-02;-6.458535790443420410e-01;-2.575737237930297852e-01
1.680126488208770752e-01;-6.898055672645568848e-01;-3.350723385810852051e-01
1.680431813001632690e-01;-6.898313164710998535e-01;-3.351533412933349609e-01
