-3.769071102142333984e-01;-1.205839589238166809e-01;5.207241773605346680e-01
-4.255819916725158691e-01;-1.515293270349502563e-01;4.820240139961242676e-01
-4.848513007164001465e-01;-7.323893159627914429e-02;5.731217861175537109e-01
-3.590860664844512939e-01;-1.752826720476150513e-01;3.637195825576782227e-01
-2.267560809850692749e-01;-1.944768428802490234e-01;5.205824971199035645e-01
-2.174769192934036255e-01;-2.104134112596511841e-02;4.312626719474792480e-01
-2.145307362079620361e-01;-1.607967913150787354e-01;3.922694325447082520e-01
-3.238303959369659424e-01;-3.092022836208343506e-01;4.340190589427947998e-01
-3.817489445209503174e-01;-3.383657634258270264e-01;4.604301154613494873e-01
-2.437974661588668823e-01;8.497776836156845093e-02;5.208378434181213379e-01
-1.607426553964614868e-01;7.794123291969299316e-01;-5.526437759399414062e-01
-2.410635203123092651e-01;7.921302318572998047e-01;-4.514067471027374268e-01
-2.305092811584472656e-01;6.663063168525695801e-01;-5.525845885276794434e-01
-1.610458940267562866e-01;6.590007543563842773e-01;-4.652375876903533936e-01
-1.968348622322082520e-01;7.214457392692565918e-01;-3.641238212585449219e-01
-3.590452671051025391e-01;7.851675748825073242e-01;-5.045773386955261230e-01
-3.843972980976104736e-01;7.056607007980346680e-01;-5.846269130706787109e-01
-1.715006530284881592e-01;6.251574158668518066e-01;-3.484960794448852539e-01
-2.496487498283386230e-01;5.248553752899169922e-01;-5.095212459564208984e-01
-1.555498391389846802e-01;5.069066286087036133e-01;-3.966731131076812744e-01
-3.183396756649017334e-01;-7.444047331809997559e-01;5.284886956214904785e-01
-2.642725706100463867e-01;-6.856687664985656738e-01;4.232967495918273926e-01
-3.940294981002807617e-01;-6.287031173706054688e-01;5.244688391685485840e-01
-3.195940852165222168e-01;-5.819752216339111328e-01;4.945179522037506104e-01
-1.452241837978363037e-01;-7.358894348144531250e-01;5.205109715461730957e-01
-1.512686908245086670e-01;-7.461971640586853027e-01;4.309619367122650146e-01
-2.589359283447265625e-01;-7.384639978408813477e-01;3.294100165367126465e-01
-1.750395298004150391e-01;-6.470631361007690430e-01;3.937312364578247070e-01
-2.515919506549835205e-01;-4.897137284278869629e-01;4.079667031764984131e-01
-1.926785558462142944e-01;-4.749310910701751709e-01;5.205002427101135254e-01
2.234762459993362427e-01;8.413456678390502930e-01;-8.035328239202499390e-02
2.195136845111846924e-01;8.428760170936584473e-01;-5.356452241539955139e-02
2.268252372741699219e-01;8.154406547546386719e-01;-9.964396804571151733e-02
2.171447575092315674e-01;8.447275161743164062e-01;-2.733922004699707031e-02
2.334788143634796143e-01;8.320131301879882812e-01;-1.451059132814407349e-01
1.766595989465713501e-01;8.392925858497619629e-01;6.505332887172698975e-03
1.888495087623596191e-01;8.238937854766845703e-01;-1.744122356176376343e-01
1.310315281152725220e-01;8.333359360694885254e-01;-2.005151286721229553e-02
1.550115793943405151e-01;7.777055501937866211e-01;-1.400854140520095825e-01
2.220693379640579224e-01;7.629757523536682129e-01;3.606826066970825195e-03
-1.864350438117980957e-01;-2.455269992351531982e-01;-3.815405368804931641e-01
-1.685995161533355713e-01;-2.094233781099319458e-01;-5.000607371330261230e-01
-1.597055941820144653e-01;-1.026405692100524902e-01;-4.060569107532501221e-01
-2.347291707992553711e-01;-3.619716465473175049e-01;-4.672759473323822021e-01
-1.496552228927612305e-01;-1.810761243104934692e-01;-2.435557544231414795e-01
-2.487734258174896240e-01;-3.183483183383941650e-01;-5.114656090736389160e-01
-2.067321240901947021e-01;-9.489275515079498291e-02;-4.504672288894653320e-01
-3.357765376567840576e-01;-2.644646763801574707e-01;-4.694184064865112305e-01
-5.877226591110229492e-03;-3.246941864490509033e-01;-3.644405603408813477e-01
-1.072352752089500427e-01;-4.263123571872711182e-01;-3.260925114154815674e-01
2.382531464099884033e-01;-3.704897761344909668e-01;-2.044672220945358276e-01
2.425805628299713135e-01;-4.269257783889770508e-01;-1.474117189645767212e-01
1.738033294677734375e-01;-3.362835943698883057e-01;-8.936021476984024048e-02
1.574198305606842041e-01;-4.714095294475555420e-01;-1.440595239400863647e-01
1.898006349802017212e-01;-4.822342097759246826e-01;-1.283114552497863770e-01
1.638489365577697754e-01;-4.310179054737091064e-01;-8.062788844108581543e-02
2.617110610008239746e-01;-2.124579399824142456e-01;-2.390951067209243774e-01
7.952263951301574707e-02;-3.309738636016845703e-01;-1.593155562877655029e-01
2.062190473079681396e-01;-2.231999039649963379e-01;-1.211235150694847107e-01
2.415175139904022217e-01;-1.948129981756210327e-01;-1.869152933359146118e-01
-2.052410393953323364e-01;3.139543533325195312e-01;2.102512717247009277e-01
-1.606902480125427246e-01;3.431662917137145996e-01;2.549867331981658936e-01
-2.664543092250823975e-01;2.057868093252182007e-01;3.539744019508361816e-01
-2.535086274147033691e-01;2.694845795631408691e-01;4.067130088806152344e-01
-2.349783629179000854e-01;5.100018978118896484e-01;2.733515501022338867e-01
-4.468710720539093018e-02;2.664376497268676758e-01;4.616978764533996582e-02
-2.077493965625762939e-01;4.713118374347686768e-01;3.957218527793884277e-01
-1.110296025872230530e-01;5.471054315567016602e-01;1.867980808019638062e-01
-6.746883690357208252e-02;2.129786908626556396e-01;4.019269943237304688e-01
-2.179341465234756470e-01;1.273952275514602661e-01;3.965646326541900635e-01
-7.506986707448959351e-02;-4.859158098697662354e-01;4.093868732452392578e-01
-5.942774191498756409e-02;-4.819811582565307617e-01;3.212268352508544922e-01
-1.425955146551132202e-01;-3.743192255496978760e-01;3.823635876178741455e-01
-5.686173588037490845e-02;-3.460567593574523926e-01;3.712313771247863770e-01
-1.926785558462142944e-01;-4.749310910701751709e-01;5.205002427101135254e-01
-2.515919506549835205e-01;-4.897137284278869629e-01;4.079667031764984131e-01
-2.301670908927917480e-01;-4.364125430583953857e-01;3.134168684482574463e-01
-1.750395298004150391e-01;-6.470631361007690430e-01;3.937312364578247070e-01
-1.530501991510391235e-01;-3.170857429504394531e-01;3.327960669994354248e-01
-8.633548021316528320e-02;-4.745758771896362305e-01;1.851483583450317383e-01
5.222032591700553894e-02;4.403081834316253662e-01;2.432654201984405518e-01
6.637537479400634766e-02;3.557928800582885742e-01;2.818535864353179932e-01
7.116595655679702759e-02;4.211480915546417236e-01;1.269210427999496460e-01
1.949166059494018555e-01;4.468887448310852051e-01;2.326050251722335815e-01
6.448358297348022461e-02;4.715220034122467041e-01;9.341320395469665527e-02
-7.566097378730773926e-02;5.166249275207519531e-01;3.460223674774169922e-01
-1.110295951366424561e-01;5.471054315567016602e-01;1.867980808019638062e-01
1.962827295064926147e-01;2.831645011901855469e-01;2.170574814081192017e-01
2.377574741840362549e-01;4.710496962070465088e-01;1.307598203420639038e-01
2.431876361370086670e-01;4.263276755809783936e-01;1.115244925022125244e-01
-1.535572856664657593e-01;-2.744687534868717194e-02;3.807608485221862793e-01
-2.174769192934036255e-01;-2.104133926331996918e-02;4.312626719474792480e-01
-1.410536468029022217e-01;-1.200833171606063843e-01;4.191544055938720703e-01
-2.145307362079620361e-01;-1.607967913150787354e-01;3.922694325447082520e-01
-1.564698517322540283e-01;-1.785215735435485840e-01;3.810466527938842773e-01
-2.902309596538543701e-01;2.978399209678173065e-02;3.434732556343078613e-01
-2.179341465234756470e-01;1.273952275514602661e-01;3.965646326541900635e-01
-1.076636761426925659e-01;7.114197313785552979e-02;2.466636002063751221e-01
-1.789536178112030029e-01;-1.458657234907150269e-01;2.514207959175109863e-01
-2.437974661588668823e-01;8.497776836156845093e-02;5.208378434181213379e-01
-4.987134337425231934e-01;3.681358695030212402e-01;-6.231054067611694336e-01
-4.532925486564636230e-01;3.002104163169860840e-01;-5.974299907684326172e-01
-3.417414426803588867e-01;2.065927982330322266e-01;-5.628974437713623047e-01
-4.546640217304229736e-01;9.247526526451110840e-02;-6.099730134010314941e-01
-3.771238625049591064e-01;9.172916412353515625e-02;-5.501192212104797363e-01
-2.496487498283386230e-01;5.248553752899169922e-01;-5.095212459564208984e-01
-2.268845736980438232e-01;4.524783492088317871e-01;-4.301830530166625977e-01
-2.276298999786376953e-01;1.629643142223358154e-01;-5.526763796806335449e-01
-3.843972980976104736e-01;7.056607007980346680e-01;-5.846269130706787109e-01
-2.305092811584472656e-01;6.663063168525695801e-01;-5.525845885276794434e-01
4.309187829494476318e-02;6.601805090904235840e-01;-2.642519772052764893e-01
7.107738405466079712e-02;7.106722593307495117e-01;-8.604747056961059570e-02
2.093575522303581238e-02;7.540422677993774414e-01;-9.778878092765808105e-02
1.550115793943405151e-01;7.777055501937866211e-01;-1.400854140520095825e-01
1.893154978752136230e-01;5.738767981529235840e-01;-1.363450288772583008e-01
-1.321517080068588257e-01;5.412451028823852539e-01;-2.922267913818359375e-01
1.677215397357940674e-01;5.841461420059204102e-01;-1.017638742923736572e-01
8.412671089172363281e-02;4.783019721508026123e-01;-1.410445272922515869e-01
-1.715006530284881592e-01;6.251574158668518066e-01;-3.484960794448852539e-01
2.116689980030059814e-01;5.264257788658142090e-01;-1.662546992301940918e-01
-1.318648457527160645e-02;-7.619311809539794922e-01;-3.915609046816825867e-02
1.817979663610458374e-02;-7.687378525733947754e-01;5.774348601698875427e-02
8.040618896484375000e-02;-7.801271080970764160e-01;-7.667060196399688721e-02
8.717237412929534912e-02;-7.827081084251403809e-01;-3.863715007901191711e-02
6.525796651840209961e-02;-7.753119468688964844e-01;-1.089624613523483276e-01
9.104374796152114868e-02;-7.825477123260498047e-01;-6.765255331993103027e-02
8.194156736135482788e-02;-7.777204513549804688e-01;-1.122269481420516968e-01
1.190055012702941895e-01;-7.458137869834899902e-01;-4.078200086951255798e-02
8.847643435001373291e-02;-7.811822891235351562e-01;4.567046836018562317e-02
9.630408883094787598e-02;-7.829832434654235840e-01;3.505165502429008484e-02
-3.113219141960144043e-01;-6.881505250930786133e-01;-5.401243567466735840e-01
-2.859043478965759277e-01;-6.806421279907226562e-01;-5.087772011756896973e-01
-2.709418237209320068e-01;-6.863405108451843262e-01;-5.093418359756469727e-01
-2.484182119369506836e-01;-6.855343580245971680e-01;-5.095536112785339355e-01
-2.184969186782836914e-01;-6.845995783805847168e-01;-5.111172795295715332e-01
-1.795280277729034424e-01;-6.892302632331848145e-01;-5.089818239212036133e-01
-1.446091532707214355e-01;-6.910493969917297363e-01;-4.929668903350830078e-01
-1.271138191223144531e-01;-6.775622963905334473e-01;-4.713938832283020020e-01
-1.317864358425140381e-01;-6.525096893310546875e-01;-4.455704689025878906e-01
-1.304673552513122559e-01;-6.121976375579833984e-01;-4.044579267501831055e-01
-2.963802218437194824e-01;6.449689865112304688e-01;4.372871816158294678e-01
-1.969480365514755249e-01;6.403495669364929199e-01;3.635033369064331055e-01
-1.757765114307403564e-01;6.803990602493286133e-01;3.263044357299804688e-01
-1.903823018074035645e-01;7.199306488037109375e-01;3.241437375545501709e-01
-2.035734206438064575e-01;7.287623286247253418e-01;3.407664597034454346e-01
-2.136796265840530396e-01;7.281367778778076172e-01;3.712795674800872803e-01
-2.142268419265747070e-01;7.427340149879455566e-01;3.975919783115386963e-01
-2.124293744564056396e-01;7.602905631065368652e-01;4.097868204116821289e-01
-2.025012224912643433e-01;7.560607194900512695e-01;4.175047874450683594e-01
-1.796536594629287720e-01;7.463135123252868652e-01;4.165853857994079590e-01
1.689942330121994019e-01;-3.374946489930152893e-02;-2.174706757068634033e-01
2.153207659721374512e-01;-1.753059402108192444e-02;-1.881037354469299316e-01
2.245040088891983032e-01;4.841481894254684448e-02;-1.662488728761672974e-01
2.286939620971679688e-01;7.400167733430862427e-02;-1.353447437286376953e-01
2.255253940820693970e-01;9.024450182914733887e-02;-1.226382553577423096e-01
2.270612120628356934e-01;1.159833967685699463e-01;-1.286735832691192627e-01
2.296389639377593994e-01;1.515318006277084351e-01;-1.437484920024871826e-01
2.266150414943695068e-01;1.843414902687072754e-01;-1.461073756217956543e-01
2.273111045360565186e-01;1.859574764966964722e-01;-1.234150826930999756e-01
2.259771674871444702e-01;1.999643146991729736e-01;-1.096248477697372437e-01
-3.410550355911254883e-01;-1.876297295093536377e-01;-5.701507329940795898e-01
-3.183269500732421875e-01;-7.896073162555694580e-03;-5.677412748336791992e-01
-3.889962136745452881e-01;8.523685485124588013e-02;-5.601853728294372559e-01
-4.253424704074859619e-01;1.591683030128479004e-01;-5.769893527030944824e-01
-4.063650369644165039e-01;1.914083659648895264e-01;-5.714313387870788574e-01
-3.777323365211486816e-01;2.145678102970123291e-01;-5.716648101806640625e-01
-3.422062993049621582e-01;1.799490898847579956e-01;-5.617557764053344727e-01
-2.950290441513061523e-01;1.317953169345855713e-01;-5.480638742446899414e-01
-2.461180984973907471e-01;8.034688234329223633e-02;-5.389989018440246582e-01
-2.122465819120407104e-01;7.112118601799011230e-02;-5.041680335998535156e-01
1.444366574287414551e-01;-6.662883162498474121e-01;8.083295822143554688e-02
1.798541396856307983e-01;-6.985476016998291016e-01;9.648963809013366699e-02
1.751006841659545898e-01;-6.904911994934082031e-01;9.313160181045532227e-02
1.651481389999389648e-01;-6.513076424598693848e-01;7.357238233089447021e-02
1.680952012538909912e-01;-6.199134588241577148e-01;6.387548148632049561e-02
1.730985641479492188e-01;-5.969253182411193848e-01;6.675482541322708130e-02
1.819583773612976074e-01;-5.837143659591674805e-01;8.298500627279281616e-02
1.884308755397796631e-01;-5.743817090988159180e-01;1.000983715057373047e-01
1.911811381578445435e-01;-5.418566465377807617e-01;1.147942245006561279e-01
2.098489999771118164e-01;-4.893725216388702393e-01;1.381774693727493286e-01
-3.445045650005340576e-02;4.009029269218444824e-02;2.227229028940200806e-01
3.086337447166442871e-02;7.115363329648971558e-02;2.250684350728988647e-01
7.027430832386016846e-02;6.711696833372116089e-02;1.467838734388351440e-01
8.929069340229034424e-02;8.221283555030822754e-02;1.231067329645156860e-01
8.935251086950302124e-02;1.035555899143218994e-01;1.573822051286697388e-01
8.134673535823822021e-02;1.276181787252426147e-01;2.043023407459259033e-01
7.529132813215255737e-02;1.665482372045516968e-01;2.501434087753295898e-01
8.754274249076843262e-02;2.117082625627517700e-01;2.762899100780487061e-01
1.403839290142059326e-01;2.358134388923645020e-01;2.695569992065429688e-01
2.034176290035247803e-01;2.557990550994873047e-01;2.298141419887542725e-01
-3.556432723999023438e-01;2.181249558925628662e-01;4.575421810150146484e-01
-3.882483541965484619e-01;2.139794379472732544e-01;4.908529222011566162e-01
-3.721059262752532959e-01;1.996124833822250366e-01;4.858920872211456299e-01
-3.495638072490692139e-01;2.088439166545867920e-01;4.609346389770507812e-01
-3.574174940586090088e-01;2.494612932205200195e-01;4.547014236450195312e-01
-3.541329503059387207e-01;2.948824465274810791e-01;4.549798071384429932e-01
-3.329913616180419922e-01;3.452767431735992432e-01;4.415977299213409424e-01
-3.106537461280822754e-01;4.291514754295349121e-01;4.189072549343109131e-01
-2.987486124038696289e-01;4.719026684761047363e-01;4.302538037300109863e-01
-2.830536961555480957e-01;5.012872815132141113e-01;4.360722899436950684e-01
-1.336591392755508423e-01;2.922363579273223877e-01;-2.618091404438018799e-01
-1.153153628110885620e-01;2.900429666042327881e-01;-2.939447760581970215e-01
-1.670795083045959473e-01;4.350248873233795166e-01;-3.847036957740783691e-01
-1.566730588674545288e-01;4.967096447944641113e-01;-3.567241430282592773e-01
-1.470238566398620605e-01;5.107634067535400391e-01;-3.094462156295776367e-01
-1.492116600275039673e-01;5.226501226425170898e-01;-2.982065081596374512e-01
-1.084477901458740234e-01;5.050888061523437500e-01;-2.892065644264221191e-01
-1.111751794815063477e-02;4.308421611785888672e-01;-2.371053993701934814e-01
5.087533593177795410e-02;3.996583223342895508e-01;-1.864852160215377808e-01
6.088668107986450195e-02;4.398872554302215576e-01;-1.413561254739761353e-01
-1.272242963314056396e-01;-4.517401754856109619e-01;1.998720616102218628e-01
-7.776176929473876953e-02;-3.835368156433105469e-01;2.564042210578918457e-01
-1.324446499347686768e-01;-3.219218850135803223e-01;2.512225806713104248e-01
-1.490778028964996338e-01;-3.122949302196502686e-01;2.806199193000793457e-01
-1.366890221834182739e-01;-3.034492731094360352e-01;2.975116968154907227e-01
-1.127343028783798218e-01;-2.634920179843902588e-01;2.834083437919616699e-01
-5.014613643288612366e-02;-2.438624501228332520e-01;2.594043612480163574e-01
2.272357046604156494e-02;-2.410512417554855347e-01;2.392663657665252686e-01
4.343656450510025024e-02;-2.080633789300918579e-01;2.318033277988433838e-01
3.909390419721603394e-02;-1.776124238967895508e-01;2.473497390747070312e-01
1.890875101089477539e-01;3.738807737827301025e-01;-5.266180261969566345e-02
1.969847977161407471e-01;4.057871401309967041e-01;-4.065970703959465027e-02
1.997545510530471802e-01;4.105891287326812744e-01;-2.529288828372955322e-02
2.075151652097702026e-01;4.117732346057891846e-01;-1.700397580862045288e-03
2.172824293375015259e-01;4.083190560340881348e-01;2.908219583332538605e-02
2.164894342422485352e-01;4.078628718852996826e-01;6.132781878113746643e-02
2.177903801202774048e-01;4.075588583946228027e-01;8.522480726242065430e-02
2.191986292600631714e-01;4.236309230327606201e-01;9.764106571674346924e-02
2.203253954648971558e-01;4.566293954849243164e-01;9.791395068168640137e-02
2.228898108005523682e-01;5.004165172576904297e-01;8.478912711143493652e-02
-1.790107041597366333e-01;-4.449827224016189575e-02;-4.338802695274353027e-01
-1.615902930498123169e-01;-4.029495269060134888e-02;-3.827910125255584717e-01
-1.305149644613265991e-01;-3.911129385232925415e-02;-3.881526291370391846e-01
-1.345144063234329224e-01;6.903991103172302246e-03;-4.067449271678924561e-01
-1.634572744369506836e-01;6.210631132125854492e-02;-3.987894356250762939e-01
-1.607855260372161865e-01;1.266246140003204346e-01;-3.710727393627166748e-01
-1.124898195266723633e-01;1.506144851446151733e-01;-3.135112226009368896e-01
-8.017626404762268066e-02;1.717779934406280518e-01;-2.521369457244873047e-01
-9.436814486980438232e-02;2.126763164997100830e-01;-2.585166096687316895e-01
-9.239511191844940186e-02;2.325477898120880127e-01;-2.642280161380767822e-01
1.870472878217697144e-01;-2.530196309089660645e-01;4.232526570558547974e-02
2.050816118717193604e-01;-2.338042855262756348e-01;6.004869937896728516e-02
2.067163139581680298e-01;-2.130930423736572266e-01;7.132288068532943726e-02
2.061259448528289795e-01;-1.914694160223007202e-01;7.188609987497329712e-02
2.156880348920822144e-01;-1.747931241989135742e-01;7.580323517322540283e-02
2.209874242544174194e-01;-1.617143899202346802e-01;9.109727293252944946e-02
2.258725762367248535e-01;-1.434057056903839111e-01;1.076685115694999695e-01
2.335835099220275879e-01;-1.251924932003021240e-01;1.251778006553649902e-01
2.397149205207824707e-01;-9.966692328453063965e-02;1.273720562458038330e-01
2.494934797286987305e-01;-7.831688225269317627e-02;1.457670778036117554e-01
1.600592434406280518e-01;-7.748023867607116699e-01;-1.183563768863677979e-01
1.715458482503890991e-01;-7.698398232460021973e-01;-1.201296970248222351e-01
1.882467120885848999e-01;-7.700265049934387207e-01;-1.185743808746337891e-01
2.016611248254776001e-01;-7.767307162284851074e-01;-1.196317225694656372e-01
2.082204371690750122e-01;-7.811655998229980469e-01;-1.163634732365608215e-01
2.121877670288085938e-01;-7.853716015815734863e-01;-1.067809760570526123e-01
2.153359949588775635e-01;-7.854937314987182617e-01;-9.662981331348419189e-02
2.177074253559112549e-01;-7.835273742675781250e-01;-8.428131043910980225e-02
2.154652476310729980e-01;-7.751639485359191895e-01;-7.717087119817733765e-02
2.151255309581756592e-01;-7.367950677871704102e-01;-1.049187928438186646e-01
-1.446529328823089600e-01;-7.391882538795471191e-01;2.003832310438156128e-01
-1.968279778957366943e-01;-7.373713254928588867e-01;2.709104120731353760e-01
-2.451247274875640869e-01;-7.268720269203186035e-01;3.382509052753448486e-01
-2.456218600273132324e-01;-7.128597497940063477e-01;3.814610838890075684e-01
-2.161509543657302856e-01;-6.949001550674438477e-01;3.957618176937103271e-01
-1.827402710914611816e-01;-6.763304471969604492e-01;3.943374752998352051e-01
-1.553027629852294922e-01;-6.410018801689147949e-01;3.738425970077514648e-01
-1.327221095561981201e-01;-5.988162755966186523e-01;3.429015278816223145e-01
-1.132466271519660950e-01;-5.770276188850402832e-01;3.194427490234375000e-01
-5.680590867996215820e-02;-6.406911611557006836e-01;2.538411319255828857e-01
-3.397594094276428223e-01;-7.160336971282958984e-01;-4.921202659606933594e-01
-2.990939617156982422e-01;-6.936107873916625977e-01;-4.923596978187561035e-01
-2.821731567382812500e-01;-6.838667392730712891e-01;-4.911032319068908691e-01
-2.749906778335571289e-01;-6.923832893371582031e-01;-4.833642840385437012e-01
-2.698428034782409668e-01;-6.927879452705383301e-01;-4.756347239017486572e-01
-2.560893893241882324e-01;-6.915320754051208496e-01;-4.710090160369873047e-01
-2.425637245178222656e-01;-6.833116412162780762e-01;-4.703065752983093262e-01
-2.300970405340194702e-01;-6.668812036514282227e-01;-4.671190977096557617e-01
-2.027923315763473511e-01;-6.586568355560302734e-01;-4.655892848968505859e-01
-1.660178303718566895e-01;-6.554490923881530762e-01;-4.654464125633239746e-01
-3.512545526027679443e-01;-7.050771713256835938e-01;4.815027713775634766e-01
-3.502786159515380859e-01;-6.764901280403137207e-01;4.997836947441101074e-01
-3.229431211948394775e-01;-6.197292208671569824e-01;4.846902489662170410e-01
-3.271413445472717285e-01;-5.407534837722778320e-01;4.608323872089385986e-01
-3.466462790966033936e-01;-4.646413028240203857e-01;4.460810422897338867e-01
-3.523400127887725830e-01;-4.336308240890502930e-01;4.440336227416992188e-01
-3.393073976039886475e-01;-4.311085343360900879e-01;4.449531435966491699e-01
-3.271035552024841309e-01;-4.101105630397796631e-01;4.323508143424987793e-01
-3.026701211929321289e-01;-3.878331184387207031e-01;4.313780665397644043e-01
-2.281924933195114136e-01;-4.147330522537231445e-01;4.770821332931518555e-01
-1.293858289718627930e-01;-7.506347894668579102e-01;-3.312641978263854980e-01
-9.109254926443099976e-02;-6.562727689743041992e-01;-3.225986659526824951e-01
-1.074612587690353394e-01;-5.800402760505676270e-01;-3.386065363883972168e-01
-1.015529483556747437e-01;-5.540187954902648926e-01;-3.378083705902099609e-01
-7.866270840167999268e-02;-5.382585525512695312e-01;-3.161084949970245361e-01
-4.756686836481094360e-02;-5.152683258056640625e-01;-2.738762795925140381e-01
-1.260237768292427063e-02;-5.067514181137084961e-01;-2.108024656772613525e-01
2.546580880880355835e-02;-5.212253332138061523e-01;-1.637104451656341553e-01
7.228880375623703003e-02;-5.630683302879333496e-01;-1.495389789342880249e-01
1.352396309375762939e-01;-6.026365160942077637e-01;-1.575239002704620361e-01
-2.999796569347381592e-01;5.457828640937805176e-01;-5.272392630577087402e-01
-2.645046412944793701e-01;5.546905398368835449e-01;-4.926465749740600586e-01
-2.601816952228546143e-01;5.832129716873168945e-01;-4.916558265686035156e-01
-2.400815337896347046e-01;6.001157760620117188e-01;-4.748333692550659180e-01
-2.010614126920700073e-01;6.059746146202087402e-01;-4.435409903526306152e-01
-1.723673790693283081e-01;6.085414290428161621e-01;-4.212113320827484131e-01
-1.623432636260986328e-01;6.169530749320983887e-01;-4.099227786064147949e-01
-1.644086837768554688e-01;6.348232030868530273e-01;-4.094524681568145752e-01
-1.724831759929656982e-01;6.515145301818847656e-01;-3.927018046379089355e-01
-1.769192814826965332e-01;6.757072210311889648e-01;-3.880355060100555420e-01
2.208667993545532227e-01;5.074007511138916016e-01;6.400030851364135742e-02
2.088982164859771729e-01;5.613761544227600098e-01;5.013633519411087036e-02
1.906860619783401489e-01;6.149841547012329102e-01;3.946600109338760376e-02
1.837677508592605591e-01;6.538068056106567383e-01;4.865013062953948975e-02
1.891308724880218506e-01;6.667445302009582520e-01;8.534930646419525146e-02
1.967186629772186279e-01;6.780298948287963867e-01;1.118198186159133911e-01
2.029083371162414551e-01;7.063663601875305176e-01;1.131412759423255920e-01
2.075018137693405151e-01;7.419760227203369141e-01;1.044411882758140564e-01
2.196635454893112183e-01;7.726477980613708496e-01;1.026917695999145508e-01
2.328518331050872803e-01;8.186230659484863281e-01;1.097310483455657959e-01
