-4.638686776161193848e-01;2.942325733602046967e-02;-4.088046550750732422e-01
7.830380797386169434e-01;5.534837022423744202e-02;-3.217466175556182861e-01
-3.683337569236755371e-01;1.385146975517272949e-01;4.085544049739837646e-01
3.153564929962158203e-01;5.950320139527320862e-02;1.700066626071929932e-01
4.886327087879180908e-01;2.229291349649429321e-01;2.058788836002349854e-01
-6.130626797676086426e-01;-2.985681295394897461e-01;1.258117705583572388e-02
-7.847056984901428223e-01;4.137549996376037598e-01;3.125427663326263428e-01
2.484591156244277954e-01;2.078795433044433594e-01;-1.834307610988616943e-01
3.778696954250335693e-01;-8.205684274435043335e-02;1.631022989749908447e-01
-1.441636979579925537e-01;2.793943583965301514e-01;-3.423061668872833252e-01
7.195799797773361206e-02;9.405228495597839355e-02;-2.239966839551925659e-01
-1.957950741052627563e-02;-1.062680594623088837e-02;3.053536713123321533e-01
-7.010883092880249023e-01;-1.844610124826431274e-01;2.491420060396194458e-01
7.732850909233093262e-01;3.542557954788208008e-01;3.880201578140258789e-01
5.350092053413391113e-01;-8.725818991661071777e-02;-2.645021975040435791e-01
-4.379307627677917480e-01;-1.649576723575592041e-01;1.011476665735244751e-01
-1.552505642175674438e-01;3.077505826950073242e-01;-1.357581652700901031e-02
-1.697981506586074829e-01;5.563630908727645874e-02;-1.358771771192550659e-01
-2.734874486923217773e-01;-2.706601321697235107e-01;-2.049066424369812012e-01
7.221521735191345215e-01;-9.090321511030197144e-02;1.407508999109268188e-01
1.739561706781387329e-01;-3.671826124191284180e-01;8.880364894866943359e-02
6.367108821868896484e-01;-3.005401790142059326e-01;-3.223267197608947754e-01
1.631866768002510071e-02;1.439917832612991333e-01;1.363717168569564819e-01
1.442998349666595459e-01;1.428177207708358765e-01;-1.539599150419235229e-01
2.664298713207244873e-01;-1.187884062528610229e-02;-2.448171079158782959e-01
-4.944952726364135742e-01;1.204984188079833984e-01;2.429626137018203735e-01
7.821993827819824219e-01;-2.538174390792846680e-01;3.043651282787322998e-01
1.297675967216491699e-01;3.757491111755371094e-01;1.926842778921127319e-01
-1.596098244190216064e-01;-3.342474699020385742e-01;2.377989739179611206e-01
-1.846796423196792603e-01;1.490561515092849731e-01;1.967194527387619019e-01
-5.857724547386169434e-01;-2.771759964525699615e-02;1.708339303731918335e-01
-7.081647869199514389e-03;-9.529646486043930054e-02;-2.667869031429290771e-01
5.010157227516174316e-01;1.845186576247215271e-02;-3.384477198123931885e-01
1.879172176122665405e-01;1.615175306797027588e-01;3.718764185905456543e-01
1.033334508538246155e-01;-2.264242023229598999e-01;-1.987915784120559692e-01
7.420855164527893066e-01;1.385070979595184326e-01;2.136332690715789795e-01
4.431260824203491211e-01;1.225392892956733704e-01;3.390217721462249756e-01
-8.763942122459411621e-02;-3.338708579540252686e-01;-3.253623470664024353e-02
-5.264835357666015625e-01;6.198513787239789963e-03;-3.606578409671783447e-01
-5.395758748054504395e-01;5.999843403697013855e-02;-3.454357683658599854e-01
5.363688468933105469e-01;-2.010747790336608887e-01;-2.151359915733337402e-01
-2.653411924839019775e-01;6.605145987123250961e-03;3.874088078737258911e-02
-3.968600332736968994e-01;-9.218938648700714111e-02;2.708643376827239990e-01
5.699096918106079102e-01;3.482079207897186279e-01;1.682820469141006470e-01
4.188518226146697998e-01;-1.075224578380584717e-01;3.033487498760223389e-01
-3.037438355386257172e-02;-3.345063030719757080e-01;-3.405910730361938477e-01
6.681581493467092514e-03;-2.629817128181457520e-01;1.773443520069122314e-01
-2.934942767024040222e-02;8.159433491528034210e-03;1.236825659871101379e-01
-2.409056276082992554e-01;-2.627592980861663818e-01;1.957903504371643066e-01
-5.358497500419616699e-01;1.828755736351013184e-01;-3.005132265388965607e-02
3.464401662349700928e-01;3.083930313587188721e-01;1.078206822276115417e-01
-5.912792086601257324e-01;3.101626932621002197e-01;-2.493110150098800659e-01
4.650096967816352844e-02;-2.449825257062911987e-01;-3.739957511425018311e-01
3.995295464992523193e-01;3.835887610912322998e-01;-2.226570397615432739e-01
-5.948647856712341309e-01;3.565867841243743896e-01;2.866153419017791748e-01
7.239755392074584961e-01;-1.050536632537841797e-01;-7.357284426689147949e-02
-4.258708953857421875e-01;-3.123800754547119141e-01;-3.764651119709014893e-01
3.562941551208496094e-01;-3.568331897258758545e-01;3.617364168167114258e-01
7.670427560806274414e-01;2.642845362424850464e-02;1.252542585134506226e-01
-2.099760770797729492e-01;2.371813952922821045e-01;7.049362361431121826e-02
-7.036162018775939941e-01;-1.148394495248794556e-01;3.396344184875488281e-01
-3.474936122074723244e-03;3.081102669239044189e-01;-2.162515372037887573e-01
-6.187916994094848633e-01;-2.654117941856384277e-01;-9.552122652530670166e-02
3.474129736423492432e-01;-4.038380086421966553e-01;-9.962490200996398926e-02
-5.088791847229003906e-01;3.153599798679351807e-01;-3.355122506618499756e-01
-2.514159977436065674e-01;8.194340020418167114e-02;-1.602753549814224243e-01
3.648813366889953613e-01;2.745997309684753418e-01;-3.373042941093444824e-01
2.131574600934982300e-01;-1.262429654598236084e-01;-6.237410008907318115e-02
-7.777234166860580444e-02;-1.463808417320251465e-01;2.293738126754760742e-01
2.801168262958526611e-01;2.382183969020843506e-01;3.451806306838989258e-02
1.729386299848556519e-01;-2.465786598622798920e-02;8.375808596611022949e-02
6.979093551635742188e-01;3.456999734044075012e-02;-2.094711065292358398e-01
-8.938737213611602783e-02;4.138848483562469482e-01;1.333255022764205933e-01
-7.254953384399414062e-01;-3.695586621761322021e-01;2.835869491100311279e-01
4.599339365959167480e-01;1.389302164316177368e-01;-1.976030319929122925e-01
-6.381110101938247681e-02;3.410225808620452881e-01;2.039172053337097168e-01
7.617951035499572754e-01;-2.341418713331222534e-01;-3.020428679883480072e-02
6.143707036972045898e-01;3.832942247390747070e-01;2.746433019638061523e-01
-1.062090694904327393e-01;1.356517616659402847e-02;-4.142184555530548096e-02
-3.278768062591552734e-01;-3.344543278217315674e-01;-2.076391875743865967e-01
-7.315275669097900391e-01;-2.993722856044769287e-01;-3.334041833877563477e-01
-4.817748367786407471e-01;1.154582947492599487e-02;1.318022757768630981e-01
1.628243923187255859e-01;-1.883543431758880615e-01;-3.429629281163215637e-02
6.109567284584045410e-01;-3.864512592554092407e-02;-3.559727072715759277e-01
6.386840343475341797e-01;2.795220017433166504e-01;4.895815253257751465e-02
-6.348724663257598877e-02;2.705452740192413330e-01;1.158356759697198868e-02
-3.964876011013984680e-02;-3.004882037639617920e-01;3.421964645385742188e-01
-7.731212973594665527e-01;-3.183024004101753235e-02;2.756990194320678711e-01
5.841033458709716797e-01;1.059885099530220032e-01;2.482724338769912720e-01
7.728512883186340332e-01;-1.296451985836029053e-01;3.043860793113708496e-01
3.721924126148223877e-01;1.065772622823715210e-01;3.388903439044952393e-01
-2.352069020271301270e-01;1.650626212358474731e-02;1.820675432682037354e-01
-1.601537764072418213e-01;-8.409658074378967285e-02;-2.353232800960540771e-01
7.360131144523620605e-01;3.471618294715881348e-01;-1.240265220403671265e-01
1.280563920736312866e-01;3.108221292495727539e-01;2.542274296283721924e-01
-3.195872306823730469e-01;9.057174623012542725e-02;-2.391683757305145264e-01
3.432923853397369385e-01;6.927002966403961182e-02;-3.014362044632434845e-02
-4.032013714313507080e-01;-2.566115856170654297e-01;3.709133565425872803e-01
3.257894814014434814e-01;-3.122562468051910400e-01;-3.766972720623016357e-01
-1.209674403071403503e-01;2.712697386741638184e-01;-1.707054525613784790e-01
-4.164048731327056885e-01;2.616523578763008118e-02;3.751657009124755859e-01
4.491022527217864990e-01;-1.669724881649017334e-01;1.951507776975631714e-01
7.292407751083374023e-01;-3.732720911502838135e-01;5.633702874183654785e-02
-2.856532298028469086e-02;-1.340948343276977539e-01;-6.155800074338912964e-02
-9.099730104207992554e-02;1.616726815700531006e-01;3.753073811531066895e-01
-3.560307919979095459e-01;2.141017019748687744e-01;3.463730216026306152e-01
-5.422696471214294434e-01;-3.537137806415557861e-02;-2.633058130741119385e-01
-4.054303765296936035e-01;-1.408674269914627075e-01;-3.028665781021118164e-01
2.141393870115280151e-01;-2.582748830318450928e-01;2.699803113937377930e-01
-2.693837583065032959e-01;3.447559773921966553e-01;3.212025016546249390e-02
-4.679930806159973145e-01;2.040561288595199585e-01;-1.876273453235626221e-01
-7.559446692466735840e-01;-1.281547248363494873e-01;4.088705182075500488e-01
-4.192848503589630127e-01;-3.028622269630432129e-01;-3.347115218639373779e-02
7.829014062881469727e-01;1.343647390604019165e-01;3.257696926593780518e-01
7.284935712814331055e-01;3.459186255931854248e-01;1.303636282682418823e-01
5.817137360572814941e-01;3.438726365566253662e-01;-1.848297417163848877e-01
4.943891763687133789e-01;8.725100010633468628e-02;8.052616566419601440e-02
3.749739825725555420e-01;-1.007626354694366455e-01;-1.682870090007781982e-01
2.852931916713714600e-01;-4.373271018266677856e-02;3.050847649574279785e-01
1.649135351181030273e-01;2.263965010643005371e-01;3.032433688640594482e-01
-6.781299114227294922e-01;-1.877197474241256714e-01;8.889357000589370728e-02
-6.301108002662658691e-01;6.769978255033493042e-02;-9.695228189229965210e-02
2.707518339157104492e-01;-2.627589404582977295e-01;-1.196492388844490051e-01
2.553244233131408691e-01;-7.528711855411529541e-02;-4.090043008327484131e-01
8.753570914268493652e-02;2.376661449670791626e-01;1.781345754861831665e-01
-4.471055269241333008e-01;-1.822758167982101440e-01;3.135516047477722168e-01
7.447626441717147827e-02;-2.569949924945831299e-01;2.998419702053070068e-01
6.854679435491561890e-02;-1.409316360950469971e-01;-2.666389346122741699e-01
-7.743562459945678711e-01;3.265962600708007812e-01;1.034718751907348633e-01
4.285592734813690186e-01;3.428662121295928955e-01;-3.060016632080078125e-01
-5.229010581970214844e-01;-2.245104908943176270e-01;-3.802414610981941223e-02
6.166712045669555664e-01;-4.006015136837959290e-02;-1.426044106483459473e-01
3.483190536499023438e-01;3.329039514064788818e-01;3.005816638469696045e-01
6.576631069183349609e-01;-5.706733092665672302e-02;3.183898329734802246e-01
-7.391836643218994141e-01;5.346276797354221344e-03;9.322214126586914062e-02
-5.878403186798095703e-01;5.199001636356115341e-03;3.758892118930816650e-01
7.708410620689392090e-01;4.172724783420562744e-01;-1.680278182029724121e-01
-7.391336560249328613e-01;-2.824844419956207275e-01;-1.128299906849861145e-01
5.280620455741882324e-01;-3.712731897830963135e-01;-1.801369637250900269e-01
-6.337451338768005371e-01;1.221227869391441345e-01;2.648255825042724609e-01
5.040578842163085938e-01;1.579538285732269287e-01;-1.069557853043079376e-02
-7.695206403732299805e-01;2.177153080701828003e-01;-1.479743123054504395e-01
-6.299626231193542480e-01;-3.673093616962432861e-01;-1.623928397893905640e-01
1.292250901460647583e-01;8.013534545898437500e-02;3.035935163497924805e-01
-4.720047116279602051e-01;3.447716534137725830e-01;2.122687399387359619e-01
2.470682114362716675e-01;-4.181601572781801224e-03;6.829096376895904541e-02
-4.026688933372497559e-01;6.982187926769256592e-02;-1.168845370411872864e-01
4.799003899097442627e-02;3.430525958538055420e-01;5.291642621159553528e-02
-6.904922723770141602e-01;2.267705500125885010e-01;-3.390142619609832764e-01
7.648546695709228516e-01;3.157061636447906494e-01;-3.526287078857421875e-01
2.499989606440067291e-02;-2.964933216571807861e-01;-2.991583347320556641e-01
-7.389591336250305176e-01;-9.191232174634933472e-02;8.248002827167510986e-02
-1.653075516223907471e-01;1.452043950557708740e-01;-3.050303161144256592e-01
-2.937457263469696045e-01;-2.353272587060928345e-01;-1.431320458650588989e-01
-4.590224623680114746e-01;1.959242969751358032e-01;-3.010048158466815948e-02
3.667310476303100586e-01;2.679645419120788574e-01;1.948663294315338135e-01
7.759670615196228027e-01;-6.799325929023325443e-04;-3.213339745998382568e-01
-6.684415340423583984e-01;-3.085770308971405029e-01;-3.697280585765838623e-01
-5.734136104583740234e-01;-3.431537151336669922e-01;2.390546798706054688e-01
4.053335487842559814e-01;-2.011330276727676392e-01;3.399440646171569824e-01
2.195874005556106567e-01;2.027480900287628174e-01;-1.406114399433135986e-01
1.701049804687500000e-01;-3.383811712265014648e-01;1.351764500141143799e-01
-6.568442583084106445e-01;-4.327634349465370178e-02;1.700582355260848999e-02
-5.925584435462951660e-01;1.893923431634902954e-01;5.944091081619262695e-02
6.191404461860656738e-01;1.128216162323951721e-01;5.680490657687187195e-02
-1.443482935428619385e-01;1.095353215932846069e-01;-3.104183673858642578e-01
3.948846459388732910e-01;-1.359763741493225098e-01;-5.061810836195945740e-02
7.719735503196716309e-01;2.248024493455886841e-01;1.010512039065361023e-01
-4.354280829429626465e-01;2.205485254526138306e-01;-3.766096532344818115e-01
1.881558746099472046e-01;2.249967306852340698e-01;1.391832381486892700e-01
4.254439771175384521e-01;7.090608030557632446e-02;-1.346151381731033325e-01
-2.465431094169616699e-01;-6.955137848854064941e-02;2.721731364727020264e-01
-9.452006965875625610e-02;7.442246377468109131e-02;2.617988884449005127e-01
7.501777410507202148e-01;-3.758866786956787109e-01;2.914820909500122070e-01
1.610934138298034668e-01;-1.692935526371002197e-01;3.826179308816790581e-03
-3.191989613696932793e-03;-7.472643256187438965e-02;1.058513969182968140e-01
-1.677720695734024048e-01;2.402027994394302368e-01;-9.185818023979663849e-03
4.185513556003570557e-01;-2.696763575077056885e-01;1.734284758567810059e-01
-8.262845873832702637e-02;3.162134289741516113e-01;1.163496822118759155e-01
2.331952154636383057e-01;2.933178655803203583e-02;2.331103980541229248e-01
-7.870739102363586426e-01;-3.775237798690795898e-01;-1.627828627824783325e-01
2.796993032097816467e-02;2.682543359696865082e-02;-3.074444532394409180e-01
1.514203995466232300e-01;1.773762404918670654e-01;1.892056129872798920e-02
-4.211293458938598633e-01;1.606441438198089600e-01;1.762739568948745728e-01
3.799727857112884521e-01;-1.307162921875715256e-02;2.720522284507751465e-01
4.660181328654289246e-02;1.053029298782348633e-02;3.430671393871307373e-01
1.862389966845512390e-02;3.022349774837493896e-01;-2.602211534976959229e-01
-6.396449208259582520e-01;-6.208442524075508118e-02;1.883455663919448853e-01
-2.481185495853424072e-01;-1.616788655519485474e-01;-3.430466055870056152e-01
5.216103792190551758e-01;1.536493655294179916e-02;2.976294159889221191e-01
-4.172875583171844482e-01;8.475688099861145020e-02;-2.800669968128204346e-01
4.217704236507415771e-01;3.167699873447418213e-01;-1.762006282806396484e-01
-2.164539694786071777e-01;2.427838742733001709e-01;2.093140184879302979e-01
-1.059013605117797852e-02;-2.322881370782852173e-01;-3.400705754756927490e-01
7.987781614065170288e-02;-2.985891997814178467e-01;-1.258848141878843307e-02
-6.697576642036437988e-01;-1.303503066301345825e-01;-9.317014366388320923e-02
7.359960675239562988e-01;3.607962727546691895e-01;-2.594126760959625244e-01
-3.750507533550262451e-01;-2.610037326812744141e-01;2.724865078926086426e-01
7.826470732688903809e-01;-2.254696190357208252e-01;3.538749814033508301e-01
1.499348878860473633e-02;3.788506984710693359e-01;-9.483185410499572754e-02
7.653872370719909668e-01;4.215644598007202148e-01;-5.550169944763183594e-02
-1.572645604610443115e-01;-1.076296344399452209e-01;-4.090035259723663330e-01
6.957792639732360840e-01;-3.277218937873840332e-01;2.935719490051269531e-01
-9.816919267177581787e-02;-4.034524559974670410e-01;-2.828657031059265137e-01
7.746182680130004883e-01;2.039867639541625977e-01;2.914556562900543213e-01
-8.517391681671142578e-01;4.568219929933547974e-02;4.373772814869880676e-02
5.337040424346923828e-01;-2.001399397850036621e-01;-3.899813592433929443e-01
-8.515995740890502930e-01;-1.556380391120910645e-01;3.272413313388824463e-01
-2.239174693822860718e-01;-4.032475054264068604e-01;2.549925446510314941e-01
3.471264839172363281e-01;4.141593575477600098e-01;-2.908711731433868408e-01
5.331557244062423706e-02;4.138054251670837402e-01;-2.576441168785095215e-01
-8.516433835029602051e-01;-3.960102200508117676e-01;-3.073026537895202637e-01
-2.859301120042800903e-02;-4.032860696315765381e-01;1.605847626924514771e-01
2.901289761066436768e-01;3.711211979389190674e-01;3.585077226161956787e-01
7.800191044807434082e-01;1.981430798768997192e-01;2.027201205492019653e-01
-8.046606183052062988e-01;4.136949181556701660e-01;8.941604197025299072e-02
-8.511626720428466797e-01;-4.034434258937835693e-01;2.482190132141113281e-01
7.803857922554016113e-01;-2.238664925098419189e-01;2.152060568332672119e-01
7.785581946372985840e-01;-6.166107207536697388e-02;-1.534405052661895752e-01
-4.793297648429870605e-01;-4.034456312656402588e-01;4.646911472082138062e-02
-8.517275452613830566e-01;-3.947132825851440430e-01;-1.751705855131149292e-01
7.826547622680664062e-01;4.165354073047637939e-01;-3.672721385955810547e-01
-8.204250931739807129e-01;1.033363342285156250e-01;3.594456315040588379e-01
7.660386562347412109e-01;4.207448363304138184e-01;2.485959529876708984e-01
-2.762362174689769745e-02;4.138458669185638428e-01;-1.247573867440223694e-01
-8.518213629722595215e-01;-1.541244089603424072e-01;-2.583755850791931152e-01
3.899298608303070068e-01;-3.156014904379844666e-02;3.574942946434020996e-01
6.798741817474365234e-01;-4.075034260749816895e-01;-3.656598627567291260e-01
-2.068885415792465210e-01;1.056843921542167664e-01;-4.090185165405273438e-01
-5.144249796867370605e-01;4.138271212577819824e-01;3.269629776477813721e-01
-7.131260037422180176e-01;-1.764181628823280334e-02;3.594637811183929443e-01
5.813870206475257874e-02;-4.034937322139739990e-01;-1.590043902397155762e-01
2.462098300457000732e-01;4.140525758266448975e-01;-1.863094270229339600e-01
-6.275496482849121094e-01;1.375710368156433105e-01;3.593662679195404053e-01
-1.521072834730148315e-01;-1.198097169399261475e-01;-4.090050756931304932e-01
-3.503108620643615723e-01;-3.165803551673889160e-01;3.595117628574371338e-01
3.490146100521087646e-01;2.028175443410873413e-02;-4.087687134742736816e-01
2.077751159667968750e-01;-1.320066899061203003e-01;3.587876856327056885e-01
-8.518925905227661133e-01;6.917821615934371948e-02;-3.265099227428436279e-01
-1.201976761221885681e-01;-4.034517705440521240e-01;-4.002282619476318359e-01
-8.517386317253112793e-01;-1.777498722076416016e-01;-6.737756729125976562e-02
7.680050134658813477e-01;4.242275059223175049e-01;-1.394083648920059204e-01
7.258989214897155762e-01;-4.099678695201873779e-01;-6.917344033718109131e-02
7.648751139640808105e-01;4.208094477653503418e-01;4.896232858300209045e-03
-1.597477793693542480e-01;-4.033284783363342285e-01;1.159254088997840881e-01
7.682425379753112793e-01;-2.877786159515380859e-01;4.976423457264900208e-02
2.415124326944351196e-01;-1.230761930346488953e-01;-4.090335369110107422e-01
-8.158484101295471191e-01;4.135808944702148438e-01;-2.689092755317687988e-01
4.397216141223907471e-01;-2.588736414909362793e-01;3.267172574996948242e-01
5.406599640846252441e-01;4.155500531196594238e-01;4.812894016504287720e-02
-1.857080161571502686e-01;-3.900437057018280029e-01;-4.089486896991729736e-01
-3.035300672054290771e-01;-4.034938812255859375e-01;-1.777193099260330200e-01
-9.391307830810546875e-02;4.138879477977752686e-01;3.592814803123474121e-01
-3.009274601936340332e-01;3.358365297317504883e-01;3.592132329940795898e-01
-2.370336800813674927e-01;-5.116546060889959335e-03;-4.089666306972503662e-01
6.594989895820617676e-01;-4.069901704788208008e-01;2.877272665500640869e-02
-6.003337502479553223e-01;-4.034428894519805908e-01;1.189544573426246643e-01
7.802363038063049316e-01;-4.085700213909149170e-01;2.726041078567504883e-01
7.084805965423583984e-01;-4.073992073535919189e-01;-3.499470651149749756e-01
-6.244906783103942871e-01;-6.961812824010848999e-02;-4.086621701717376709e-01
-6.332110762596130371e-01;4.137035906314849854e-01;-6.776472181081771851e-02
3.543627262115478516e-01;-4.035434424877166748e-01;3.252502381801605225e-01
7.671047449111938477e-01;4.094781875610351562e-01;9.890617430210113525e-02
-7.078307867050170898e-01;2.916936576366424561e-01;3.593236804008483887e-01
7.809163331985473633e-01;-4.079050123691558838e-01;-2.897444069385528564e-01
-1.821700930595397949e-01;4.138381481170654297e-01;2.853997051715850830e-02
7.829166650772094727e-01;-1.242720708250999451e-01;3.025048673152923584e-01
-1.946728825569152832e-01;-4.033803045749664307e-01;3.958788514137268066e-02
-6.083866357803344727e-01;4.136254191398620605e-01;-4.087933599948883057e-01
6.682078242301940918e-01;-1.939067989587783813e-01;2.926506400108337402e-01
1.823680475354194641e-02;4.138967990875244141e-01;-5.163676664233207703e-02
-4.192332029342651367e-01;-4.033398032188415527e-01;2.258245795965194702e-01
3.262997567653656006e-01;-4.037129282951354980e-01;-2.610718309879302979e-01
-8.517195582389831543e-01;1.889125406742095947e-01;1.610536575317382812e-01
-1.421499550342559814e-01;-1.316324770450592041e-01;3.593477308750152588e-01
7.829266786575317383e-01;2.781774103641510010e-02;-3.895797133445739746e-01
7.736768126487731934e-01;1.430528610944747925e-02;9.710989892482757568e-02
4.745579659938812256e-01;4.149033427238464355e-01;-2.545183300971984863e-01
1.565871536731719971e-01;-4.034834206104278564e-01;1.209509894251823425e-01
3.866593539714813232e-01;1.014338433742523193e-01;-4.086441397666931152e-01
-6.908176541328430176e-01;4.137936234474182129e-01;3.592571914196014404e-01
-8.537977933883666992e-03;-2.169770188629627228e-02;3.591817915439605713e-01
-8.499027490615844727e-01;-3.329349756240844727e-01;-4.084354937076568604e-01
-3.534384369850158691e-01;-2.241798937320709229e-01;3.594603836536407471e-01
6.241548657417297363e-01;2.046744376420974731e-01;-3.895878195762634277e-01
-8.517410159111022949e-01;3.785953223705291748e-01;1.642824411392211914e-01
-8.518314361572265625e-01;1.339176744222640991e-01;-1.534599363803863525e-01
4.899289608001708984e-01;-4.044549763202667236e-01;-6.965763121843338013e-02
-8.553802371025085449e-01;1.018140092492103577e-01;-4.085379540920257568e-01
7.825332283973693848e-01;3.979722261428833008e-01;-3.488010466098785400e-01
-6.978397816419601440e-02;-4.034470617771148682e-01;-1.539948284626007080e-01
7.653178572654724121e-01;4.212758839130401611e-01;4.635076969861984253e-02
-2.414627820253372192e-01;4.136833548545837402e-01;-4.090949892997741699e-01
7.675639986991882324e-01;-3.566316366195678711e-01;-6.741520017385482788e-02
-7.026959657669067383e-01;-3.784906268119812012e-01;-4.085300266742706299e-01
-4.891778230667114258e-01;-9.947761148214340210e-02;3.594312071800231934e-01
-6.638959050178527832e-01;-4.035462141036987305e-01;-7.535295933485031128e-02
-8.519328832626342773e-01;3.480228781700134277e-01;-3.836691975593566895e-01
-3.403923213481903076e-01;-1.402141600847244263e-01;-4.088583886623382568e-01
-8.516629338264465332e-01;-3.907761573791503906e-01;-2.066334336996078491e-02
