-3.606332242488861084e-01;2.883548103272914886e-02;-4.767161011695861816e-01
-3.738181293010711670e-01;-5.115497857332229614e-02;-4.921149909496307373e-01
-2.644608616828918457e-01;2.131097950041294098e-02;-4.173743128776550293e-01
-4.724107384681701660e-01;-2.753860689699649811e-02;-4.599789381027221680e-01
-5.048021078109741211e-01;2.150713466107845306e-02;-5.198523998260498047e-01
-3.741284012794494629e-01;-6.414210796356201172e-02;-3.277598619461059570e-01
-1.699007302522659302e-01;2.717678993940353394e-02;-4.537819623947143555e-01
-2.296548783779144287e-01;1.815404146909713745e-01;-4.090703725814819336e-01
-3.129006028175354004e-01;3.786512836813926697e-02;-2.589559853076934814e-01
-3.553954064846038818e-01;2.577150166034698486e-01;-4.750430881977081299e-01
2.664512395858764648e-01;-8.014823198318481445e-01;5.022769570350646973e-01
2.410643845796585083e-01;-8.020455837249755859e-01;4.483513832092285156e-01
2.687112390995025635e-01;-7.415195703506469727e-01;5.022771954536437988e-01
2.529149055480957031e-01;-8.293865323066711426e-01;4.248512983322143555e-01
2.479289323091506958e-01;-8.365908861160278320e-01;3.998074829578399658e-01
2.208439409732818604e-01;-8.164724111557006836e-01;3.874439597129821777e-01
1.378384232521057129e-01;-8.041361570358276367e-01;5.022760033607482910e-01
2.958348393440246582e-02;-8.209029436111450195e-01;4.610017240047454834e-01
1.435211747884750366e-01;-7.669686079025268555e-01;1.803681254386901855e-01
-7.611894607543945312e-02;-8.251324892044067383e-01;4.527881145477294922e-01
-3.399495780467987061e-01;6.003302931785583496e-01;5.171413421630859375e-01
-2.014584243297576904e-01;6.758531332015991211e-01;5.022457242012023926e-01
-3.344755470752716064e-01;4.394057691097259521e-01;5.151335597038269043e-01
-3.491530120372772217e-01;4.498930871486663818e-01;4.407855570316314697e-01
-2.969204783439636230e-01;4.670641422271728516e-01;4.155493378639221191e-01
-2.657516300678253174e-01;7.372931241989135742e-01;4.091672003269195557e-01
-2.494004815816879272e-01;7.476038336753845215e-01;3.772765696048736572e-01
-2.518276274204254150e-01;3.884570598602294922e-01;3.991448879241943359e-01
-1.026385426521301270e-01;6.511732339859008789e-01;3.759233355522155762e-01
-1.423539519309997559e-01;4.762574732303619385e-01;3.143616020679473877e-01
-2.024636231362819672e-02;-4.983685910701751709e-01;2.504597231745719910e-02
-6.506940349936485291e-03;-5.131179690361022949e-01;-4.143506288528442383e-03
4.757650196552276611e-02;-4.798133671283721924e-01;-1.018138825893402100e-01
1.251246631145477295e-01;-4.593038558959960938e-01;-1.237079873681068420e-02
1.098850443959236145e-01;-4.792281687259674072e-01;1.092240512371063232e-01
1.292970925569534302e-01;-5.514799356460571289e-01;2.978899516165256500e-02
1.508571505546569824e-01;-5.432863235473632812e-01;5.960078164935112000e-02
1.498912274837493896e-01;-4.880535006523132324e-01;-4.966341331601142883e-02
-3.522247821092605591e-02;-5.850548744201660156e-01;1.951336711645126343e-01
1.360063552856445312e-01;-5.898383259773254395e-01;-4.416973516345024109e-02
-1.778487488627433777e-02;8.566114902496337891e-01;9.222854860126972198e-03
-1.490043383091688156e-02;8.567398786544799805e-01;6.426384299993515015e-02
3.018448129296302795e-02;8.160992264747619629e-01;5.556087195873260498e-02
-3.183587267994880676e-02;7.040690779685974121e-01;-1.091390699148178101e-01
1.283952444791793823e-01;7.572953701019287109e-01;-7.127851247787475586e-02
1.303724795579910278e-01;7.294768095016479492e-01;5.848507210612297058e-02
-4.655926674604415894e-02;6.981095671653747559e-01;1.679996103048324585e-01
1.134264618158340454e-01;6.390428543090820312e-01;-5.952221341431140900e-03
1.519699990749359131e-01;6.659723520278930664e-01;7.475589215755462646e-02
4.155181720852851868e-02;6.418376564979553223e-01;-1.357624232769012451e-01
-1.599867343902587891e-01;4.159642457962036133e-01;-2.075501680374145508e-01
-6.334182620048522949e-02;5.401635169982910156e-01;-2.316672652959823608e-01
-1.095278412103652954e-01;2.829881310462951660e-01;-2.902449071407318115e-01
-1.709128916263580322e-01;5.220032334327697754e-01;-3.637667894363403320e-01
-2.256883680820465088e-01;4.394690990447998047e-01;-4.117922782897949219e-01
6.104443967342376709e-02;3.838148117065429688e-01;-1.506404280662536621e-01
-3.141531050205230713e-01;5.856195092201232910e-01;-2.794640660285949707e-01
4.166239500045776367e-02;4.971046745777130127e-01;-8.380915969610214233e-02
-2.462961673736572266e-01;2.820493876934051514e-01;-4.134058654308319092e-01
-2.083111554384231567e-01;2.371285855770111084e-01;-4.536845088005065918e-01
4.695570468902587891e-02;-8.796392083168029785e-01;-3.602630272507667542e-02
-6.194567680358886719e-02;-8.484254479408264160e-01;-1.953092776238918304e-02
1.103839650750160217e-01;-7.835350036621093750e-01;-4.713629931211471558e-02
-1.681982725858688354e-02;-8.622167706489562988e-01;7.212530076503753662e-02
1.207280158996582031e-02;-7.495228648185729980e-01;-2.356694638729095459e-02
-5.893857777118682861e-02;-8.489531874656677246e-01;4.470032081007957458e-02
2.076443880796432495e-01;-7.739263772964477539e-01;-6.179151684045791626e-02
-8.434084057807922363e-02;-7.711668610572814941e-01;8.789597451686859131e-02
9.590987861156463623e-02;-7.052415609359741211e-01;1.207951158285140991e-01
1.435211747884750366e-01;-7.669686079025268555e-01;1.803681254386901855e-01
-9.774043411016464233e-02;1.619086861610412598e-01;1.233609169721603394e-01
-1.693461239337921143e-01;2.884189784526824951e-01;1.552339494228363037e-01
-3.035438060760498047e-02;8.331154286861419678e-02;2.606416642665863037e-01
-2.913849055767059326e-02;1.914919316768646240e-01;-3.817574679851531982e-02
-1.878856867551803589e-01;2.890028059482574463e-01;2.233808040618896484e-01
4.153614491224288940e-02;4.181924462318420410e-02;1.509643346071243286e-01
-1.430885344743728638e-01;2.729645073413848877e-01;2.901961207389831543e-01
9.788355976343154907e-02;9.440114349126815796e-02;8.868727833032608032e-02
7.623559981584548950e-02;5.694362521171569824e-02;4.908789694309234619e-02
4.620257765054702759e-02;2.715877294540405273e-01;2.496637254953384399e-01
-1.760180890560150146e-01;-6.839838624000549316e-01;-2.314790487289428711e-01
-1.519034504890441895e-01;-6.065145134925842285e-01;-3.645389974117279053e-01
-2.410809397697448730e-01;-6.941282153129577637e-01;-4.192802011966705322e-01
-1.506925970315933228e-01;-4.815252721309661865e-01;-2.556169331073760986e-01
-1.441164463758468628e-01;-7.708165645599365234e-01;-4.261192083358764648e-01
-2.496155202388763428e-01;-8.308120965957641602e-01;-4.027533233165740967e-01
-2.673642635345458984e-01;-6.715369820594787598e-01;-4.598848819732666016e-01
-2.327457070350646973e-01;-5.809931159019470215e-01;-4.544064998626708984e-01
-2.206009626388549805e-02;-8.220496773719787598e-01;-4.064917266368865967e-01
-3.858667612075805664e-02;-8.177509903907775879e-01;-4.336249530315399170e-01
-1.861048787832260132e-01;-2.866144180297851562e-01;-2.126034498214721680e-01
-1.588533371686935425e-01;-3.552296757698059082e-01;-2.404032200574874878e-01
-1.469979435205459595e-01;-3.800105750560760498e-01;-1.441599875688552856e-01
-2.387543767690658569e-01;-2.687333524227142334e-01;-3.514417409896850586e-01
-1.904100179672241211e-02;-3.057293891906738281e-01;-1.746284067630767822e-01
-9.636371582746505737e-02;-2.274625599384307861e-01;-6.396131217479705811e-02
-6.051543354988098145e-02;-2.846591472625732422e-01;-3.569768369197845459e-01
-1.506925970315933228e-01;-4.815252721309661865e-01;-2.556169331073760986e-01
-2.796678841114044189e-01;-4.053942561149597168e-01;-3.910970091819763184e-01
-1.518794745206832886e-01;-8.628740906715393066e-02;-4.036577641963958740e-01
-2.505728416144847870e-02;-1.795747429132461548e-01;5.218806862831115723e-02
7.867602258920669556e-02;-1.661349087953567505e-01;8.175237476825714111e-02
-6.055659055709838867e-02;-2.019499540328979492e-01;1.840606927871704102e-01
-9.636371582746505737e-02;-2.274625599384307861e-01;-6.396131217479705811e-02
1.148065030574798584e-01;-2.011757493019104004e-01;-6.727738678455352783e-02
1.419140249490737915e-01;-9.303813427686691284e-02;3.378592431545257568e-02
-1.894501969218254089e-02;-3.352649509906768799e-02;-7.146918773651123047e-02
-2.990913949906826019e-02;-1.146991178393363953e-01;2.367902100086212158e-01
1.545992940664291382e-01;-2.993542253971099854e-01;5.217163264751434326e-02
1.894108802080154419e-01;-1.339290291070938110e-01;6.674509495496749878e-02
-5.558668822050094604e-02;8.077682256698608398e-01;5.022774934768676758e-01
-2.014584243297576904e-01;6.758531332015991211e-01;5.022457242012023926e-01
-1.026385426521301270e-01;6.511732339859008789e-01;3.759233355522155762e-01
1.641414761543273926e-01;7.988704442977905273e-01;5.022764205932617188e-01
-2.494004964828491211e-01;7.476038336753845215e-01;3.772765696048736572e-01
-2.657516300678253174e-01;7.372931241989135742e-01;4.091672003269195557e-01
2.489108443260192871e-01;7.933328747749328613e-01;4.615215957164764404e-01
2.581136226654052734e-01;8.141021132469177246e-01;4.519746601581573486e-01
2.539728283882141113e-01;8.225014805793762207e-01;4.260024726390838623e-01
2.636361122131347656e-01;8.073509335517883301e-01;4.825623631477355957e-01
-6.964426487684249878e-02;3.346333801746368408e-01;3.615346550941467285e-01
-1.430885344743728638e-01;2.729645073413848877e-01;2.901961207389831543e-01
-1.423539519309997559e-01;4.762574732303619385e-01;3.143616020679473877e-01
4.620258510112762451e-02;2.715877294540405273e-01;2.496637254953384399e-01
-1.861369162797927856e-01;3.193413019180297852e-01;5.022248625755310059e-01
-1.878856867551803589e-01;2.890028059482574463e-01;2.233808040618896484e-01
-2.518276274204254150e-01;3.884570598602294922e-01;3.991448879241943359e-01
-2.413632869720458984e-01;1.906667351722717285e-01;4.025514721870422363e-01
-7.442774623632431030e-02;4.180049300193786621e-01;1.464290916919708252e-01
-1.693461239337921143e-01;2.884189784526824951e-01;1.552339494228363037e-01
2.511004209518432617e-01;8.246822357177734375e-01;3.898653686046600342e-01
2.636642456054687500e-01;8.073603510856628418e-01;4.825459718704223633e-01
2.636178433895111084e-01;8.073256611824035645e-01;4.825366735458374023e-01
2.576859593391418457e-01;8.130623102188110352e-01;4.499622285366058350e-01
2.636445164680480957e-01;8.073320984840393066e-01;4.825302064418792725e-01
2.459283918142318726e-01;6.375379562377929688e-01;2.695640325546264648e-01
2.636127471923828125e-01;8.073518872261047363e-01;4.825268983840942383e-01
1.630357205867767334e-01;8.034592270851135254e-01;5.041441917419433594e-01
2.636128664016723633e-01;8.073551654815673828e-01;4.825828075408935547e-01
2.636356651782989502e-01;8.073503971099853516e-01;4.825501739978790283e-01
-4.657428860664367676e-01;5.575016140937805176e-03;4.967312812805175781e-01
-4.546487331390380859e-01;-7.819283753633499146e-02;5.550457835197448730e-01
-4.547999501228332520e-01;-7.825481891632080078e-02;5.550041794776916504e-01
-3.656621277332305908e-01;-2.159492224454879761e-01;4.571779370307922363e-01
-4.546995162963867188e-01;-7.823926210403442383e-02;5.549877882003784180e-01
-2.371988594532012939e-01;-9.792482852935791016e-02;4.053345322608947754e-01
-4.547817111015319824e-01;-7.821914553642272949e-02;5.549970269203186035e-01
-2.560582458972930908e-01;3.887520730495452881e-02;4.094648063182830811e-01
-4.547764658927917480e-01;-7.817998528480529785e-02;5.551019310951232910e-01
-4.547570049762725830e-01;-7.822490483522415161e-02;5.550108551979064941e-01
2.610672712326049805e-01;-7.646623849868774414e-01;-3.818735480308532715e-01
2.307717353105545044e-01;-7.725798487663269043e-01;-4.537766277790069580e-01
2.307319492101669312e-01;-7.725996971130371094e-01;-4.537881314754486084e-01
2.704930305480957031e-01;-7.596065402030944824e-01;-4.368588626384735107e-01
2.307580113410949707e-01;-7.725820541381835938e-01;-4.537856578826904297e-01
2.611061632633209229e-01;-8.073712587356567383e-01;-4.069146215915679932e-01
2.307549417018890381e-01;-7.725921869277954102e-01;-4.537833333015441895e-01
1.725395321846008301e-01;-8.102847933769226074e-01;-4.433576762676239014e-01
2.307309359312057495e-01;-7.725747823715209961e-01;-4.537582397460937500e-01
2.307396084070205688e-01;-7.725908160209655762e-01;-4.537905752658843994e-01
2.469457536935806274e-01;7.910905480384826660e-01;-4.033158123493194580e-01
2.705843448638916016e-01;7.886132597923278809e-01;-4.537798762321472168e-01
2.705702185630798340e-01;7.886008620262145996e-01;-4.537847638130187988e-01
2.681092619895935059e-01;7.997684478759765625e-01;-4.394198060035705566e-01
2.705783247947692871e-01;7.886132597923278809e-01;-4.537809193134307861e-01
2.598888874053955078e-01;8.077269792556762695e-01;-4.571637809276580811e-01
2.705785036087036133e-01;7.886062860488891602e-01;-4.537825584411621094e-01
2.253047227859497070e-01;8.074986934661865234e-01;-4.177627563476562500e-01
2.705628573894500732e-01;7.886152863502502441e-01;-4.537682235240936279e-01
2.705699205398559570e-01;7.886092662811279297e-01;-4.537844955921173096e-01
1.470642387866973877e-01;8.230147510766983032e-02;1.687698066234588623e-01
2.561494708061218262e-01;-2.076337113976478577e-02;1.804348528385162354e-01
2.561445832252502441e-01;-2.076131291687488556e-02;1.804291605949401855e-01
1.694979220628738403e-01;-6.628362834453582764e-02;1.972101628780364990e-01
2.561508119106292725e-01;-2.077394723892211914e-02;1.804353594779968262e-01
1.944003552198410034e-01;-1.277448087930679321e-01;5.314673483371734619e-02
2.561353445053100586e-01;-2.076541446149349213e-02;1.804264932870864868e-01
2.658087015151977539e-01;-1.651472002267837524e-01;2.256035059690475464e-01
2.561528682708740234e-01;-2.076459489762783051e-02;1.804397255182266235e-01
2.561523616313934326e-01;-2.076493948698043823e-02;1.804344505071640015e-01
-1.552071869373321533e-01;7.905585765838623047e-01;-4.704608321189880371e-01
-4.637447297573089600e-01;7.103021144866943359e-01;-5.295119881629943848e-01
-4.637866914272308350e-01;7.102789878845214844e-01;-5.295248627662658691e-01
-3.770405054092407227e-01;4.675548374652862549e-01;-4.825079143047332764e-01
-4.637610316276550293e-01;7.102987170219421387e-01;-5.295307636260986328e-01
-2.535840570926666260e-01;6.649089455604553223e-01;-4.720499515533447266e-01
-4.637779891490936279e-01;7.102983593940734863e-01;-5.295206904411315918e-01
-2.761154472827911377e-01;7.303212881088256836e-01;-3.499719798564910889e-01
-4.638022780418395996e-01;7.103130817413330078e-01;-5.294892787933349609e-01
-4.637829065322875977e-01;7.103046774864196777e-01;-5.295161008834838867e-01
-3.733933568000793457e-01;-4.253035187721252441e-01;-4.614227712154388428e-01
-4.214156866073608398e-01;-6.704987883567810059e-01;-5.063586235046386719e-01
-4.214624464511871338e-01;-6.705255508422851562e-01;-5.063732862472534180e-01
-3.754439055919647217e-01;-7.435019016265869141e-01;-4.372424185276031494e-01
-4.214256405830383301e-01;-6.705072522163391113e-01;-5.063789486885070801e-01
-2.464111745357513428e-01;-8.179666996002197266e-01;-4.204305708408355713e-01
-4.214553236961364746e-01;-6.705076098442077637e-01;-5.063682198524475098e-01
-2.451170682907104492e-01;-6.756689548492431641e-01;-4.399181604385375977e-01
-4.214780628681182861e-01;-6.704891324043273926e-01;-5.063302516937255859e-01
-4.214606881141662598e-01;-6.705007553100585938e-01;-5.063632130622863770e-01
-3.065047264099121094e-01;-5.351931452751159668e-01;4.186888337135314941e-01
-3.105142116546630859e-01;-6.729196310043334961e-01;5.113447904586791992e-01
-3.105421960353851318e-01;-6.729494333267211914e-01;5.113345384597778320e-01
-3.113104403018951416e-01;-7.442812323570251465e-01;5.120602250099182129e-01
-3.105183541774749756e-01;-6.729186773300170898e-01;5.113312005996704102e-01
-1.019351035356521606e-01;-8.013439774513244629e-01;5.085656642913818359e-01
-3.105386197566986084e-01;-6.729213595390319824e-01;5.113419890403747559e-01
-2.248207926750183105e-01;-6.968880891799926758e-01;3.670648932456970215e-01
-3.105669319629669189e-01;-6.729103326797485352e-01;5.113655328750610352e-01
-3.105482161045074463e-01;-6.729153394699096680e-01;5.113435387611389160e-01
1.469440609216690063e-01;5.727719664573669434e-01;1.572561562061309814e-01
1.520507335662841797e-01;4.410485327243804932e-01;1.828930824995040894e-01
1.519363820552825928e-01;4.410013258457183838e-01;1.828570961952209473e-01
2.312337756156921387e-01;4.242687821388244629e-01;1.935075521469116211e-01
1.520114392042160034e-01;4.410155415534973145e-01;1.828482747077941895e-01
1.222786903381347656e-01;4.624022841453552246e-01;1.060149371623992920e-01
1.519653350114822388e-01;4.410239160060882568e-01;1.828538030385971069e-01
2.272509336471557617e-01;3.569902181625366211e-01;1.272724121809005737e-01
1.519536972045898438e-01;4.410577118396759033e-01;1.829396784305572510e-01
1.519738286733627319e-01;4.410200119018554688e-01;1.828604638576507568e-01
2.025479972362518311e-01;6.972660124301910400e-02;-1.995952129364013672e-01
9.479435533285140991e-02;-7.968720048666000366e-02;-2.467917203903198242e-01
9.470039606094360352e-02;-7.973247021436691284e-02;-2.468110024929046631e-01
-1.414836198091506958e-02;-4.565561562776565552e-02;-2.925271391868591309e-01
9.474387764930725098e-02;-7.973873615264892578e-02;-2.468210905790328979e-01
1.883868277072906494e-01;-1.793807595968246460e-01;-1.456973254680633545e-01
9.470070153474807739e-02;-7.970098406076431274e-02;-2.468277066946029663e-01
-1.451269537210464478e-02;-2.114894241094589233e-02;-1.187086105346679688e-01
9.472188353538513184e-02;-7.969756424427032471e-02;-2.467371523380279541e-01
9.474568814039230347e-02;-7.971396297216415405e-02;-2.467982620000839233e-01
1.811210513114929199e-01;4.960453510284423828e-01;-2.085445970296859741e-01
2.603583931922912598e-01;3.810603618621826172e-01;-2.145780026912689209e-01
2.602694332599639893e-01;3.810227513313293457e-01;-2.145987153053283691e-01
2.528250515460968018e-01;3.822088539600372314e-01;-2.160093635320663452e-01
2.603202462196350098e-01;3.810154497623443604e-01;-2.146094143390655518e-01
2.477193325757980347e-01;2.502446770668029785e-01;-1.580310761928558350e-01
2.602733373641967773e-01;3.810437023639678955e-01;-2.146115899085998535e-01
2.267977893352508545e-01;2.894310355186462402e-01;-1.089309900999069214e-01
2.602894902229309082e-01;3.810553550720214844e-01;-2.145372927188873291e-01
2.603054046630859375e-01;3.810337185859680176e-01;-2.145950943231582642e-01
-1.567810773849487305e-01;-3.462079912424087524e-02;2.894324958324432373e-01
-7.159408181905746460e-02;-1.240398585796356201e-01;3.973651528358459473e-01
-7.161762565374374390e-02;-1.240450814366340637e-01;3.973600268363952637e-01
-1.709720641374588013e-01;-2.608273029327392578e-01;4.068657457828521729e-01
-7.160449028015136719e-02;-1.240531206130981445e-01;3.973559737205505371e-01
-1.156671717762947083e-02;-1.135505884885787964e-01;2.365326285362243652e-01
-7.161854207515716553e-02;-1.240425184369087219e-01;3.973595499992370605e-01
-2.075361907482147217e-01;-1.095368564128875732e-01;3.962896466255187988e-01
-7.160849869251251221e-02;-1.240398734807968140e-01;3.973675370216369629e-01
-7.161269336938858032e-02;-1.240474432706832886e-01;3.973572552204132080e-01
-1.687605381011962891e-01;7.976847290992736816e-01;-4.549420177936553955e-01
-1.043423265218734741e-01;8.083155751228332520e-01;-4.537874162197113037e-01
-1.044015213847160339e-01;8.082832098007202148e-01;-4.538023471832275391e-01
-2.544239759445190430e-01;6.723705530166625977e-01;-4.561389386653900146e-01
-1.043692827224731445e-01;8.082908391952514648e-01;-4.538130760192871094e-01
1.366900801658630371e-01;8.079843521118164062e-01;-4.146482944488525391e-01
-1.043970659375190735e-01;8.083050847053527832e-01;-4.538065493106842041e-01
-2.810935676097869873e-01;7.409605383872985840e-01;-3.343204855918884277e-01
-1.043981760740280151e-01;8.083150386810302734e-01;-4.537593424320220947e-01
-1.043859496712684631e-01;8.083027005195617676e-01;-4.537959098815917969e-01
2.373863309621810913e-01;-2.458211630582809448e-01;1.549072861671447754e-01
2.522284984588623047e-01;-4.460045695304870605e-01;2.295690625905990601e-01
2.521995902061462402e-01;-4.460275173187255859e-01;2.295638620853424072e-01
2.369670271873474121e-01;-4.302484691143035889e-01;1.697508990764617920e-01
2.522137761116027832e-01;-4.460255801677703857e-01;2.295603603124618530e-01
1.782922893762588501e-01;-4.708796441555023193e-01;8.464474976062774658e-02
2.521898448467254639e-01;-4.460118114948272705e-01;2.295584231615066528e-01
2.405547797679901123e-01;-5.683212876319885254e-01;2.263955175876617432e-01
2.521922588348388672e-01;-4.460091888904571533e-01;2.295965105295181274e-01
2.522117793560028076e-01;-4.460096359252929688e-01;2.295761853456497192e-01
-2.601626515388488770e-01;3.937648534774780273e-01;4.090948104858398438e-01
-3.302448987960815430e-01;1.883020102977752686e-01;3.854741156101226807e-01
-3.302994966506958008e-01;1.882827430963516235e-01;3.854535818099975586e-01
-2.704573571681976318e-01;2.522777020931243896e-02;4.194900393486022949e-01
-3.302605450153350830e-01;1.882998496294021606e-01;3.854525089263916016e-01
-1.389212608337402344e-01;2.736821770668029785e-01;2.945769429206848145e-01
-3.302836120128631592e-01;1.882911324501037598e-01;3.854553699493408203e-01
-2.667451202869415283e-01;1.670264154672622681e-01;4.032097160816192627e-01
-3.302944600582122803e-01;1.883140057325363159e-01;3.854868412017822266e-01
-3.302904069423675537e-01;1.882944256067276001e-01;3.854544162750244141e-01
-3.702230453491210938e-01;-2.010664343833923340e-01;4.567333459854125977e-01
-3.308133780956268311e-01;-3.398026227951049805e-01;3.651580214500427246e-01
-3.308676183223724365e-01;-3.398239612579345703e-01;3.651393353939056396e-01
-2.949435710906982422e-01;-4.895118474960327148e-01;3.434025347232818604e-01
-3.308264613151550293e-01;-3.397945761680603027e-01;3.651376366615295410e-01
-2.505277395248413086e-01;-2.514932453632354736e-01;2.892432212829589844e-01
-3.308369219303131104e-01;-3.398156166076660156e-01;3.651568591594696045e-01
-2.784730792045593262e-01;-3.234237730503082275e-01;4.192661941051483154e-01
-3.308730125427246094e-01;-3.397865593433380127e-01;3.651710748672485352e-01
-3.308707177639007568e-01;-3.398096859455108643e-01;3.651310801506042480e-01
1.992448568344116211e-01;-3.880046010017395020e-01;-1.750713288784027100e-01
2.612442672252655029e-01;-5.186803340911865234e-01;-2.419173121452331543e-01
2.612544000148773193e-01;-5.186658501625061035e-01;-2.419232428073883057e-01
2.584149241447448730e-01;-5.159674286842346191e-01;-2.444008141756057739e-01
2.612551450729370117e-01;-5.186700820922851562e-01;-2.419129610061645508e-01
2.370584756135940552e-01;-6.571506857872009277e-01;-1.592884957790374756e-01
2.612536549568176270e-01;-5.186759233474731445e-01;-2.419202625751495361e-01
2.078519314527511597e-01;-5.176620483398437500e-01;-5.600039660930633545e-02
2.612598240375518799e-01;-5.186729431152343750e-01;-2.419275939464569092e-01
2.612529397010803223e-01;-5.186743736267089844e-01;-2.419229447841644287e-01
-2.481112331151962280e-01;7.436344623565673828e-01;3.852294683456420898e-01
-1.315494328737258911e-01;6.192428469657897949e-01;1.964422613382339478e-01
-1.315429657697677612e-01;6.192367672920227051e-01;1.964484304189682007e-01
-6.453596800565719604e-02;4.183116555213928223e-01;1.499731242656707764e-01
-1.315511912107467651e-01;6.192476153373718262e-01;1.964476108551025391e-01
1.390519291162490845e-01;5.544641017913818359e-01;1.657182723283767700e-01
-1.315375864505767822e-01;6.192371249198913574e-01;1.964598298072814941e-01
-1.525941789150238037e-01;4.747208654880523682e-01;3.231776356697082520e-01
-1.315607279539108276e-01;6.192408204078674316e-01;1.964470744132995605e-01
-1.315587460994720459e-01;6.192418336868286133e-01;1.964429914951324463e-01
-4.010530114173889160e-01;-2.241316288709640503e-01;-4.602835774421691895e-01
-3.375814557075500488e-01;-3.849320709705352783e-01;-4.671108722686767578e-01
-3.376537263393402100e-01;-3.849678039550781250e-01;-4.671348929405212402e-01
-2.516592144966125488e-01;-6.321060657501220703e-01;-4.637193977832794189e-01
-3.376029431819915771e-01;-3.849456906318664551e-01;-4.671402275562286377e-01
-2.329141646623611450e-01;-2.632800340652465820e-01;-3.494895398616790771e-01
-3.376468122005462646e-01;-3.849404156208038330e-01;-4.671347439289093018e-01
-2.738735675811767578e-01;-4.011152684688568115e-01;-3.913677930831909180e-01
-3.376578986644744873e-01;-3.849198818206787109e-01;-4.670768976211547852e-01
-3.376368582248687744e-01;-3.849377036094665527e-01;-4.671252369880676270e-01
