-6.146579384803771973e-01;-2.917139604687690735e-02;-4.164426326751708984e-01
-5.971909165382385254e-01;-2.967656031250953674e-02;-3.445958197116851807e-01
-5.911026000976562500e-01;6.032186374068260193e-02;-3.514565825462341309e-01
-3.927859961986541748e-01;-1.221445426344871521e-01;-4.164252877235412598e-01
-4.767931103706359863e-01;5.762078333646059036e-03;-4.164420664310455322e-01
-5.637630820274353027e-01;-7.136108726263046265e-02;-2.765895724296569824e-01
-6.146649718284606934e-01;6.053800135850906372e-02;-3.303802609443664551e-01
-6.146666407585144043e-01;1.533493250608444214e-01;-4.164662659168243408e-01
-4.348076879978179932e-01;1.378746032714843750e-01;-3.513551950454711914e-01
-2.979317307472229004e-01;-1.355812139809131622e-02;-4.164366126060485840e-01
7.536922097206115723e-01;1.475360095500946045e-01;1.752197444438934326e-01
7.645152807235717773e-01;1.639254689216613770e-01;2.226510941982269287e-01
6.123683452606201172e-01;3.592886924743652344e-01;2.230267077684402466e-01
7.442297339439392090e-01;3.300269544124603271e-01;1.277963966131210327e-01
7.494984865188598633e-01;4.299882650375366211e-01;2.673680484294891357e-01
8.266443610191345215e-01;1.794549524784088135e-01;2.505199611186981201e-01
7.954734563827514648e-01;2.283202409744262695e-01;3.031925857067108154e-01
7.811599969863891602e-01;4.217696189880371094e-01;2.675673365592956543e-02
8.028183579444885254e-01;4.188267290592193604e-01;1.102116405963897705e-01
8.268073797225952148e-01;4.206522405147552490e-01;3.418160974979400635e-01
-7.333905249834060669e-02;-2.677187323570251465e-01;1.489011049270629883e-01
-1.730722486972808838e-01;-3.103375434875488281e-01;2.647612988948822021e-01
-5.668262392282485962e-02;-3.477053940296173096e-01;3.554520606994628906e-01
1.230389699339866638e-01;-4.156677126884460449e-01;1.277311444282531738e-01
1.237970888614654541e-01;-3.213274180889129639e-01;1.099674999713897705e-01
7.789184898138046265e-02;-3.057111501693725586e-01;3.522303998470306396e-01
1.978403776884078979e-01;-2.260336875915527344e-01;2.801564037799835205e-01
-1.175685897469520569e-01;-1.517045944929122925e-01;2.388821542263031006e-01
-2.329238504171371460e-02;-6.608715653419494629e-02;3.721986413002014160e-01
3.228463828563690186e-01;-4.157693684101104736e-01;3.566823005676269531e-01
-6.146969795227050781e-01;1.767363548278808594e-01;3.658680319786071777e-01
-6.146945357322692871e-01;3.369335532188415527e-01;9.704950451850891113e-02
-6.146985292434692383e-01;4.230250120162963867e-01;6.979060173034667969e-02
-6.009142398834228516e-01;3.523089885711669922e-01;2.252034842967987061e-01
-6.146690845489501953e-01;4.055448174476623535e-01;1.649302691221237183e-01
-6.147018671035766602e-01;3.398344516754150391e-01;3.571537137031555176e-01
-6.144241690635681152e-01;4.233251810073852539e-01;3.524777591228485107e-01
-6.146970987319946289e-01;3.981951177120208740e-01;3.444316089153289795e-01
-5.268456935882568359e-01;3.894586563110351562e-01;2.713066637516021729e-01
-5.657828450202941895e-01;4.234202206134796143e-01;3.387131392955780029e-01
3.523456156253814697e-01;8.005914092063903809e-02;-4.156878888607025146e-01
3.626534044742584229e-01;2.693476080894470215e-01;-3.039601445198059082e-01
4.024705588817596436e-01;3.687591850757598877e-01;-3.835546970367431641e-01
2.167336046695709229e-01;2.260514795780181885e-01;-2.417274117469787598e-01
2.948507070541381836e-01;3.496551215648651123e-01;-1.380330771207809448e-01
2.976913154125213623e-01;4.236342906951904297e-01;-2.570613920688629150e-01
3.833577334880828857e-01;3.524616956710815430e-01;-2.055891156196594238e-01
4.570175409317016602e-01;4.244829714298248291e-01;-2.006768882274627686e-01
6.333260536193847656e-01;2.449887543916702271e-01;-3.959987163543701172e-01
5.505829453468322754e-01;2.853885293006896973e-01;-1.219904124736785889e-01
-9.299975633621215820e-02;3.540761172771453857e-01;9.207569807767868042e-02
4.421410709619522095e-02;2.791507542133331299e-01;1.253378838300704956e-01
1.709730327129364014e-01;2.001183927059173584e-01;9.816110134124755859e-02
4.815312102437019348e-02;3.520527184009552002e-01;-7.291182875633239746e-03
6.489583849906921387e-02;4.234680235385894775e-01;-4.832409322261810303e-02
7.111813127994537354e-02;3.867722451686859131e-01;1.608148962259292603e-01
-9.098815917968750000e-02;4.233970940113067627e-01;3.306138515472412109e-01
5.669197440147399902e-02;2.298422306776046753e-01;3.154028952121734619e-01
5.456425622105598450e-02;3.148105442523956299e-01;2.932629585266113281e-01
2.869111001491546631e-01;3.564104735851287842e-01;1.075067073106765747e-01
5.882784128189086914e-01;-4.115317016839981079e-02;-3.613393604755401611e-01
6.830717325210571289e-01;-4.474706202745437622e-02;-3.293984234333038330e-01
8.276453018188476562e-01;8.600374311208724976e-02;-3.959960937500000000e-01
6.790641546249389648e-01;-2.330734580755233765e-02;-2.112506926059722900e-01
6.347798109054565430e-01;4.076487571001052856e-02;-1.596964746713638306e-01
8.200067877769470215e-01;-1.103264763951301575e-01;-1.556351035833358765e-01
7.948308587074279785e-01;4.683222994208335876e-02;-2.742471396923065186e-01
6.333260536193847656e-01;2.449887692928314209e-01;-3.959987163543701172e-01
7.955626845359802246e-01;3.571369051933288574e-01;-3.959983885288238525e-01
8.248630166053771973e-01;3.737998902797698975e-01;-3.081517517566680908e-01
-6.146666407585144043e-01;1.533493399620056152e-01;-4.164662659168243408e-01
-6.146739721298217773e-01;1.940547972917556763e-01;-2.919579446315765381e-01
-5.283716320991516113e-01;1.374033689498901367e-01;-2.053253352642059326e-01
-5.240177512168884277e-01;2.489871233701705933e-01;-3.453865349292755127e-01
-6.146624088287353516e-01;3.801225721836090088e-01;-4.067052900791168213e-01
-6.146771311759948730e-01;4.229074716567993164e-01;-4.165026247501373291e-01
-6.146553754806518555e-01;3.606755137443542480e-01;-2.716533839702606201e-01
-6.146588325500488281e-01;4.230311512947082520e-01;-2.829491794109344482e-01
-5.441616177558898926e-01;3.322130739688873291e-01;-3.822492659091949463e-01
-6.146776676177978516e-01;4.230542778968811035e-01;-7.755666971206665039e-02
-6.145977377891540527e-01;-4.038233458995819092e-01;-3.290643095970153809e-01
-6.146524548530578613e-01;-3.395334780216217041e-01;-4.006779193878173828e-01
-6.146539449691772461e-01;-3.333816826343536377e-01;-4.164028167724609375e-01
-6.146507859230041504e-01;-3.075520396232604980e-01;-3.551894724369049072e-01
-6.146546006202697754e-01;-3.040309846401214600e-01;-3.837048113346099854e-01
-6.146438717842102051e-01;-3.782640993595123291e-01;-2.526414990425109863e-01
-4.789532124996185303e-01;-3.791075944900512695e-01;-3.043205440044403076e-01
-6.146245002746582031e-01;-4.036698341369628906e-01;-1.896913200616836548e-01
-6.146513819694519043e-01;-3.690857887268066406e-01;-1.154654622077941895e-01
-6.146606206893920898e-01;-2.996862232685089111e-01;-2.110919356346130371e-01
-3.021238148212432861e-01;-4.155170619487762451e-01;-1.942794322967529297e-01
-4.471957981586456299e-01;-3.412275314331054688e-01;-5.399534106254577637e-02
-1.091434955596923828e-01;-4.155345559120178223e-01;-1.546341180801391602e-01
-2.374870330095291138e-01;-4.154527485370635986e-01;4.396554082632064819e-02
-2.185699343681335449e-01;-4.154367744922637939e-01;8.408760279417037964e-02
-3.165396451950073242e-01;-2.678269147872924805e-01;2.411054968833923340e-01
-1.730722635984420776e-01;-3.103375434875488281e-01;2.647612988948822021e-01
-3.457246720790863037e-02;-4.155722856521606445e-01;-1.239047423005104065e-01
-5.315382778644561768e-02;-4.154857695102691650e-01;8.833929896354675293e-02
-7.333905994892120361e-02;-2.677187323570251465e-01;1.489011049270629883e-01
6.942473053932189941e-01;3.167054653167724609e-01;-9.876946359872817993e-02
6.998029947280883789e-01;3.578416109085083008e-01;-2.309408783912658691e-01
7.839539051055908203e-01;3.301292061805725098e-01;-1.746803075075149536e-01
7.955626845359802246e-01;3.571369051933288574e-01;-3.959983885288238525e-01
8.248630166053771973e-01;3.737998902797698975e-01;-3.081517517566680908e-01
8.241971135139465332e-01;4.266723394393920898e-01;-3.723571896553039551e-01
8.084921240806579590e-01;4.323576092720031738e-01;-1.647190302610397339e-01
7.723486423492431641e-01;4.331541955471038818e-01;-4.626664519309997559e-02
7.658743858337402344e-01;4.329726397991180420e-01;-5.889087915420532227e-03
7.811599969863891602e-01;4.217696189880371094e-01;2.675674855709075928e-02
7.040099501609802246e-01;-2.230869829654693604e-01;-1.683196425437927246e-02
7.507401704788208008e-01;-7.608728110790252686e-02;1.616289764642715454e-01
8.222319483757019043e-01;-4.575318470597267151e-02;1.073724031448364258e-01
7.554661631584167480e-01;-8.619333058595657349e-02;3.220627903938293457e-01
7.916361689567565918e-01;-1.733702421188354492e-01;3.120426237583160400e-01
8.278949856758117676e-01;-7.534727454185485840e-02;2.730355560779571533e-01
7.536922097206115723e-01;1.475360244512557983e-01;1.752197444438934326e-01
7.265275716781616211e-01;1.110351681709289551e-01;1.942318230867385864e-01
7.645152807235717773e-01;1.639254689216613770e-01;2.226510941982269287e-01
7.875046133995056152e-01;8.218035101890563965e-02;3.008314669132232666e-01
3.756983876228332520e-01;-4.161555767059326172e-01;-2.581082880496978760e-01
3.191356360912322998e-01;-4.160698056221008301e-01;-9.852328151464462280e-02
5.901796221733093262e-01;-4.208336174488067627e-01;-2.040137499570846558e-01
4.680381417274475098e-01;-4.168696999549865723e-01;-6.722682714462280273e-02
2.404529005289077759e-01;-2.712369263172149658e-01;-1.191015690565109253e-01
3.362765908241271973e-01;-2.008549124002456665e-01;-4.123888164758682251e-02
5.135548710823059082e-01;-2.082460075616836548e-01;-2.159984707832336426e-01
6.960948109626770020e-01;-3.476181030273437500e-01;-4.672028124332427979e-03
7.437984943389892578e-01;-4.242303967475891113e-01;-9.369322657585144043e-02
7.030869126319885254e-01;-4.228155910968780518e-01;8.374387025833129883e-02
-4.789532124996185303e-01;-3.791075944900512695e-01;-3.043205440044403076e-01
-2.083310335874557495e-01;-4.155112802982330322e-01;-4.164256751537322998e-01
-2.399024367332458496e-01;-4.155265986919403076e-01;-3.891451060771942139e-01
-3.021238148212432861e-01;-4.155170619487762451e-01;-1.942794471979141235e-01
-1.091434955596923828e-01;-4.155345559120178223e-01;-1.546341180801391602e-01
-2.179982811212539673e-01;-1.511714756488800049e-01;-4.164222776889801025e-01
-1.121699213981628418e-01;-2.243753820657730103e-01;-3.057147860527038574e-01
-3.733265697956085205e-01;-2.431886643171310425e-01;-2.369069457054138184e-01
-4.706922173500061035e-02;-3.422768414020538330e-01;-3.075560331344604492e-01
-8.941552042961120605e-02;-4.155239760875701904e-01;-2.794350981712341309e-01
3.374880254268646240e-01;-4.159004390239715576e-01;3.036943972110748291e-01
3.228463828563690186e-01;-4.157693684101104736e-01;3.566823005676269531e-01
3.681013584136962891e-01;-2.415517717599868774e-01;1.582517176866531372e-01
3.440105319023132324e-01;-1.394590884447097778e-01;3.494309782981872559e-01
3.786983788013458252e-01;-2.269965857267379761e-01;3.161077499389648438e-01
4.423104822635650635e-01;-2.069802582263946533e-01;1.651015430688858032e-01
4.589224457740783691e-01;-2.379274368286132812e-01;3.239464163780212402e-01
2.654513418674468994e-01;-7.124799489974975586e-02;3.714572787284851074e-01
4.836581051349639893e-01;-2.945825457572937012e-02;3.180623650550842285e-01
6.462001204490661621e-01;-2.008692771196365356e-01;3.045284748077392578e-01
-5.240177512168884277e-01;2.489871233701705933e-01;-3.453865349292755127e-01
-5.441616177558898926e-01;3.322130739688873291e-01;-3.822492659091949463e-01
-2.226786464452743530e-01;1.245733499526977539e-01;-3.470774888992309570e-01
-1.863064020872116089e-01;1.541511714458465576e-01;-4.164611399173736572e-01
-1.665642708539962769e-01;2.652601599693298340e-01;-3.793801069259643555e-01
-2.920814454555511475e-01;4.233081042766571045e-01;-4.165205955505371094e-01
-2.060459703207015991e-01;1.830910891294479370e-01;-2.740655839443206787e-01
-1.414011865854263306e-01;3.148686885833740234e-01;-1.834291219711303711e-01
-9.632161259651184082e-02;4.233732521533966064e-01;-1.666081994771957397e-01
-6.098134815692901611e-02;3.526706099510192871e-01;-2.067462056875228882e-01
-3.033541738986968994e-01;2.098261862993240356e-01;2.275533378124237061e-01
-2.272066622972488403e-01;1.515894532203674316e-01;2.053235769271850586e-01
-1.301421672105789185e-01;4.867374897003173828e-02;2.349018305540084839e-01
-5.957404524087905884e-02;-4.058228433132171631e-02;2.766035199165344238e-01
1.003673672676086426e-02;9.320378303527832031e-03;3.556903302669525146e-01
-1.311786919832229614e-01;1.644980758428573608e-01;3.887048065662384033e-01
-1.718911975622177124e-01;3.202463388442993164e-01;2.079987972974777222e-01
9.540356695652008057e-02;1.058197170495986938e-01;3.516885042190551758e-01
5.669197440147399902e-02;2.298422306776046753e-01;3.154028952121734619e-01
9.881748259067535400e-02;2.534369230270385742e-01;4.225985407829284668e-01
-3.298370540142059326e-01;-1.756238639354705811e-01;-1.325053125619888306e-01
-3.675941824913024902e-01;1.683889329433441162e-02;-2.398757189512252808e-01
-3.218097388744354248e-01;1.058271899819374084e-01;-1.998605728149414062e-01
-1.889557093381881714e-01;-1.587912738323211670e-01;-1.639268398284912109e-01
-1.842985153198242188e-01;6.468850187957286835e-03;-1.971806287765502930e-01
-8.554729819297790527e-02;-6.496822088956832886e-02;-2.303304672241210938e-01
-1.247421428561210632e-01;-7.102808915078639984e-03;9.585514664649963379e-03
-2.226786464452743530e-01;1.245733425021171570e-01;-3.470774888992309570e-01
-2.060459703207015991e-01;1.830910891294479370e-01;-2.740655839443206787e-01
1.896357536315917969e-02;7.439552247524261475e-02;-3.077286779880523682e-01
-2.742072641849517822e-01;3.525201976299285889e-01;3.573139384388923645e-02
-1.414011865854263306e-01;3.148686885833740234e-01;-1.834291219711303711e-01
-8.806397020816802979e-02;2.371967285871505737e-01;-4.499275609850883484e-02
-9.632160514593124390e-02;4.233732521533966064e-01;-1.666081994771957397e-01
-2.163890749216079712e-01;4.233889281749725342e-01;-4.658318683505058289e-02
-3.122979104518890381e-01;2.767110168933868408e-01;1.050696521997451782e-01
-1.890672296285629272e-01;3.206787407398223877e-01;5.948819592595100403e-02
-2.118577361106872559e-01;3.525228202342987061e-01;7.025641202926635742e-02
-9.299975633621215820e-02;3.540761172771453857e-01;9.207569062709808350e-02
-3.661274909973144531e-02;3.503452241420745850e-01;-9.830430150032043457e-02
