-5.221422314643859863e-01;2.054862119257450104e-02;-4.248471260070800781e-01
7.792878746986389160e-01;1.042190045118331909e-01;-3.444603085517883301e-01
-4.267399609088897705e-01;6.485677510499954224e-02;3.910863399505615234e-01
2.640235424041748047e-01;6.052433699369430542e-02;1.785535514354705811e-01
4.445612430572509766e-01;2.307936251163482666e-01;2.159094512462615967e-01
-5.222092866897583008e-01;-3.466818034648895264e-01;3.294656053185462952e-02
-5.221878290176391602e-01;4.044025838375091553e-01;2.578738927841186523e-01
2.401489019393920898e-01;2.235131412744522095e-01;-1.503541469573974609e-01
3.663069605827331543e-01;-4.270894825458526611e-02;1.731786578893661499e-01
-1.471391320228576660e-01;2.715315222740173340e-01;-3.869344890117645264e-01
1.084075868129730225e-02;9.667943418025970459e-02;-2.319047451019287109e-01
-1.281852126121520996e-01;-1.916595920920372009e-02;3.128951489925384521e-01
-5.221895575523376465e-01;-2.014868259429931641e-01;2.721140086650848389e-01
8.125795722007751465e-01;4.272398650646209717e-01;3.444749116897583008e-01
4.610299766063690186e-01;-1.056399717926979065e-01;-3.088291287422180176e-01
-5.208264589309692383e-01;-2.024111747741699219e-01;1.411826014518737793e-01
-2.634255588054656982e-01;3.578185439109802246e-01;3.380958735942840576e-02
-2.235104739665985107e-01;4.742846265435218811e-02;-2.121393531560897827e-01
-4.050173759460449219e-01;-2.465479969978332520e-01;-2.427115589380264282e-01
7.303946614265441895e-01;-1.768285632133483887e-01;1.383046954870223999e-01
6.827843934297561646e-02;-4.216479957103729248e-01;1.496290713548660278e-01
6.420094370841979980e-01;-2.661825120449066162e-01;-2.984447181224822998e-01
-2.649220637977123260e-02;1.420296728610992432e-01;1.164676249027252197e-01
8.614723384380340576e-02;1.474342048168182373e-01;-1.588958203792572021e-01
2.734488248825073242e-01;-1.416551228612661362e-02;-2.034877538681030273e-01
-5.221875905990600586e-01;1.373728960752487183e-01;2.215017825365066528e-01
8.120665550231933594e-01;-3.012824356555938721e-01;2.682622373104095459e-01
6.596620380878448486e-02;3.962607681751251221e-01;1.254865825176239014e-01
-2.490047216415405273e-01;-3.491835892200469971e-01;2.851234972476959229e-01
-2.825177609920501709e-01;1.275416016578674316e-01;2.098580151796340942e-01
-5.221855044364929199e-01;-6.059300154447555542e-02;2.107204198837280273e-01
-1.130162850022315979e-01;-6.574163585901260376e-02;-2.360049039125442505e-01
4.317679703235626221e-01;7.408838719129562378e-02;-3.800486624240875244e-01
9.581413865089416504e-02;2.209457755088806152e-01;4.264764189720153809e-01
6.504689157009124756e-02;-2.432857900857925415e-01;-1.678684502840042114e-01
6.707524061203002930e-01;2.061712145805358887e-01;2.273567467927932739e-01
4.249032735824584961e-01;1.175910681486129761e-01;3.861444890499114990e-01
-1.831440627574920654e-01;-3.527130782604217529e-01;-6.416273117065429688e-02
-5.221449732780456543e-01;-7.012321799993515015e-02;-4.248498976230621338e-01
-5.221557617187500000e-01;3.769811615347862244e-02;-3.222241997718811035e-01
4.813374578952789307e-01;-1.666395217180252075e-01;-2.381825298070907593e-01
-3.511879742145538330e-01;6.660209596157073975e-02;5.309619382023811340e-02
-4.824429452419281006e-01;-1.132904067635536194e-01;2.481003105640411377e-01
5.348786711692810059e-01;3.971654474735260010e-01;1.517997533082962036e-01
3.371235728263854980e-01;-1.264795213937759399e-01;3.939450383186340332e-01
-9.216821193695068359e-02;-3.868073821067810059e-01;-3.298602402210235596e-01
-1.461455821990966797e-01;-2.303562909364700317e-01;1.919500827789306641e-01
-1.675755530595779419e-01;-1.416861172765493393e-02;9.647276997566223145e-02
-3.154233694076538086e-01;-2.749638855457305908e-01;2.049363553524017334e-01
-5.222058892250061035e-01;1.999475359916687012e-01;3.973680082708597183e-03
2.965539395809173584e-01;3.198054730892181396e-01;1.139026880264282227e-01
-5.221760272979736328e-01;2.605662345886230469e-01;-2.757588326930999756e-01
1.342526986263692379e-03;-1.514941602945327759e-01;-3.939535617828369141e-01
4.070807099342346191e-01;3.614508807659149170e-01;-2.076480388641357422e-01
-5.221949815750122070e-01;3.452818989753723145e-01;2.540711760520935059e-01
7.349216341972351074e-01;-1.577480137348175049e-01;-9.069905430078506470e-02
-4.929762184619903564e-01;-3.877941370010375977e-01;-3.459032177925109863e-01
3.324444293975830078e-01;-3.670521378517150879e-01;4.259742498397827148e-01
7.427654862403869629e-01;8.718269318342208862e-02;1.981611549854278564e-01
-2.829757630825042725e-01;2.457324713468551636e-01;7.461065798997879028e-02
-5.221797823905944824e-01;-1.030949801206588745e-01;2.864190638065338135e-01
-2.165677212178707123e-02;2.847722172737121582e-01;-2.045519053936004639e-01
-5.221993923187255859e-01;-1.708747148513793945e-01;-8.847350627183914185e-02
2.715609967708587646e-01;-3.888159096240997314e-01;-4.357881098985671997e-02
-5.164902806282043457e-01;3.705921769142150879e-01;-3.914570212364196777e-01
-3.989787995815277100e-01;8.626084029674530029e-02;-1.682818531990051270e-01
3.404072225093841553e-01;3.583975434303283691e-01;-3.178676068782806396e-01
1.652995496988296509e-01;-1.236283257603645325e-01;-1.759979315102100372e-02
-1.496964246034622192e-01;-4.973162338137626648e-02;2.406372427940368652e-01
1.909098625183105469e-01;2.550031542778015137e-01;2.767828851938247681e-02
5.708798766136169434e-02;1.931559108197689056e-02;8.573881536722183228e-02
6.632410287857055664e-01;5.092772841453552246e-02;-3.291445076465606689e-01
-1.573882550001144409e-01;4.297159910202026367e-01;1.401859819889068604e-01
-5.221537947654724121e-01;-3.930606245994567871e-01;2.626036107540130615e-01
4.582543969154357910e-01;1.561437398195266724e-01;-1.450148969888687134e-01
-1.907904148101806641e-01;3.569032549858093262e-01;1.406999379396438599e-01
7.295264005661010742e-01;-2.088534832000732422e-01;-3.244158253073692322e-02
5.755242705345153809e-01;3.984785974025726318e-01;2.862454950809478760e-01
-1.959887295961380005e-01;1.747662574052810669e-02;-1.464961096644401550e-02
-4.853289425373077393e-01;-3.495380282402038574e-01;-1.736740171909332275e-01
-5.221705436706542969e-01;-3.082333803176879883e-01;-3.916768729686737061e-01
-5.221871733665466309e-01;7.515801116824150085e-04;1.803666353225708008e-01
9.104443341493606567e-02;-1.545501500368118286e-01;-3.704198822379112244e-02
5.710474252700805664e-01;-8.192282915115356445e-02;-3.679839074611663818e-01
5.983909368515014648e-01;2.176614254713058472e-01;1.150218211114406586e-02
-1.155751347541809082e-01;2.408062666654586792e-01;-4.790563508868217468e-02
-1.540633141994476318e-01;-3.105632960796356201e-01;3.527575433254241943e-01
-5.221794247627258301e-01;-7.022008299827575684e-02;2.703042328357696533e-01
5.802128911018371582e-01;1.346531808376312256e-01;2.369833886623382568e-01
7.151950597763061523e-01;-8.650903403759002686e-02;3.690394163131713867e-01
3.227938711643218994e-01;1.506494134664535522e-01;3.850887715816497803e-01
-3.444866240024566650e-01;9.299471043050289154e-03;1.311553567647933960e-01
-2.338075935840606689e-01;-1.780897378921508789e-01;-2.027700245380401611e-01
7.251356840133666992e-01;4.002919495105743408e-01;-1.518033295869827271e-01
4.481571912765502930e-02;3.632926046848297119e-01;2.842657268047332764e-01
-4.231546819210052490e-01;3.413705900311470032e-02;-2.154653519392013550e-01
2.344071567058563232e-01;1.086963415145874023e-01;-4.102210700511932373e-02
-4.745249450206756592e-01;-2.489001154899597168e-01;4.265538156032562256e-01
2.751707434654235840e-01;-3.265438973903656006e-01;-3.908460438251495361e-01
-1.901034414768218994e-01;3.196401894092559814e-01;-1.528702676296234131e-01
-5.221675634384155273e-01;1.083996742963790894e-01;4.265676736831665039e-01
4.405605196952819824e-01;-1.622116118669509888e-01;2.364830374717712402e-01
7.294168472290039062e-01;-3.503618538379669189e-01;6.102284789085388184e-02
-4.626729711890220642e-02;-1.111041828989982605e-01;-1.960252597928047180e-02
-1.878918707370758057e-01;1.546239405870437622e-01;3.585497438907623291e-01
-4.290259480476379395e-01;2.699524760246276855e-01;2.890217900276184082e-01
-5.221599340438842773e-01;-5.931562185287475586e-02;-3.036813437938690186e-01
-5.221667885780334473e-01;-1.630392074584960938e-01;-3.110214471817016602e-01
2.078849971294403076e-01;-2.290208786725997925e-01;2.609258592128753662e-01
-3.447991907596588135e-01;3.577908873558044434e-01;3.463368117809295654e-02
-5.221783518791198730e-01;1.050345525145530701e-01;-1.921102404594421387e-01
-5.221726298332214355e-01;-1.419717669486999512e-01;4.265591204166412354e-01
-4.387894272804260254e-01;-3.531149923801422119e-01;-7.480447739362716675e-02
8.137369155883789062e-01;1.018545478582382202e-01;3.100268840789794922e-01
6.943461298942565918e-01;3.202693164348602295e-01;1.716568171977996826e-01
5.116810798645019531e-01;3.200999796390533447e-01;-1.772896796464920044e-01
4.579230844974517822e-01;1.520095393061637878e-02;1.915762573480606079e-02
3.499157726764678955e-01;-1.477080434560775757e-01;-2.440223544836044312e-01
1.817976385354995728e-01;-5.836787447333335876e-02;3.160205185413360596e-01
7.067881524562835693e-02;1.790952384471893311e-01;2.781184911727905273e-01
-5.222094058990478516e-01;-2.431568652391433716e-01;9.621223807334899902e-02
-5.221752524375915527e-01;2.041031792759895325e-02;-1.951318085193634033e-01
2.177128642797470093e-01;-2.750740051269531250e-01;-1.231765300035476685e-01
1.674795597791671753e-01;-1.468123048543930054e-01;-3.933116495609283447e-01
2.037977986037731171e-02;1.880931854248046875e-01;1.723023504018783569e-01
-4.719801843166351318e-01;-1.504750549793243408e-01;3.953565955162048340e-01
3.172221779823303223e-02;-2.715271711349487305e-01;3.619032800197601318e-01
7.250944618135690689e-03;-1.480510085821151733e-01;-2.763833999633789062e-01
-5.221984982490539551e-01;3.668498694896697998e-01;1.442505866289138794e-01
4.254757165908813477e-01;3.712890148162841797e-01;-3.845671713352203369e-01
-5.222070813179016113e-01;-2.036568820476531982e-01;-2.970842644572257996e-02
6.561653614044189453e-01;-4.484375193715095520e-02;-1.761552244424819946e-01
2.603813707828521729e-01;3.670114874839782715e-01;3.007669448852539062e-01
6.469170451164245605e-01;-5.480030551552772522e-02;2.968115210533142090e-01
-5.221917629241943359e-01;8.813478052616119385e-02;1.525689661502838135e-01
-5.221688747406005859e-01;3.703149035573005676e-02;3.605916500091552734e-01
7.758518457412719727e-01;3.348199427127838135e-01;-2.135595083236694336e-01
-5.221949815750122070e-01;-3.107923865318298340e-01;-1.578343659639358521e-01
5.271812081336975098e-01;-4.252175092697143555e-01;-2.088197469711303711e-01
-5.221816301345825195e-01;1.721035391092300415e-01;3.052287101745605469e-01
3.738771975040435791e-01;1.814864873886108398e-01;-3.846598789095878601e-02
-5.221862792968750000e-01;1.376812607049942017e-01;-1.539063602685928345e-01
-5.221905708312988281e-01;-3.300877213478088379e-01;-1.712144017219543457e-01
6.535417586565017700e-02;1.602287739515304565e-01;3.169457018375396729e-01
-5.221619606018066406e-01;3.995835185050964355e-01;2.807864248752593994e-01
1.331000775098800659e-01;-2.040634676814079285e-02;3.791140392422676086e-02
-4.697334170341491699e-01;1.290892958641052246e-01;-6.549098342657089233e-02
2.262128703296184540e-02;3.573342263698577881e-01;-9.634287096560001373e-03
-5.221627950668334961e-01;2.524806261062622070e-01;-3.978572487831115723e-01
6.961811780929565430e-01;3.224151134490966797e-01;-4.040927886962890625e-01
4.841618612408638000e-02;-3.144866526126861572e-01;-3.529526293277740479e-01
-5.221855044364929199e-01;-6.059300154447555542e-02;2.107204198837280273e-01
-2.132262140512466431e-01;1.900499463081359863e-01;-3.150179684162139893e-01
-4.061957299709320068e-01;-1.830371469259262085e-01;-1.358987241983413696e-01
-5.222008228302001953e-01;2.144699841737747192e-01;-7.951996475458145142e-02
2.808654010295867920e-01;2.451698482036590576e-01;2.520056664943695068e-01
7.053434848785400391e-01;2.235002256929874420e-02;-3.330705165863037109e-01
-5.221647024154663086e-01;-2.556971311569213867e-01;-4.248548448085784912e-01
-5.221892595291137695e-01;-3.365277945995330811e-01;2.730033397674560547e-01
3.580264151096343994e-01;-2.302707433700561523e-01;3.183160424232482910e-01
1.729571521282196045e-01;2.456125468015670776e-01;-1.135061606764793396e-01
1.755916774272918701e-01;-3.224797844886779785e-01;1.649471670389175415e-01
-5.221962928771972656e-01;-4.136423394083976746e-02;7.404861599206924438e-02
-5.222089886665344238e-01;2.765810489654541016e-01;1.076152399182319641e-01
6.525630354881286621e-01;1.019494906067848206e-01;2.406500279903411865e-02
-2.143580317497253418e-01;1.128869876265525818e-01;-3.220806121826171875e-01
3.149477243423461914e-01;-2.036951780319213867e-01;-4.416795074939727783e-02
7.378919124603271484e-01;1.500846445560455322e-01;1.761939376592636108e-01
-5.118335485458374023e-01;2.470792531967163086e-01;-3.561668992042541504e-01
2.052719146013259888e-01;2.273772358894348145e-01;1.349175572395324707e-01
3.772464096546173096e-01;1.465973854064941406e-01;-1.831323057413101196e-01
-3.480004668235778809e-01;-3.067477606236934662e-02;2.159576117992401123e-01
-1.582532078027725220e-01;4.948353394865989685e-02;2.360538393259048462e-01
7.564013004302978516e-01;-4.051518738269805908e-01;3.624525070190429688e-01
1.034356281161308289e-01;-1.777076721191406250e-01;5.338753107935190201e-03
-1.074915900826454163e-01;-9.689815342426300049e-02;5.114083737134933472e-02
-2.628187835216522217e-01;2.442477047443389893e-01;3.443557024002075195e-02
3.714398145675659180e-01;-2.824460268020629883e-01;1.820918917655944824e-01
-7.858348637819290161e-02;3.452194929122924805e-01;1.423542797565460205e-01
1.893913149833679199e-01;7.220115512609481812e-02;2.458830326795578003e-01
-5.221935510635375977e-01;-4.106566309928894043e-01;-2.457264065742492676e-01
-5.881359055638313293e-02;7.739912252873182297e-03;-3.550739884376525879e-01
5.306345969438552856e-02;2.020421922206878662e-01;7.161524146795272827e-03
-5.221991539001464844e-01;2.494071871042251587e-01;1.924870610237121582e-01
3.002149462699890137e-01;-7.100592483766376972e-04;3.143041133880615234e-01
-2.427070401608943939e-02;-5.450901761651039124e-02;3.166724443435668945e-01
-2.565538510680198669e-02;2.792552709579467773e-01;-2.783038020133972168e-01
-5.221869349479675293e-01;-5.026948451995849609e-02;1.936357766389846802e-01
-3.222917616367340088e-01;-2.431763857603073120e-01;-3.529517352581024170e-01
5.351381301879882812e-01;-1.102073956280946732e-02;2.738574743270874023e-01
-4.673674106597900391e-01;1.400903761386871338e-01;-3.587785661220550537e-01
3.042940199375152588e-01;2.911548912525177002e-01;-2.088580578565597534e-01
-3.094196021556854248e-01;2.477859556674957275e-01;2.510837912559509277e-01
-1.163364872336387634e-01;-1.956088989973068237e-01;-3.146811127662658691e-01
-9.643136523663997650e-03;-3.497881293296813965e-01;1.953086000867187977e-03
-5.221915841102600098e-01;-8.910103887319564819e-02;-1.032020896673202515e-01
6.609343886375427246e-01;3.556664884090423584e-01;-2.672694921493530273e-01
-4.422842860221862793e-01;-2.743987739086151123e-01;2.269789278507232666e-01
7.554340958595275879e-01;-2.191855162382125854e-01;4.057561159133911133e-01
-6.337480247020721436e-02;3.556165993213653564e-01;-1.019795909523963928e-01
7.696305513381958008e-01;4.399583339691162109e-01;-6.644075363874435425e-02
-3.316083848476409912e-01;-1.328515559434890747e-01;-4.248358607292175293e-01
7.159306406974792480e-01;-3.950258493423461914e-01;3.078098297119140625e-01
-1.664530783891677856e-01;-4.214020967483520508e-01;-2.934961915016174316e-01
7.454313635826110840e-01;2.501189410686492920e-01;3.059015274047851562e-01
-5.221983790397644043e-01;9.729300439357757568e-02;5.626207683235406876e-03
4.883052706718444824e-01;-2.104552239179611206e-01;-4.053333699703216553e-01
-5.221807956695556641e-01;-1.849950104951858521e-01;3.588365018367767334e-01
-3.065495491027832031e-01;-4.212780892848968506e-01;3.222079277038574219e-01
2.980233132839202881e-01;4.300545454025268555e-01;-3.014770448207855225e-01
1.560838613659143448e-02;4.297359883785247803e-01;-2.364596873521804810e-01
-5.221263766288757324e-01;-4.080671668052673340e-01;-3.356875181198120117e-01
-1.142239719629287720e-01;-4.213993549346923828e-01;1.233076900243759155e-01
2.376693636178970337e-01;3.850235342979431152e-01;3.749543130397796631e-01
8.123629689216613770e-01;1.825641840696334839e-01;2.522696256637573242e-01
-5.222069621086120605e-01;4.166456162929534912e-01;8.764293044805526733e-02
-5.222079753875732422e-01;-4.211256504058837891e-01;2.391124665737152100e-01
8.104790449142456055e-01;-2.141282409429550171e-01;2.114775478839874268e-01
8.004943132400512695e-01;-9.265356510877609253e-02;-1.291267126798629761e-01
-5.220315456390380859e-01;-4.213541746139526367e-01;4.310647770762443542e-02
-5.221744775772094727e-01;-4.212729930877685547e-01;-1.830005496740341187e-01
8.183809518814086914e-01;4.336232841014862061e-01;-3.771252036094665527e-01
-5.221706628799438477e-01;1.008120179176330566e-01;3.732364177703857422e-01
7.623900771141052246e-01;4.363995194435119629e-01;2.695278823375701904e-01
-1.240078583359718323e-01;4.297241270542144775e-01;-1.712015718221664429e-01
-5.221672058105468750e-01;-1.566825062036514282e-01;-3.032818138599395752e-01
3.414525985717773438e-01;-3.438685834407806396e-02;3.737998306751251221e-01
6.108700037002563477e-01;-4.281872212886810303e-01;-3.470334708690643311e-01
-2.231203764677047729e-01;1.511005610227584839e-01;-4.248220324516296387e-01
-5.221869349479675293e-01;4.292879402637481689e-01;3.705304265022277832e-01
-5.221684575080871582e-01;-3.167986497282981873e-02;3.702563643455505371e-01
-3.067943640053272247e-02;-4.215087890625000000e-01;-1.629600375890731812e-01
2.067948728799819946e-01;4.299661815166473389e-01;-1.624290943145751953e-01
-5.221706628799438477e-01;1.008120179176330566e-01;3.732364177703857422e-01
-2.155255824327468872e-01;-1.778892427682876587e-01;-4.248355627059936523e-01
-4.207971096038818359e-01;-2.833153009414672852e-01;3.753531873226165771e-01
2.877737879753112793e-01;3.837010264396667480e-02;-4.241737127304077148e-01
2.087885290384292603e-01;-9.847906231880187988e-02;3.747474551200866699e-01
-5.221499204635620117e-01;3.300659358501434326e-02;-3.632649481296539307e-01
-2.468232810497283936e-01;-4.213762879371643066e-01;-4.248786568641662598e-01
-5.222051143646240234e-01;-1.686875969171524048e-01;-6.379414349794387817e-03
7.815514206886291504e-01;4.392604231834411621e-01;-1.422154307365417480e-01
7.232658267021179199e-01;-4.301981329917907715e-01;-2.973890490829944611e-02
7.399809956550598145e-01;4.390419423580169678e-01;4.886705428361892700e-03
-2.480188906192779541e-01;-4.213762879371643066e-01;8.295784890651702881e-02
7.949709296226501465e-01;-3.118531405925750732e-01;9.919456392526626587e-02
1.632573753595352173e-01;-1.705019026994705200e-01;-4.246013164520263672e-01
-5.221739411354064941e-01;4.293829202651977539e-01;-2.651778757572174072e-01
3.619805574417114258e-01;-2.478300482034683228e-01;3.595735728740692139e-01
5.073512196540832520e-01;4.317955672740936279e-01;-2.070890041068196297e-03
-2.262936085462570190e-01;-4.213674366474151611e-01;-4.248830378055572510e-01
-4.310229122638702393e-01;-4.213967323303222656e-01;-1.829605400562286377e-01
-1.770816445350646973e-01;4.296725094318389893e-01;3.234925866127014160e-01
-3.476106226444244385e-01;4.003900289535522461e-01;3.752894103527069092e-01
-3.436218798160552979e-01;-4.765348881483078003e-02;-4.248313903808593750e-01
6.890264749526977539e-01;-4.289875626564025879e-01;6.761877238750457764e-02
-5.222249627113342285e-01;-4.211181998252868652e-01;1.171193197369575500e-01
7.956537604331970215e-01;-4.274862110614776611e-01;2.946822643280029297e-01
7.255446314811706543e-01;-4.264714419841766357e-01;-3.576216399669647217e-01
-5.221449732780456543e-01;-7.051733881235122681e-02;-4.248498976230621338e-01
-5.219590663909912109e-01;4.295984506607055664e-01;-1.881137862801551819e-02
3.043663203716278076e-01;-4.218555390834808350e-01;3.407366275787353516e-01
7.881824970245361328e-01;3.998599648475646973e-01;9.783551096916198730e-02
-5.221879482269287109e-01;3.020341098308563232e-01;3.639301061630249023e-01
8.021578788757324219e-01;-4.272099733352661133e-01;-2.983244061470031738e-01
-2.458648830652236938e-01;4.297212660312652588e-01;-4.948036745190620422e-02
8.133020997047424316e-01;-7.489962130784988403e-02;2.373397648334503174e-01
-2.672145068645477295e-01;-4.213842451572418213e-01;4.224868491291999817e-02
-5.221689939498901367e-01;4.146285653114318848e-01;-4.248344302177429199e-01
6.290402412414550781e-01;-2.040992081165313721e-01;3.071846067905426025e-01
3.978107869625091553e-02;4.298035800457000732e-01;-5.113943666219711304e-02
-4.761684536933898926e-01;-4.213077425956726074e-01;2.673506736755371094e-01
2.761448025703430176e-01;-4.218465685844421387e-01;-2.697983086109161377e-01
-5.221936702728271484e-01;1.273313760757446289e-01;1.555802524089813232e-01
-2.190199196338653564e-01;-9.806864708662033081e-02;3.753671348094940186e-01
8.142161369323730469e-01;2.200364135205745697e-02;-3.522924482822418213e-01
8.067955374717712402e-01;-4.646079614758491516e-02;1.076872423291206360e-01
4.776510894298553467e-01;4.326348006725311279e-01;-2.583803832530975342e-01
9.856622666120529175e-02;-4.216451942920684814e-01;1.272363811731338501e-01
3.248534500598907471e-01;1.285183876752853394e-01;-4.240264296531677246e-01
-5.221869349479675293e-01;4.292879402637481689e-01;3.705304265022277832e-01
-1.377365142107009888e-01;-7.442778348922729492e-02;3.753649890422821045e-01
-5.221498012542724609e-01;-4.085853099822998047e-01;-4.145995378494262695e-01
-3.789396286010742188e-01;-1.771864145994186401e-01;3.753405809402465820e-01
6.160266399383544922e-01;2.479393929243087769e-01;-4.040937125682830811e-01
-5.221850872039794922e-01;4.044992327690124512e-01;1.662665009498596191e-01
-5.221862792968750000e-01;1.376812607049942017e-01;-1.539063602685928345e-01
4.101839959621429443e-01;-4.226354360580444336e-01;-3.701356425881385803e-02
-5.221437811851501465e-01;7.350248098373413086e-02;-4.248452782630920410e-01
8.105869889259338379e-01;3.798061311244964600e-01;-3.150379657745361328e-01
-1.369930207729339600e-01;-4.214426577091217041e-01;-1.592615991830825806e-01
7.794290781021118164e-01;4.098084568977355957e-01;6.933811306953430176e-02
-3.393099606037139893e-01;4.297076761722564697e-01;-4.248358309268951416e-01
7.716839909553527832e-01;-3.901868760585784912e-01;-1.016365736722946167e-01
-5.221735239028930664e-01;-4.181979596614837646e-01;-4.248619377613067627e-01
-5.042220354080200195e-01;-3.288325294852256775e-02;3.752691149711608887e-01
-5.221235156059265137e-01;-4.212196171283721924e-01;-4.598374012857675552e-03
-5.221583247184753418e-01;3.565164208412170410e-01;-4.063514769077301025e-01
-3.637196421623229980e-01;-1.658711880445480347e-01;-4.248397350311279297e-01
-5.221957564353942871e-01;-3.884375691413879395e-01;-2.126548625528812408e-02
