-5.221422314643859863e-01;2.054862119257450104e-02;-4.248471260070800781e-01
-5.221437811851501465e-01;7.350248098373413086e-02;-4.248452782630920410e-01
-5.221499204635620117e-01;3.300659358501434326e-02;-3.632649481296539307e-01
-5.221449732780456543e-01;-7.012321799993515015e-02;-4.248498976230621338e-01
-5.221449732780456543e-01;-7.051733881235122681e-02;-4.248498976230621338e-01
-5.221557617187500000e-01;3.769811615347862244e-02;-3.222241997718811035e-01
-5.221599340438842773e-01;-5.931562185287475586e-02;-3.036813437938690186e-01
-4.673674106597900391e-01;1.400903761386871338e-01;-3.587785661220550537e-01
-3.436218798160552979e-01;-4.765348881483078003e-02;-4.248313903808593750e-01
-5.221672058105468750e-01;-1.566825062036514282e-01;-3.032818138599395752e-01
-5.221869349479675293e-01;4.292879402637481689e-01;3.705304265022277832e-01
-5.221869349479675293e-01;4.292879402637481689e-01;3.705304265022277832e-01
-5.221619606018066406e-01;3.995835185050964355e-01;2.807864248752593994e-01
-5.221878290176391602e-01;4.044025838375091553e-01;2.578738927841186523e-01
-5.221879482269287109e-01;3.020341098308563232e-01;3.639301061630249023e-01
-5.221949815750122070e-01;3.452818989753723145e-01;2.540711760520935059e-01
-3.476106226444244385e-01;4.003900289535522461e-01;3.752894103527069092e-01
-4.290259480476379395e-01;2.699524760246276855e-01;2.890217900276184082e-01
-5.221850872039794922e-01;4.044992327690124512e-01;1.662665009498596191e-01
-5.221984982490539551e-01;3.668498694896697998e-01;1.442505866289138794e-01
2.980233132839202881e-01;4.300545454025268555e-01;-3.014770448207855225e-01
3.404072225093841553e-01;3.583975434303283691e-01;-3.178676068782806396e-01
4.070807099342346191e-01;3.614508807659149170e-01;-2.076480388641357422e-01
4.254757165908813477e-01;3.712890148162841797e-01;-3.845671713352203369e-01
2.067948728799819946e-01;4.299661815166473389e-01;-1.624290943145751953e-01
3.042940199375152588e-01;2.911548912525177002e-01;-2.088580578565597534e-01
4.776510894298553467e-01;4.326348006725311279e-01;-2.583803832530975342e-01
2.401489019393920898e-01;2.235131412744522095e-01;-1.503541469573974609e-01
5.116810798645019531e-01;3.200999796390533447e-01;-1.772896796464920044e-01
1.560840010643005371e-02;4.297359883785247803e-01;-2.364596873521804810e-01
-5.220315456390380859e-01;-4.213541746139526367e-01;4.310647770762443542e-02
-5.221235156059265137e-01;-4.212196171283721924e-01;-4.598375409841537476e-03
-5.221957564353942871e-01;-3.884375691413879395e-01;-2.126548811793327332e-02
-5.222249627113342285e-01;-4.211181998252868652e-01;1.171193271875381470e-01
-5.222092866897583008e-01;-3.466818034648895264e-01;3.294656053185462952e-02
-4.387894272804260254e-01;-3.531149923801422119e-01;-7.480446994304656982e-02
-5.222094058990478516e-01;-2.431568652391433716e-01;9.621223807334899902e-02
-5.222079753875732422e-01;-4.211256504058837891e-01;2.391124665737152100e-01
-5.221537947654724121e-01;-3.930606245994567871e-01;2.626036107540130615e-01
-5.221744775772094727e-01;-4.212729930877685547e-01;-1.830005496740341187e-01
4.481571912765502930e-02;3.632926046848297119e-01;2.842657268047332764e-01
6.596620380878448486e-02;3.962607681751251221e-01;1.254865825176239014e-01
7.067881524562835693e-02;1.790952384471893311e-01;2.781184911727905273e-01
-7.858348637819290161e-02;3.452194929122924805e-01;1.423542797565460205e-01
6.535417586565017700e-02;1.602287739515304565e-01;3.169457018375396729e-01
9.581413865089416504e-02;2.209457755088806152e-01;4.264764189720153809e-01
2.037977986037731171e-02;1.880931854248046875e-01;1.723023504018783569e-01
2.376693636178970337e-01;3.850235342979431152e-01;3.749543130397796631e-01
2.603813707828521729e-01;3.670114874839782715e-01;3.007669448852539062e-01
-1.770816445350646973e-01;4.296725094318389893e-01;3.234925866127014160e-01
-3.511879742145538330e-01;6.660209596157073975e-02;5.309619382023811340e-02
-3.444866240024566650e-01;9.299471974372863770e-03;1.311553567647933960e-01
-1.959887295961380005e-01;1.747662574052810669e-02;-1.464961096644401550e-02
-4.697334170341491699e-01;1.290892958641052246e-01;-6.549099087715148926e-02
-5.221983790397644043e-01;9.729300439357757568e-02;5.626209080219268799e-03
-2.825177609920501709e-01;1.275416016578674316e-01;2.098580151796340942e-01
-3.480004668235778809e-01;-3.067477792501449585e-02;2.159576117992401123e-01
-2.829757630825042725e-01;2.457324713468551636e-01;7.461065798997879028e-02
-5.221917629241943359e-01;8.813478052616119385e-02;1.525689661502838135e-01
-2.628187835216522217e-01;2.442477047443389893e-01;3.443557024002075195e-02
-5.221739411354064941e-01;4.293829202651977539e-01;-2.651778757572174072e-01
-5.164902806282043457e-01;3.705921769142150879e-01;-3.914570212364196777e-01
-5.221583247184753418e-01;3.565164208412170410e-01;-4.063514769077301025e-01
-5.221689939498901367e-01;4.146285653114318848e-01;-4.248344302177429199e-01
-5.221760272979736328e-01;2.605662345886230469e-01;-2.757588326930999756e-01
-5.118335485458374023e-01;2.470792531967163086e-01;-3.561668992042541504e-01
-5.221627950668334961e-01;2.524806261062622070e-01;-3.978572487831115723e-01
-3.393099606037139893e-01;4.297076761722564697e-01;-4.248358309268951416e-01
-5.219590663909912109e-01;4.295984506607055664e-01;-1.881137490272521973e-02
-5.222008228302001953e-01;2.144699841737747192e-01;-7.951995730400085449e-02
7.696305513381958008e-01;4.399583339691162109e-01;-6.644075363874435425e-02
7.815514206886291504e-01;4.392604231834411621e-01;-1.422154307365417480e-01
7.399809956550598145e-01;4.390419423580169678e-01;4.886709153652191162e-03
7.251356840133666992e-01;4.002919495105743408e-01;-1.518033295869827271e-01
7.794290781021118164e-01;4.098084568977355957e-01;6.933812052011489868e-02
7.881824970245361328e-01;3.998599648475646973e-01;9.783551841974258423e-02
7.758518457412719727e-01;3.348199427127838135e-01;-2.135595083236694336e-01
6.609343886375427246e-01;3.556664884090423584e-01;-2.672694921493530273e-01
8.105869889259338379e-01;3.798061311244964600e-01;-3.150379657745361328e-01
5.073512196540832520e-01;4.317955672740936279e-01;-2.070888876914978027e-03
5.708798766136169434e-02;1.931559108197689056e-02;8.573881536722183228e-02
1.331000775098800659e-01;-2.040634490549564362e-02;3.791140392422676086e-02
-2.649220824241638184e-02;1.420296728610992432e-01;1.164676249027252197e-01
2.037978172302246094e-02;1.880931854248046875e-01;1.723023504018783569e-01
-4.626730084419250488e-02;-1.111041828989982605e-01;-1.960252970457077026e-02
5.306345969438552856e-02;2.020421922206878662e-01;7.161520421504974365e-03
-1.074915826320648193e-01;-9.689815342426300049e-02;5.114083737134933472e-02
1.652995496988296509e-01;-1.236283257603645325e-01;-1.759979128837585449e-02
1.893913149833679199e-01;7.220115512609481812e-02;2.458830177783966064e-01
9.104443341493606567e-02;-1.545501500368118286e-01;-3.704198449850082397e-02
2.751707434654235840e-01;-3.265438973903656006e-01;-3.908460438251495361e-01
2.761448025703430176e-01;-4.218465685844421387e-01;-2.697983086109161377e-01
1.632573753595352173e-01;-1.705019026994705200e-01;-4.246013164520263672e-01
1.674795597791671753e-01;-1.468123048543930054e-01;-3.933116495609283447e-01
4.841618239879608154e-02;-3.144866526126861572e-01;-3.529526293277740479e-01
4.883052706718444824e-01;-2.104552239179611206e-01;-4.053333699703216553e-01
3.499157726764678955e-01;-1.477080434560775757e-01;-2.440223544836044312e-01
2.177128642797470093e-01;-2.750740051269531250e-01;-1.231765449047088623e-01
4.610299766063690186e-01;-1.056399643421173096e-01;-3.088291287422180176e-01
4.813374578952789307e-01;-1.666395217180252075e-01;-2.381825298070907593e-01
5.348786711692810059e-01;3.971654474735260010e-01;1.517997533082962036e-01
5.755242705345153809e-01;3.984785974025726318e-01;2.862454950809478760e-01
5.073512196540832520e-01;4.317955672740936279e-01;-2.070888876914978027e-03
6.943461298942565918e-01;3.202693164348602295e-01;1.716568171977996826e-01
4.445612430572509766e-01;2.307936251163482666e-01;2.159094512462615967e-01
5.983909368515014648e-01;2.176614254713058472e-01;1.150217652320861816e-02
6.707524061203002930e-01;2.061712145805358887e-01;2.273567467927932739e-01
2.965539395809173584e-01;3.198054730892181396e-01;1.139026880264282227e-01
7.399809956550598145e-01;4.390419423580169678e-01;4.886701703071594238e-03
7.794290781021118164e-01;4.098084568977355957e-01;6.933811306953430176e-02
-1.878918707370758057e-01;1.546239405870437622e-01;3.585497438907623291e-01
-1.582532078027725220e-01;4.948353767395019531e-02;2.360538393259048462e-01
-2.825177609920501709e-01;1.275416016578674316e-01;2.098580151796340942e-01
-3.094196021556854248e-01;2.477859556674957275e-01;2.510837912559509277e-01
-1.281852126121520996e-01;-1.916596293449401855e-02;3.128951489925384521e-01
-1.377365142107009888e-01;-7.442778348922729492e-02;3.753649890422821045e-01
-1.496964246034622192e-01;-4.973162710666656494e-02;2.406372427940368652e-01
-2.190199196338653564e-01;-9.806863963603973389e-02;3.753671348094940186e-01
6.535416841506958008e-02;1.602287739515304565e-01;3.169457018375396729e-01
-4.267399609088897705e-01;6.485677510499954224e-02;3.910863399505615234e-01
8.183809518814086914e-01;4.336232841014862061e-01;-3.771252036094665527e-01
8.105869889259338379e-01;3.798061311244964600e-01;-3.150379657745361328e-01
6.961811780929565430e-01;3.224151134490966797e-01;-4.040927886962890625e-01
7.758518457412719727e-01;3.348199427127838135e-01;-2.135595083236694336e-01
6.609343886375427246e-01;3.556664884090423584e-01;-2.672694921493530273e-01
7.815514206886291504e-01;4.392604231834411621e-01;-1.422154307365417480e-01
7.251356840133666992e-01;4.002919495105743408e-01;-1.518033295869827271e-01
6.160266399383544922e-01;2.479393929243087769e-01;-4.040937125682830811e-01
7.696305513381958008e-01;4.399583339691162109e-01;-6.644076108932495117e-02
7.792878746986389160e-01;1.042189896106719971e-01;-3.444603085517883301e-01
