-3.200058341026306152e-01;-6.820975542068481445e-01;-5.178747773170471191e-01
-2.519474029541015625e-01;-6.821370720863342285e-01;-4.524975419044494629e-01
-4.052035212516784668e-01;-6.640043258666992188e-01;-6.284172534942626953e-01
-3.576970398426055908e-01;-5.569108128547668457e-01;-5.921310186386108398e-01
-3.213561475276947021e-01;-4.913181066513061523e-01;-5.446358323097229004e-01
-3.087192177772521973e-01;-6.653712987899780273e-01;-5.686833858489990234e-01
-2.558957040309906006e-01;-6.454709172248840332e-01;-5.291305780410766602e-01
-2.286131978034973145e-01;-5.216979384422302246e-01;-5.136115550994873047e-01
-1.993334442377090454e-01;-6.912978291511535645e-01;-5.193263292312622070e-01
-2.028047740459442139e-01;-6.451563835144042969e-01;-5.483000874519348145e-01
-3.642744421958923340e-01;-6.173170804977416992e-01;5.485140681266784668e-01
-2.323568612337112427e-01;-5.801721215248107910e-01;4.697670638561248779e-01
-1.343314945697784424e-01;-6.886346936225891113e-01;5.032632946968078613e-01
-1.505082994699478149e-01;-5.032881498336791992e-01;3.944005668163299561e-01
-3.089757263660430908e-01;-6.868678927421569824e-01;5.872603654861450195e-01
-3.407804965972900391e-01;-3.832927048206329346e-01;5.013687014579772949e-01
-2.732012867927551270e-01;-3.794362246990203857e-01;5.171978473663330078e-01
-2.800452709197998047e-01;-4.593726694583892822e-01;5.784266591072082520e-01
-6.039398908615112305e-02;-6.371296644210815430e-01;4.386347532272338867e-01
-3.375804424285888672e-02;-6.292651891708374023e-01;4.936142265796661377e-01
-3.225897252559661865e-01;6.109719872474670410e-01;4.951057136058807373e-01
-3.359081447124481201e-01;5.996103882789611816e-01;5.635454058647155762e-01
-2.506361305713653564e-01;5.508627891540527344e-01;4.733761847019195557e-01
-2.496945261955261230e-01;6.274923682212829590e-01;5.067844390869140625e-01
-1.040429770946502686e-01;6.175113320350646973e-01;4.135447740554809570e-01
-8.380922675132751465e-02;6.771564483642578125e-01;3.719514012336730957e-01
-1.418296992778778076e-01;6.787531375885009766e-01;4.521048665046691895e-01
-2.594090104103088379e-01;6.794342994689941406e-01;5.734535455703735352e-01
-7.695585489273071289e-03;6.763176918029785156e-01;4.386664927005767822e-01
-6.961651146411895752e-02;6.733534932136535645e-01;5.275675654411315918e-01
1.832366138696670532e-01;-6.563221812248229980e-01;-1.461852788925170898e-01
1.283971220254898071e-01;-7.095910906791687012e-01;-3.515252470970153809e-02
1.491983234882354736e-01;-6.618490219116210938e-01;-6.540074944496154785e-02
1.690730154514312744e-01;-7.159596681594848633e-01;-8.937036246061325073e-02
1.951889991760253906e-01;-7.194859385490417480e-01;-4.490882158279418945e-02
1.862067580223083496e-01;-7.061255574226379395e-01;-3.119145333766937256e-02
2.249118089675903320e-01;-7.162616848945617676e-01;-1.345316618680953979e-01
2.170713096857070923e-01;-7.204464077949523926e-01;-1.116573214530944824e-01
2.134946584701538086e-01;-7.218865156173706055e-01;-1.004736348986625671e-01
2.068295031785964966e-01;-7.249937057495117188e-01;-7.850857824087142944e-02
-2.899780571460723877e-01;-1.094846874475479126e-01;4.871085584163665771e-01
-1.836377233266830444e-01;-4.842621833086013794e-02;4.480745792388916016e-01
-2.274537831544876099e-01;5.307791754603385925e-02;4.657358825206756592e-01
-2.872726917266845703e-01;1.309256255626678467e-01;5.144267082214355469e-01
-7.168283313512802124e-02;-1.301122605800628662e-01;4.666499793529510498e-01
-7.513547688722610474e-02;-4.782866686582565308e-02;4.250137805938720703e-01
-1.426954567432403564e-01;9.095061570405960083e-02;3.975318670272827148e-01
-1.674429476261138916e-01;1.576250791549682617e-01;3.858187198638916016e-01
-5.272550880908966064e-02;5.078139156103134155e-02;4.234417080879211426e-01
-1.637825220823287964e-01;2.115450799465179443e-02;5.106762647628784180e-01
-8.089172840118408203e-02;-6.258938908576965332e-01;3.116551041603088379e-01
-1.505082994699478149e-01;-5.032881498336791992e-01;3.944005668163299561e-01
-6.277370452880859375e-02;-3.209620714187622070e-01;2.600804865360260010e-01
-7.845740765333175659e-03;-4.371037185192108154e-01;2.329969853162765503e-01
-1.248674392700195312e-01;-4.154831171035766602e-01;4.411100745201110840e-01
-7.200580835342407227e-02;-4.474327862262725830e-01;4.632840156555175781e-01
7.121812552213668823e-02;-4.678217172622680664e-01;2.331474423408508301e-01
1.043854206800460815e-01;-2.703772187232971191e-01;2.677837014198303223e-01
6.220372393727302551e-02;-4.475034475326538086e-01;3.199292719364166260e-01
4.157150536775588989e-02;-2.455230653285980225e-01;3.006343841552734375e-01
-1.066562533378601074e-02;2.376524209976196289e-01;1.579864025115966797e-01
8.071573823690414429e-02;3.290325999259948730e-01;2.490437924861907959e-01
6.733138114213943481e-02;3.992419242858886719e-01;1.857680380344390869e-01
3.550960123538970947e-02;4.813019335269927979e-01;3.595905900001525879e-01
6.442863494157791138e-02;4.939913749694824219e-01;3.012293577194213867e-01
1.894992291927337646e-01;2.645797431468963623e-01;9.794947504997253418e-02
2.231971472501754761e-01;2.449456751346588135e-01;1.971065253019332886e-01
1.408540159463882446e-01;4.577662050724029541e-01;2.072343528270721436e-01
2.545856833457946777e-01;4.521251022815704346e-01;1.764893978834152222e-01
1.089974343776702881e-01;3.562539219856262207e-01;2.941661775112152100e-01
-2.285990715026855469e-01;-6.210480928421020508e-01;-4.116599857807159424e-01
-1.495240479707717896e-01;-6.301494836807250977e-01;-3.962046802043914795e-01
-1.581593453884124756e-01;-4.504626989364624023e-01;-4.608694016933441162e-01
-1.815064251422882080e-01;-3.844328224658966064e-01;-3.917938470840454102e-01
-6.154122203588485718e-02;-5.706730484962463379e-01;-4.131059646606445312e-01
5.049929022789001465e-03;-5.053854584693908691e-01;-3.580368161201477051e-01
-1.187426745891571045e-01;-4.490264654159545898e-01;-4.025580286979675293e-01
-1.193878725171089172e-01;-2.964900434017181396e-01;-4.151678979396820068e-01
-1.352710127830505371e-01;-4.536527097225189209e-01;-3.212105035781860352e-01
-1.007467731833457947e-01;-2.387517392635345459e-01;-3.689278662204742432e-01
-3.950341343879699707e-01;-1.492406576871871948e-01;5.961739420890808105e-01
-1.772560328245162964e-01;-3.547160923480987549e-01;4.529227912425994873e-01
-2.800452709197998047e-01;-4.593726694583892822e-01;5.784266591072082520e-01
-3.407804965972900391e-01;-3.832927048206329346e-01;5.013687014579772949e-01
-2.732012867927551270e-01;-3.794362246990203857e-01;5.171978473663330078e-01
-2.601993083953857422e-01;-3.425384461879730225e-01;5.399488210678100586e-01
-3.025422096252441406e-01;-3.195827603340148926e-01;4.807375669479370117e-01
-2.427828460931777954e-01;-2.372987866401672363e-01;4.705709815025329590e-01
-3.630470633506774902e-01;-3.184763789176940918e-01;5.087884664535522461e-01
-2.899780571460723877e-01;-1.094846874475479126e-01;4.871085584163665771e-01
8.057545125484466553e-02;-3.328163027763366699e-01;-1.897284984588623047e-01
5.676340311765670776e-02;-2.425230741500854492e-01;-1.491239517927169800e-01
1.014629006385803223e-01;-4.736416339874267578e-01;-3.580306842923164368e-02
9.888575226068496704e-02;-4.638069272041320801e-01;3.298424184322357178e-02
1.951473951339721680e-01;-4.162021875381469727e-01;1.651984453201293945e-02
1.055836379528045654e-01;-3.403402566909790039e-01;-3.532996773719787598e-02
1.689760386943817139e-01;-2.438520938158035278e-01;4.949965327978134155e-02
2.111047804355621338e-01;-2.551859915256500244e-01;-4.074060171842575073e-02
2.157062441110610962e-01;-2.788017094135284424e-01;2.157819271087646484e-02
2.494884431362152100e-01;-3.386861383914947510e-01;1.614715158939361572e-02
-3.576970398426055908e-01;-5.569108128547668457e-01;-5.921310186386108398e-01
-3.213561475276947021e-01;-4.913181066513061523e-01;-5.446358323097229004e-01
-2.286131978034973145e-01;-5.216979384422302246e-01;-5.136115550994873047e-01
-3.097586929798126221e-01;-3.859233856201171875e-01;-5.752624869346618652e-01
-3.102030754089355469e-01;-3.899041116237640381e-01;-4.650162160396575928e-01
-4.071091711521148682e-01;-3.426800668239593506e-01;-6.308508515357971191e-01
-2.587378323078155518e-01;-3.102903366088867188e-01;-5.210943222045898438e-01
-2.952603995800018311e-01;-2.358033061027526855e-01;-4.946488142013549805e-01
-1.630646139383316040e-01;-4.011271595954895020e-01;-5.475202202796936035e-01
-2.126887291669845581e-01;-3.342925310134887695e-01;-5.493071675300598145e-01
-6.277370452880859375e-02;-3.209620714187622070e-01;2.600804865360260010e-01
4.157150536775588989e-02;-2.455230653285980225e-01;3.006343841552734375e-01
-4.850907251238822937e-02;-2.369122207164764404e-02;2.707149386405944824e-01
-1.489334180951118469e-02;8.914537727832794189e-03;3.352827429771423340e-01
1.310991644859313965e-01;-2.370717376470565796e-01;1.430346816778182983e-01
1.043854206800460815e-01;-2.703772187232971191e-01;2.677837014198303223e-01
1.054546087980270386e-01;-1.095226779580116272e-01;9.396150708198547363e-03
6.141573563218116760e-02;-1.128416955471038818e-01;2.311492860317230225e-01
-4.360474273562431335e-02;-1.445052176713943481e-01;4.220124781131744385e-01
1.994659751653671265e-02;8.334994316101074219e-02;1.825849115848541260e-01
1.376705616712570190e-01;-7.115067839622497559e-01;8.558732271194458008e-02
1.587559282779693604e-01;-7.138808965682983398e-01;1.178767904639244080e-01
1.467943638563156128e-01;-7.116315364837646484e-01;1.159430071711540222e-01
1.208166107535362244e-01;-6.433436870574951172e-01;1.987936049699783325e-01
1.942528337240219116e-01;-7.226371169090270996e-01;1.073416918516159058e-01
2.072366625070571899e-01;-7.101188898086547852e-01;1.369614750146865845e-01
1.843878775835037231e-01;-6.750451326370239258e-01;1.220053061842918396e-01
2.175868749618530273e-01;-7.033818364143371582e-01;1.723412424325942993e-01
1.961948871612548828e-01;-7.148759365081787109e-01;1.592211127281188965e-01
1.911383122205734253e-01;-7.054094672203063965e-01;2.098197042942047119e-01
2.031588703393936157e-01;5.023885965347290039e-01;7.451003044843673706e-02
1.665741205215454102e-01;6.307915449142456055e-01;6.047596037387847900e-02
1.753697842359542847e-01;6.556601524353027344e-01;9.799180924892425537e-02
2.009363025426864624e-01;7.025778889656066895e-01;1.117372587323188782e-01
1.931396275758743286e-01;7.068687081336975098e-01;1.452834904193878174e-01
2.229533791542053223e-01;5.874643325805664062e-01;1.533048152923583984e-01
2.444060891866683960e-01;6.282313466072082520e-01;1.821420192718505859e-01
2.343640327453613281e-01;6.778538823127746582e-01;1.719533205032348633e-01
2.224868386983871460e-01;7.090450525283813477e-01;1.552439033985137939e-01
2.204388380050659180e-01;7.101320028305053711e-01;1.497793346643447876e-01
-2.323568612337112427e-01;-5.801721215248107910e-01;4.697670638561248779e-01
-1.343314945697784424e-01;-6.886346936225891113e-01;5.032632946968078613e-01
-1.505082994699478149e-01;-5.032881498336791992e-01;3.944005668163299561e-01
-1.005317047238349915e-01;-6.780977845191955566e-01;2.698912322521209717e-01
-8.089172840118408203e-02;-6.258938908576965332e-01;3.116551041603088379e-01
-1.089950352907180786e-01;-6.828284263610839844e-01;3.363688290119171143e-01
-6.039398536086082458e-02;-6.371296644210815430e-01;4.386347532272338867e-01
-3.375804424285888672e-02;-6.292651891708374023e-01;4.936142265796661377e-01
5.145555734634399414e-02;-6.905802488327026367e-01;3.331540226936340332e-01
7.607945799827575684e-02;-6.901634931564331055e-01;3.380832672119140625e-01
-1.426954567432403564e-01;9.095061570405960083e-02;3.975318670272827148e-01
-1.674429476261138916e-01;1.576250791549682617e-01;3.858187198638916016e-01
-1.066860854625701904e-01;2.867576181888580322e-01;4.009692072868347168e-01
1.994659751653671265e-02;8.334995061159133911e-02;1.825849115848541260e-01
-4.850907251238822937e-02;-2.369122207164764404e-02;2.707149386405944824e-01
-1.489334180951118469e-02;8.914545178413391113e-03;3.352827429771423340e-01
-1.066562160849571228e-02;2.376524209976196289e-01;1.579864025115966797e-01
-6.709369271993637085e-02;1.347501873970031738e-01;2.369623035192489624e-01
-1.633498519659042358e-01;2.136106044054031372e-01;4.471085667610168457e-01
-5.272550880908966064e-02;5.078139156103134155e-02;4.234417080879211426e-01
-2.519474029541015625e-01;-6.821370720863342285e-01;-4.524975419044494629e-01
-1.993334442377090454e-01;-6.912978291511535645e-01;-5.193263292312622070e-01
-2.558957040309906006e-01;-6.454709172248840332e-01;-5.291305780410766602e-01
-2.028047740459442139e-01;-6.451563835144042969e-01;-5.483000874519348145e-01
-2.285990715026855469e-01;-6.210480928421020508e-01;-4.116599857807159424e-01
-2.286131978034973145e-01;-5.216979384422302246e-01;-5.136115550994873047e-01
-1.495240479707717896e-01;-6.301494836807250977e-01;-3.962046802043914795e-01
-8.752627670764923096e-02;-6.422843933105468750e-01;-5.060502886772155762e-01
-6.154122203588485718e-02;-5.706730484962463379e-01;-4.131059646606445312e-01
-1.581593453884124756e-01;-4.504626989364624023e-01;-4.608694016933441162e-01
-3.255238533020019531e-01;6.627084016799926758e-01;-4.678841531276702881e-01
-2.225595414638519287e-01;6.808886528015136719e-01;-5.192123055458068848e-01
-1.273030191659927368e-01;5.045109391212463379e-01;-4.569694399833679199e-01
-1.079457700252532959e-01;5.054731965065002441e-01;-3.988208174705505371e-01
-1.166068390011787415e-01;6.227759122848510742e-01;-4.760148227214813232e-01
-1.166586726903915405e-01;6.784848570823669434e-01;-4.130893349647521973e-01
6.139203906059265137e-03;6.749135255813598633e-01;-4.146397411823272705e-01
-1.691864877939224243e-01;6.696283817291259766e-01;-3.428931832313537598e-01
8.106499910354614258e-03;6.796386241912841797e-01;-3.432369232177734375e-01
2.032464742660522461e-02;6.210878491401672363e-01;-2.981260716915130615e-01
-1.830269247293472290e-01;3.451700210571289062e-01;-5.475566983222961426e-01
-1.739469021558761597e-01;4.745929837226867676e-01;-5.470734238624572754e-01
-1.273030191659927368e-01;5.045109391212463379e-01;-4.569694399833679199e-01
-1.079457700252532959e-01;5.054731965065002441e-01;-3.988208174705505371e-01
-1.166068390011787415e-01;6.227759122848510742e-01;-4.760148227214813232e-01
-2.046291083097457886e-01;4.404639899730682373e-01;-3.470779657363891602e-01
-2.814851701259613037e-01;6.783832311630249023e-01;-5.282678604125976562e-01
-2.091711163520812988e-01;6.744844913482666016e-01;-5.479294061660766602e-01
-2.225595414638519287e-01;6.808886528015136719e-01;-5.192123055458068848e-01
-7.063047587871551514e-02;6.694966554641723633e-01;-5.472062230110168457e-01
