-3.678465485572814941e-01;-6.700280904769897461e-01;-5.887710452079772949e-01
-3.338406383991241455e-01;-6.706169247627258301e-01;-5.509213209152221680e-01
-3.842591941356658936e-01;-5.609819293022155762e-01;-6.012977361679077148e-01
-2.648274600505828857e-01;-6.706570386886596680e-01;-4.846269190311431885e-01
-2.149954140186309814e-01;-6.331575512886047363e-01;-5.817734599113464355e-01
-2.193331271409988403e-01;-6.189631223678588867e-01;-5.173045992851257324e-01
-1.999849826097488403e-01;-5.766159892082214355e-01;-5.424230694770812988e-01
-2.411515712738037109e-01;-6.087110042572021484e-01;-4.432164430618286133e-01
-1.485424637794494629e-01;-6.742156744003295898e-01;-5.692691206932067871e-01
-1.169251799583435059e-01;-6.015144586563110352e-01;-5.806517004966735840e-01
2.160696536302566528e-01;7.389166951179504395e-01;-1.487752050161361694e-01
1.932084858417510986e-01;7.298690676689147949e-01;-1.879021525382995605e-01
2.085370421409606934e-01;7.210614085197448730e-01;-1.036239191889762878e-01
1.982029825448989868e-01;7.464386820793151855e-01;-8.350124955177307129e-02
1.859741657972335815e-01;6.887701749801635742e-01;-1.932036429643630981e-01
1.661994755268096924e-01;6.823877096176147461e-01;-1.566848605871200562e-01
1.404812335968017578e-01;7.306041121482849121e-01;-1.300560235977172852e-01
1.946985125541687012e-01;7.477065324783325195e-01;-5.387121438980102539e-02
1.919436752796173096e-01;7.489234805107116699e-01;-2.649707347154617310e-02
1.290099769830703735e-01;7.183402776718139648e-01;-1.834474503993988037e-02
-1.427971571683883667e-01;-2.117341943085193634e-02;4.531637132167816162e-01
-8.553508669137954712e-02;-2.745006978511810303e-02;4.051948189735412598e-01
-8.203400671482086182e-02;-1.108879968523979187e-01;4.474151432514190674e-01
-1.929167509078979492e-01;2.335626073181629181e-02;3.454697728157043457e-01
-1.378294974565505981e-01;-1.470041722059249878e-01;4.096743762493133545e-01
-1.429953873157501221e-01;1.107657551765441895e-01;4.176351726055145264e-01
-1.797411143779754639e-01;7.454679161310195923e-02;5.491454005241394043e-01
-9.203267097473144531e-02;-1.619334220886230469e-01;4.079547822475433350e-01
-2.795481085777282715e-01;-1.136884838342666626e-01;5.295846462249755859e-01
-1.653641313314437866e-01;-1.810033470392227173e-01;5.492600202560424805e-01
-3.736573085188865662e-02;4.819857776165008545e-01;2.093007862567901611e-01
-1.454855501651763916e-01;4.545753300189971924e-01;2.852688431739807129e-01
-1.741696149110794067e-02;4.572473764419555664e-01;3.756979405879974365e-01
-1.372063532471656799e-02;6.505461931228637695e-01;2.546120285987854004e-01
-2.265349030494689941e-02;5.867297053337097168e-01;3.515869081020355225e-01
1.011809706687927246e-01;3.823012709617614746e-01;2.725116014480590820e-01
1.155870556831359863e-01;4.036770462989807129e-01;1.147311478853225708e-01
-8.183308690786361694e-02;3.011182546615600586e-01;2.736534774303436279e-01
1.240693777799606323e-01;3.605016171932220459e-01;1.498499363660812378e-01
-9.110759943723678589e-03;5.604059100151062012e-01;4.087181687355041504e-01
-4.046973884105682373e-01;-3.141644001007080078e-01;6.144976019859313965e-01
-3.989388644695281982e-01;-3.784127235412597656e-01;6.158566474914550781e-01
-3.549067676067352295e-01;-3.676202595233917236e-01;4.826208949089050293e-01
-3.617621958255767822e-01;-2.177779376506805420e-01;4.855052828788757324e-01
-3.387838602066040039e-01;-4.335339665412902832e-01;5.105555653572082520e-01
-2.762905657291412354e-01;-3.118319809436798096e-01;4.573380649089813232e-01
-3.130329251289367676e-01;-1.423049271106719971e-01;4.696614742279052734e-01
-2.319042831659317017e-01;-2.824284434318542480e-01;4.451578557491302490e-01
-3.176604509353637695e-01;-4.289974272251129150e-01;4.164488017559051514e-01
-3.734868466854095459e-01;-7.182881236076354980e-02;5.630663037300109863e-01
-3.404263854026794434e-01;2.720051109790802002e-01;-5.848297476768493652e-01
-3.747890591621398926e-01;3.350490033626556396e-01;-5.963786244392395020e-01
-2.585499882698059082e-01;1.847564280033111572e-01;-5.890617966651916504e-01
-3.996730744838714600e-01;3.980158567428588867e-01;-6.523354053497314453e-01
-3.344630897045135498e-01;8.191460371017456055e-02;-6.059336662292480469e-01
-3.806967437267303467e-01;7.915237545967102051e-02;-6.383289694786071777e-01
-2.788799703121185303e-01;7.842057943344116211e-02;-5.562001466751098633e-01
-1.654644906520843506e-01;1.453411430120468140e-01;-5.805908441543579102e-01
-4.329999983310699463e-01;6.375315785408020020e-02;-6.725396513938903809e-01
-1.760360300540924072e-01;4.702797532081604004e-01;-5.355190634727478027e-01
1.295316684991121292e-02;-6.077142432332038879e-02;-2.585976421833038330e-01
4.228511080145835876e-02;-2.755678072571754456e-02;-3.028340935707092285e-01
1.077567692846059799e-02;-6.460815668106079102e-02;-3.583216667175292969e-01
-6.742861121892929077e-02;-1.629719585180282593e-01;-2.567416727542877197e-01
1.081107780337333679e-01;-6.510043144226074219e-02;-1.112944185733795166e-01
-1.501901149749755859e-01;-8.824158459901809692e-03;-3.240419924259185791e-01
-1.102211605757474899e-02;1.162449270486831665e-01;-2.144652158021926880e-01
9.233404695987701416e-02;-2.253396362066268921e-01;-2.166567146778106689e-01
-9.129325300455093384e-02;-9.419775754213333130e-02;-4.277926385402679443e-01
1.459079384803771973e-01;-1.998465955257415771e-01;-1.800791323184967041e-01
2.601023912429809570e-01;-3.699395954608917236e-01;-1.554202586412429810e-01
2.132784128189086914e-01;-4.159468114376068115e-01;-1.401603221893310547e-01
1.893766522407531738e-01;-4.072971642017364502e-01;-1.614709347486495972e-01
1.944713294506072998e-01;-3.686976432800292969e-01;-8.699531108140945435e-02
2.106928825378417969e-01;-2.872119545936584473e-01;-9.479514509439468384e-02
1.812984347343444824e-01;-4.083233475685119629e-01;-4.020476341247558594e-02
2.381467968225479126e-01;-4.016174376010894775e-01;-1.299034059047698975e-02
1.340310424566268921e-01;-2.866990864276885986e-01;-1.793993413448333740e-01
2.436429262161254883e-01;-3.223879039287567139e-01;-9.407699108123779297e-03
2.008898705244064331e-01;-3.343882262706756592e-01;1.501291990280151367e-03
-3.046717345714569092e-01;2.340259253978729248e-01;4.666295051574707031e-01
-3.054179847240447998e-01;1.936941891908645630e-01;4.590666890144348145e-01
-3.046722412109375000e-01;3.125582039356231689e-01;4.579446315765380859e-01
-2.486715316772460938e-01;1.586661189794540405e-01;4.494363963603973389e-01
-3.038550317287445068e-01;1.732012927532196045e-01;5.658499002456665039e-01
-1.749869883060455322e-01;2.376568466424942017e-01;4.275995194911956787e-01
-1.582182794809341431e-01;1.615886688232421875e-01;4.987621903419494629e-01
-1.791374981403350830e-01;1.808859258890151978e-01;3.654498755931854248e-01
-3.915820121765136719e-01;2.977019846439361572e-01;6.113330125808715820e-01
-1.429953873157501221e-01;1.107657551765441895e-01;4.176351726055145264e-01
3.584507107734680176e-02;2.302033454179763794e-01;5.592732504010200500e-02
1.842195242643356323e-01;1.573338508605957031e-01;7.455479353666305542e-02
7.007753103971481323e-02;3.365469276905059814e-01;-8.183524012565612793e-02
1.240693852305412292e-01;3.605016171932220459e-01;1.498499363660812378e-01
5.656107887625694275e-02;6.220220029354095459e-02;1.420989781618118286e-01
1.155870556831359863e-01;4.036770462989807129e-01;1.147311478853225708e-01
2.123161107301712036e-01;1.601130813360214233e-01;-3.567506745457649231e-02
2.504631876945495605e-01;1.862306743860244751e-01;5.713626369833946228e-02
-1.129108965396881104e-01;2.783867120742797852e-01;2.189077436923980713e-01
1.433311402797698975e-01;5.096001923084259033e-02;1.473147273063659668e-01
-3.934721276164054871e-02;-6.769078373908996582e-01;2.971355617046356201e-01
-1.112875938415527344e-01;-6.665610671043395996e-01;2.478961050510406494e-01
7.096429169178009033e-02;-6.822858452796936035e-01;2.380871474742889404e-01
-7.800489664077758789e-03;-6.145786643028259277e-01;1.811879277229309082e-01
-1.531572937965393066e-01;-6.739598512649536133e-01;3.819919824600219727e-01
-1.708590984344482422e-01;-6.691036224365234375e-01;3.501173257827758789e-01
9.034037590026855469e-02;-6.174318790435791016e-01;2.377843260765075684e-01
1.051528006792068481e-01;-6.112651824951171875e-01;3.392069637775421143e-01
-8.397448062896728516e-02;-6.755174398422241211e-01;4.584234058856964111e-01
-1.060374528169631958e-01;-5.840844511985778809e-01;4.225623011589050293e-01
-1.492811143398284912e-01;4.024094343185424805e-01;-4.510603249073028564e-01
-8.760350942611694336e-02;4.497240483760833740e-01;-4.223874211311340332e-01
-1.760360300540924072e-01;4.702797532081604004e-01;-5.355190634727478027e-01
-6.147757172584533691e-02;4.776083230972290039e-01;-3.160335719585418701e-01
-9.783306717872619629e-02;5.556339025497436523e-01;-3.717037737369537354e-01
-9.380553662776947021e-02;5.896421074867248535e-01;-4.934938549995422363e-01
-6.173707544803619385e-02;4.000289142131805420e-01;-2.540681064128875732e-01
-1.190927624702453613e-02;2.509991228580474854e-01;-3.363490998744964600e-01
-1.601351946592330933e-01;5.987285375595092773e-01;-5.807060599327087402e-01
-1.186736077070236206e-01;6.439853906631469727e-01;-3.856053650379180908e-01
-1.885069310665130615e-01;-6.693356633186340332e-01;-3.907107412815093994e-01
-1.006152853369712830e-01;-6.739392280578613281e-01;-3.631796538829803467e-01
-2.411515712738037109e-01;-6.087110042572021484e-01;-4.432164430618286133e-01
-8.728152513504028320e-02;-6.758078932762145996e-01;-3.742075562477111816e-01
-2.648274600505828857e-01;-6.706570386886596680e-01;-4.846269190311431885e-01
-2.193331271409988403e-01;-6.189631223678588867e-01;-5.173045992851257324e-01
-5.586279928684234619e-02;-6.761706471443176270e-01;-3.318351507186889648e-01
-1.999849826097488403e-01;-5.766159892082214355e-01;-5.424230694770812988e-01
-1.485424637794494629e-01;-6.742156744003295898e-01;-5.692691206932067871e-01
-2.149954140186309814e-01;-6.331575512886047363e-01;-5.817734599113464355e-01
2.157653123140335083e-01;1.603789776563644409e-01;-3.777517750859260559e-02
2.605685591697692871e-01;2.884288132190704346e-02;-2.553544472903013229e-03
2.605442404747009277e-01;2.883307449519634247e-02;-2.558797132223844528e-03
2.081257104873657227e-01;4.238701239228248596e-02;1.095756962895393372e-01
2.605555057525634766e-01;2.882200665771961212e-02;-2.560846041887998581e-03
2.174755334854125977e-01;-6.501768529415130615e-02;-5.230392515659332275e-02
2.605435252189636230e-01;2.883491106331348419e-02;-2.571936231106519699e-03
2.595612406730651855e-01;-8.103719353675842285e-02;3.384470567107200623e-02
2.605602145195007324e-01;2.883604355156421661e-02;-2.544389571994543076e-03
2.605633437633514404e-01;2.883280999958515167e-02;-2.553695347160100937e-03
-2.530915141105651855e-01;7.076916098594665527e-01;-5.216419696807861328e-01
-3.845696151256561279e-01;6.955862045288085938e-01;-6.068716645240783691e-01
-3.846980631351470947e-01;6.955075263977050781e-01;-6.068921089172363281e-01
-3.850463330745697021e-01;4.004252552986145020e-01;-6.230952739715576172e-01
-3.846351802349090576e-01;6.955070495605468750e-01;-6.069145202636718750e-01
-1.617568731307983398e-01;5.975722670555114746e-01;-5.857923626899719238e-01
-3.847140967845916748e-01;6.955603957176208496e-01;-6.069118976593017578e-01
-1.536094099283218384e-01;7.025661468505859375e-01;-4.947330951690673828e-01
-3.846945166587829590e-01;6.955689191818237305e-01;-6.067836284637451172e-01
-3.846469521522521973e-01;6.955611705780029297e-01;-6.068595647811889648e-01
-2.668906450271606445e-01;6.662343740463256836e-01;5.294057726860046387e-01
-4.503704905509948730e-01;5.312535762786865234e-01;5.865935087203979492e-01
-4.505291581153869629e-01;5.311851501464843750e-01;5.865572690963745117e-01
-3.698259592056274414e-01;2.955464124679565430e-01;5.898337364196777344e-01
-4.504349827766418457e-01;5.311521887779235840e-01;5.865254402160644531e-01
-2.709337472915649414e-01;3.834306597709655762e-01;4.193953275680541992e-01
-4.505648910999298096e-01;5.312321782112121582e-01;5.865221023559570312e-01
-2.854080498218536377e-01;6.106600761413574219e-01;5.504463911056518555e-01
-4.505030810832977295e-01;5.312436819076538086e-01;5.866788029670715332e-01
-4.504609107971191406e-01;5.312235355377197266e-01;5.865908265113830566e-01
-2.361026704311370850e-01;-5.270259380340576172e-01;5.148857831954956055e-01
-2.313811630010604858e-01;-6.774272918701171875e-01;5.505094528198242188e-01
-2.314271479845046997e-01;-6.774521470069885254e-01;5.505023598670959473e-01
-2.290951758623123169e-01;-6.784309744834899902e-01;5.515536069869995117e-01
-2.314048558473587036e-01;-6.774570345878601074e-01;5.504952073097229004e-01
-1.514747738838195801e-01;-6.656233072280883789e-01;4.037710130214691162e-01
-2.314397841691970825e-01;-6.774353384971618652e-01;5.504890084266662598e-01
-3.349744975566864014e-01;-6.045678257942199707e-01;4.786530137062072754e-01
-2.314242273569107056e-01;-6.774346232414245605e-01;5.505421757698059082e-01
-2.314076572656631470e-01;-6.774414181709289551e-01;5.505115985870361328e-01
1.487111747264862061e-01;-6.812376976013183594e-01;-1.289661526679992676e-01
1.957015544176101685e-01;-7.147554755210876465e-01;-8.087366819381713867e-02
1.956788003444671631e-01;-7.147781252861022949e-01;-8.087543398141860962e-02
1.972390711307525635e-01;-7.141731977462768555e-01;-8.008535951375961304e-02
1.956893503665924072e-01;-7.147692441940307617e-01;-8.087933063507080078e-02
2.075059115886688232e-01;-7.103573679924011230e-01;-1.361855268478393555e-01
1.956654191017150879e-01;-7.147579193115234375e-01;-8.088086545467376709e-02
1.874644756317138672e-01;-7.139210104942321777e-01;-1.621064543724060059e-02
1.956598013639450073e-01;-7.147582173347473145e-01;-8.084239065647125244e-02
1.956822574138641357e-01;-7.147540450096130371e-01;-8.086121827363967896e-02
-2.828244566917419434e-01;7.917173206806182861e-02;-5.605118870735168457e-01
-1.824591755867004395e-01;-6.010980159044265747e-02;-5.804982781410217285e-01
-1.824314445257186890e-01;-6.010603159666061401e-02;-5.804919004440307617e-01
-1.820431351661682129e-01;-2.689758241176605225e-01;-5.256714224815368652e-01
-1.824506819248199463e-01;-6.009570136666297913e-02;-5.804858803749084473e-01
-1.345797032117843628e-01;-8.934154361486434937e-02;-4.676086008548736572e-01
-1.824274361133575439e-01;-6.010916829109191895e-02;-5.804788470268249512e-01
-2.631813883781433105e-01;-1.727773994207382202e-01;-5.867462754249572754e-01
-1.824553757905960083e-01;-6.011055782437324524e-02;-5.804983377456665039e-01
-1.824484616518020630e-01;-6.010120362043380737e-02;-5.804873704910278320e-01
-8.192328736186027527e-03;-2.594119012355804443e-01;1.987509429454803467e-01
-1.726683042943477631e-02;-4.221757352352142334e-01;2.104670703411102295e-01
-1.732531562447547913e-02;-4.222029447555541992e-01;2.104582190513610840e-01
1.294543743133544922e-01;-3.914567530155181885e-01;2.381517440080642700e-01
-1.730171404778957367e-02;-4.222153723239898682e-01;2.104495614767074585e-01
9.789063036441802979e-02;-4.828433394432067871e-01;9.718149155378341675e-02
-1.733388565480709076e-02;-4.221835136413574219e-01;2.104471623897552490e-01
-1.455676406621932983e-01;-3.893489837646484375e-01;3.350130319595336914e-01
-1.732223853468894958e-02;-4.221845269203186035e-01;2.105115652084350586e-01
-1.729675382375717163e-02;-4.221932888031005859e-01;2.104711085557937622e-01
1.331683844327926636e-01;4.101011157035827637e-01;-1.641995012760162354e-01
1.177277415990829468e-01;3.273378610610961914e-01;-3.222705423831939697e-01
1.178049892187118530e-01;3.273733258247375488e-01;-3.222634792327880859e-01
-6.206125020980834961e-02;4.193478226661682129e-01;-2.709506154060363770e-01
1.177705675363540649e-01;3.273954689502716064e-01;-3.222430050373077393e-01
2.649157643318176270e-01;3.222469091415405273e-01;-1.659940928220748901e-01
1.178181618452072144e-01;3.273470103740692139e-01;-3.222446441650390625e-01
-1.134261488914489746e-02;2.505035400390625000e-01;-3.336284160614013672e-01
1.177894398570060730e-01;3.273524641990661621e-01;-3.223167657852172852e-01
1.177676320075988770e-01;3.273561894893646240e-01;-3.222806453704833984e-01
-3.950250893831253052e-02;-3.794471025466918945e-01;-3.492029905319213867e-01
-4.097602516412734985e-02;-4.497162103652954102e-01;-4.260602891445159912e-01
-4.103979468345642090e-02;-4.497286975383758545e-01;-4.260848462581634521e-01
-1.126032918691635132e-01;-5.683971047401428223e-01;-5.431562066078186035e-01
-4.099436849355697632e-02;-4.497176110744476318e-01;-4.260843098163604736e-01
6.853574514389038086e-02;-4.199744164943695068e-01;-2.644140720367431641e-01
-4.100604727864265442e-02;-4.497280716896057129e-01;-4.260689318180084229e-01
-1.609070301055908203e-01;-3.285730481147766113e-01;-4.933960735797882080e-01
-4.102229326963424683e-02;-4.497011601924896240e-01;-4.260527193546295166e-01
-4.103041812777519226e-02;-4.497314095497131348e-01;-4.260969161987304688e-01
-1.211395114660263062e-01;6.426031589508056641e-01;-3.814831674098968506e-01
-9.860379993915557861e-02;7.076849937438964844e-01;-3.705332875251770020e-01
-9.864109754562377930e-02;7.076693177223205566e-01;-3.705418109893798828e-01
-9.504237025976181030e-02;5.573120117187500000e-01;-3.668480813503265381e-01
-9.862636029720306396e-02;7.076756358146667480e-01;-3.705445528030395508e-01
-3.713585436344146729e-03;7.010787725448608398e-01;-2.719033956527709961e-01
-9.861837327480316162e-02;7.076725363731384277e-01;-3.705321550369262695e-01
-1.409731507301330566e-01;7.025374174118041992e-01;-4.788333773612976074e-01
-9.863840788602828979e-02;7.076835036277770996e-01;-3.705215752124786377e-01
-9.863421320915222168e-02;7.076726555824279785e-01;-3.705438077449798584e-01
-1.224429309368133545e-01;7.042329311370849609e-01;3.885685205459594727e-01
-1.327333301305770874e-01;6.584181189537048340e-01;5.140053629875183105e-01
-1.326329708099365234e-01;6.584651470184326172e-01;5.140230059623718262e-01
-2.392511814832687378e-01;4.853597879409790039e-01;5.162346959114074707e-01
-1.326902061700820923e-01;6.584776639938354492e-01;5.140439867973327637e-01
-1.799519360065460205e-02;5.717890262603759766e-01;3.971792459487915039e-01
-1.326161175966262817e-01;6.584247350692749023e-01;5.140365958213806152e-01
-2.656513452529907227e-01;6.291459798812866211e-01;5.543807148933410645e-01
-1.326405405998229980e-01;6.584241986274719238e-01;5.139420032501220703e-01
-1.326722651720046997e-01;6.584344506263732910e-01;5.140032768249511719e-01
1.626713275909423828e-01;5.004203915596008301e-01;8.681307733058929443e-02
2.625748217105865479e-01;3.632084131240844727e-01;1.229412704706192017e-01
2.626063525676727295e-01;3.632214963436126709e-01;1.229473501443862915e-01
1.235886663198471069e-01;3.643588423728942871e-01;1.466064453125000000e-01
2.625904977321624756e-01;3.632148802280426025e-01;1.229507327079772949e-01
2.460509687662124634e-01;3.517827093601226807e-01;1.873536407947540283e-02
2.625923752784729004e-01;3.632151484489440918e-01;1.229459121823310852e-01
2.684749960899353027e-01;2.842643558979034424e-01;1.132957637310028076e-01
2.626021802425384521e-01;3.632071018218994141e-01;1.229303702712059021e-01
2.625972628593444824e-01;3.632169067859649658e-01;1.229499876499176025e-01
1.631620526313781738e-01;7.335632443428039551e-01;1.051492691040039062e-01
2.082367986440658569e-01;7.294706702232360840e-01;1.755391061305999756e-01
2.082390934228897095e-01;7.294752597808837891e-01;1.755312383174896240e-01
2.061862051486968994e-01;7.277439236640930176e-01;1.766712367534637451e-01
2.082471251487731934e-01;7.294766902923583984e-01;1.755344569683074951e-01
1.861926019191741943e-01;7.350356578826904297e-01;6.860796362161636353e-02
2.082439363002777100e-01;7.294711470603942871e-01;1.755389869213104248e-01
2.073376327753067017e-01;6.669061779975891113e-01;1.273916810750961304e-01
2.082372903823852539e-01;7.294794917106628418e-01;1.755307912826538086e-01
2.082346826791763306e-01;7.294748425483703613e-01;1.755318790674209595e-01
-2.569334506988525391e-01;-1.743086576461791992e-01;-5.897011160850524902e-01
-4.113933145999908447e-01;-3.604234457015991211e-01;-6.546543836593627930e-01
-4.114027321338653564e-01;-3.604219257831573486e-01;-6.546563506126403809e-01
-3.522647619247436523e-01;-5.997149348258972168e-01;-5.811462402343750000e-01
-4.114026129245758057e-01;-3.604232072830200195e-01;-6.546553969383239746e-01
-2.230378389358520508e-01;-3.247299492359161377e-01;-5.844992399215698242e-01
-4.113841056823730469e-01;-3.604307770729064941e-01;-6.546521782875061035e-01
-1.741916239261627197e-01;-2.882547974586486816e-01;-5.306969881057739258e-01
-4.113925695419311523e-01;-3.604257702827453613e-01;-6.546591520309448242e-01
-4.113999009132385254e-01;-3.604311347007751465e-01;-6.546598076820373535e-01
-3.164624422788619995e-02;5.966790765523910522e-02;2.680023312568664551e-01
6.769348680973052979e-02;-7.205421477556228638e-02;2.481232285499572754e-01
6.759104877710342407e-02;-7.211388647556304932e-02;2.480915635824203491e-01
1.357284486293792725e-01;-1.373827159404754639e-01;1.474250257015228271e-01
6.765964627265930176e-02;-7.209415733814239502e-02;2.480784803628921509e-01
1.447245180606842041e-01;4.893701523542404175e-02;1.448584049940109253e-01
6.758175790309906006e-02;-7.206355780363082886e-02;2.480902671813964844e-01
-9.665254503488540649e-02;-1.339655667543411255e-01;2.670098841190338135e-01
6.757738441228866577e-02;-7.204614579677581787e-02;2.481845617294311523e-01
6.761715561151504517e-02;-7.206477969884872437e-02;2.481127530336380005e-01
2.000979185104370117e-01;-4.791563153266906738e-01;5.337368696928024292e-02
2.330919355154037476e-01;-5.382050275802612305e-01;1.495814174413681030e-01
2.331549972295761108e-01;-5.381802320480346680e-01;1.495956033468246460e-01
1.427261382341384888e-01;-4.559118151664733887e-01;2.217420041561126709e-01
2.331204414367675781e-01;-5.381715893745422363e-01;1.496034115552902222e-01
1.907246857881546021e-01;-5.640841722488403320e-01;7.305595278739929199e-02
2.331503778696060181e-01;-5.381959080696105957e-01;1.496011167764663696e-01
2.010623067617416382e-01;-6.850408911705017090e-01;1.430897712707519531e-01
2.331306785345077515e-01;-5.381997227668762207e-01;1.495562940835952759e-01
2.331254631280899048e-01;-5.381861925125122070e-01;1.495916545391082764e-01
-2.716326117515563965e-01;-3.095657825469970703e-01;4.575100243091583252e-01
-1.733851730823516846e-01;-4.436622858047485352e-01;4.314625561237335205e-01
-1.733972132205963135e-01;-4.436665177345275879e-01;4.314565062522888184e-01
-1.064575836062431335e-01;-5.840308070182800293e-01;4.222291707992553711e-01
-1.733894050121307373e-01;-4.436746537685394287e-01;4.314541518688201904e-01
-7.970160245895385742e-02;-3.399595916271209717e-01;4.061354696750640869e-01
-1.734097599983215332e-01;-4.436634182929992676e-01;4.314510226249694824e-01
-2.348480522632598877e-01;-5.280025601387023926e-01;5.137986540794372559e-01
-1.733960211277008057e-01;-4.436632394790649414e-01;4.314702749252319336e-01
-1.733908802270889282e-01;-4.436639845371246338e-01;4.314633309841156006e-01
-1.259042695164680481e-02;2.523269653320312500e-01;-3.350907862186431885e-01
-4.700738191604614258e-02;1.445827186107635498e-01;-4.279893636703491211e-01
-4.706601053476333618e-02;1.445582211017608643e-01;-4.280124604701995850e-01
1.082150265574455261e-02;-6.535893678665161133e-02;-3.587947487831115723e-01
-4.702140763401985168e-02;1.445712596178054810e-01;-4.280167520046234131e-01
-1.060318499803543091e-01;1.002303510904312134e-01;-3.494400382041931152e-01
-4.706255719065666199e-02;1.445769220590591431e-01;-4.280104637145996094e-01
-1.667650192975997925e-01;1.421376168727874756e-01;-5.832092761993408203e-01
-4.707412421703338623e-02;1.445951759815216064e-01;-4.279600679874420166e-01
-4.705427587032318115e-02;1.445782631635665894e-01;-4.280056953430175781e-01
2.569483220577239990e-01;-1.599602699279785156e-01;4.768124967813491821e-02
2.590925097465515137e-01;-2.401012331247329712e-01;7.073158025741577148e-02
2.590444684028625488e-01;-2.401209026575088501e-01;7.072125375270843506e-02
2.594417333602905273e-01;-2.375826537609100342e-01;9.913774579763412476e-02
2.590688467025756836e-01;-2.401311546564102173e-01;7.071886956691741943e-02
2.152834385633468628e-01;-3.020530343055725098e-01;-1.531984657049179077e-02
2.590331137180328369e-01;-2.401096820831298828e-01;7.070696353912353516e-02
2.530387043952941895e-01;-2.912738323211669922e-01;9.788045287132263184e-02
2.590528726577758789e-01;-2.401068359613418579e-01;7.076413929462432861e-02
2.590692937374114990e-01;-2.401142120361328125e-01;7.073494791984558105e-02
