1.713435202836990356e-01;-7.062513381242752075e-02;-3.522874787449836731e-02
2.180280238389968872e-01;-6.556680053472518921e-02;-5.375420302152633667e-02
2.385301440954208374e-01;1.086232624948024750e-02;-9.094739705324172974e-02
2.423087060451507568e-01;2.294285222887992859e-03;1.877734810113906860e-02
2.071792483329772949e-01;4.150772094726562500e-02;1.085596531629562378e-01
2.600015103816986084e-01;-8.180078119039535522e-02;3.234438598155975342e-02
2.673381567001342773e-01;-6.557116657495498657e-02;9.311944991350173950e-02
2.605584263801574707e-01;2.884064801037311554e-02;-2.547591459006071091e-03
2.222032248973846436e-01;1.589191406965255737e-01;-7.250558584928512573e-02
2.123161107301712036e-01;1.601130813360214233e-01;-3.567506745457649231e-02
-3.996730744838714600e-01;3.980158567428588867e-01;-6.523354053497314453e-01
-4.265142083168029785e-01;5.642501115798950195e-01;-6.696115136146545410e-01
-3.846509456634521484e-01;6.955618858337402344e-01;-6.068256497383117676e-01
-3.466778993606567383e-01;6.949558258056640625e-01;-5.258921980857849121e-01
-2.795752882957458496e-01;6.405934691429138184e-01;-5.891677141189575195e-01
-2.571214735507965088e-01;7.083771228790283203e-01;-5.137768387794494629e-01
-1.760360300540924072e-01;4.702797532081604004e-01;-5.355190634727478027e-01
-1.601351946592330933e-01;5.987285375595092773e-01;-5.807060599327087402e-01
-1.280744671821594238e-01;7.035360932350158691e-01;-5.809346437454223633e-01
-1.301868557929992676e-01;7.095111608505249023e-01;-4.801377654075622559e-01
-3.046722412109375000e-01;3.125582039356231689e-01;4.579446315765380859e-01
-3.915820121765136719e-01;2.977019846439361572e-01;6.113330125808715820e-01
-4.183613955974578857e-01;4.005308747291564941e-01;6.277754902839660645e-01
-4.504605233669281006e-01;5.312359333038330078e-01;5.866306424140930176e-01
-3.650643229484558105e-01;5.910586714744567871e-01;5.916048288345336914e-01
-3.364607989788055420e-01;6.405926942825317383e-01;4.762700498104095459e-01
-2.588732838630676270e-01;6.325399279594421387e-01;5.533751249313354492e-01
-2.179625034332275391e-01;4.438727200031280518e-01;3.940425515174865723e-01
-2.387095242738723755e-01;4.823639094829559326e-01;5.126903653144836426e-01
-1.731686294078826904e-01;6.533225178718566895e-01;4.732227921485900879e-01
-3.382804393768310547e-01;-6.047760248184204102e-01;4.770192801952362061e-01
-2.949098944664001465e-01;-6.669238805770874023e-01;4.632011950016021729e-01
-1.531572937965393066e-01;-6.739598512649536133e-01;3.819919824600219727e-01
-1.809401959180831909e-01;-6.215943694114685059e-01;4.447546005249023438e-01
-8.397448062896728516e-02;-6.755174398422241211e-01;4.584234058856964111e-01
-2.314087748527526855e-01;-6.774367690086364746e-01;5.505260825157165527e-01
-8.036842942237854004e-02;-6.678330898284912109e-01;5.492986440658569336e-01
-2.910533845424652100e-01;-5.758723616600036621e-01;5.310870409011840820e-01
-2.327341288328170776e-01;-5.291466712951660156e-01;5.149590373039245605e-01
-1.060374379158020020e-01;-5.840844511985778809e-01;4.225623011589050293e-01
1.620993465185165405e-01;-7.049540877342224121e-01;-1.164054870605468750e-01
1.452626287937164307e-01;-6.806570887565612793e-01;-1.375322937965393066e-01
1.194763705134391785e-01;-6.982257366180419922e-01;-6.021993607282638550e-02
1.914419382810592651e-01;-7.158895134925842285e-01;-3.782777115702629089e-02
1.908564567565917969e-01;-7.159628272056579590e-01;-1.418536901473999023e-02
1.986787915229797363e-01;-7.050656080245971680e-01;-1.549164205789566040e-01
2.189365625381469727e-01;-7.040557265281677246e-01;-1.621425896883010864e-01
2.003855109214782715e-01;-7.141148447990417480e-01;-1.053913161158561707e-01
2.071913778781890869e-01;-7.112796902656555176e-01;-1.280683279037475586e-01
1.956837028264999390e-01;-7.147654294967651367e-01;-8.085791766643524170e-02
-2.646360099315643311e-01;-1.719695329666137695e-01;-5.893544554710388184e-01
-2.425777465105056763e-01;-2.417570650577545166e-01;-4.763847291469573975e-01
-1.767103821039199829e-01;-2.910141050815582275e-01;-5.347922444343566895e-01
-1.347889304161071777e-01;-8.822813630104064941e-02;-4.709997475147247314e-01
-9.129325300455093384e-02;-9.419775754213333130e-02;-4.277926385402679443e-01
-1.824486106634140015e-01;-6.011275574564933777e-02;-5.804997086524963379e-01
-3.806967437267303467e-01;7.915237545967102051e-02;-6.383289694786071777e-01
-3.344630897045135498e-01;8.191458880901336670e-02;-6.059336662292480469e-01
-2.788799703121185303e-01;7.842056453227996826e-02;-5.562001466751098633e-01
-1.654644906520843506e-01;1.453411430120468140e-01;-5.805908441543579102e-01
-1.469627022743225098e-01;-3.946388959884643555e-01;3.304691314697265625e-01
-7.800488732755184174e-03;-6.145786643028259277e-01;1.811879277229309082e-01
6.573551148176193237e-02;-4.843885302543640137e-01;6.000207364559173584e-02
9.874486923217773438e-02;-4.803062379360198975e-01;1.002354994416236877e-01
-1.730136387050151825e-02;-4.221861660480499268e-01;2.104842811822891235e-01
-2.608365379273891449e-03;-4.313077330589294434e-01;3.516478538513183594e-01
1.435161828994750977e-01;-4.501561522483825684e-01;2.218046337366104126e-01
1.311166584491729736e-01;-3.886048197746276855e-01;2.362750619649887085e-01
-1.061299517750740051e-01;-2.820720970630645752e-01;2.819429039955139160e-01
-8.875562809407711029e-03;-2.610786557197570801e-01;1.991405487060546875e-01
-1.190929114818572998e-02;2.509991228580474854e-01;-3.363490998744964600e-01
-5.815589427947998047e-02;2.243015170097351074e-01;-2.118291854858398438e-01
-6.173707544803619385e-02;4.000289142131805420e-01;-2.540681064128875732e-01
1.177751272916793823e-01;3.273529708385467529e-01;-3.222984373569488525e-01
1.386997699737548828e-01;3.390847146511077881e-01;-1.878146827220916748e-01
1.321097314357757568e-01;4.087755978107452393e-01;-1.614053249359130859e-01
2.460794150829315186e-01;2.789419889450073242e-01;-1.514124572277069092e-01
7.007753103971481323e-02;3.365469276905059814e-01;-8.183524012565612793e-02
-6.147757172584533691e-02;4.776083230972290039e-01;-3.160335719585418701e-01
2.335210144519805908e-01;4.517744481563568115e-01;-1.810496747493743896e-01
-1.999849826097488403e-01;-5.766159892082214355e-01;-5.424230694770812988e-01
-1.169251948595046997e-01;-6.015144586563110352e-01;-5.806517004966735840e-01
-1.382466256618499756e-01;-4.760646820068359375e-01;-5.806568861007690430e-01
-6.143103912472724915e-02;-4.869482219219207764e-01;-3.559968769550323486e-01
-2.434554696083068848e-02;-5.535793304443359375e-01;-4.793634712696075439e-01
2.249607071280479431e-02;-5.505478978157043457e-01;-3.056843578815460205e-01
-4.101203009486198425e-02;-4.497011005878448486e-01;-4.260794520378112793e-01
-4.270494729280471802e-02;-3.802695870399475098e-01;-3.529733419418334961e-01
6.972548365592956543e-02;-4.152335822582244873e-01;-2.626240849494934082e-01
-1.614239960908889771e-01;-3.283911645412445068e-01;-4.911088645458221436e-01
-2.571214735507965088e-01;7.083771228790283203e-01;-5.137768387794494629e-01
-1.186736077070236206e-01;6.439853906631469727e-01;-3.856053650379180908e-01
-1.280744820833206177e-01;7.035360932350158691e-01;-5.809346437454223633e-01
-1.301868557929992676e-01;7.095111608505249023e-01;-4.801377654075622559e-01
-9.380553662776947021e-02;5.896421074867248535e-01;-4.934938549995422363e-01
-9.783306717872619629e-02;5.556339025497436523e-01;-3.717037737369537354e-01
-9.863192588090896606e-02;7.076858282089233398e-01;-3.705347478389739990e-01
-8.603667467832565308e-02;7.049398422241210938e-01;-3.133704364299774170e-01
-2.147314697504043579e-02;7.066532373428344727e-01;-2.382980585098266602e-01
7.626723498106002808e-02;6.603829264640808105e-01;-3.720470368862152100e-01
-2.387095242738723755e-01;4.823639094829559326e-01;5.126903653144836426e-01
-3.364607989788055420e-01;6.405926942825317383e-01;4.762700498104095459e-01
-1.681255400180816650e-01;6.417453289031982422e-01;3.628972470760345459e-01
-1.731686443090438843e-01;6.533225178718566895e-01;4.732227921485900879e-01
-2.588732838630676270e-01;6.325399279594421387e-01;5.533751249313354492e-01
-1.028805747628211975e-01;7.092291712760925293e-01;3.947151303291320801e-01
-1.019982695579528809e-01;7.099545598030090332e-01;4.201697409152984619e-01
-4.561856389045715332e-02;6.736873984336853027e-01;4.161325097084045410e-01
-9.110763669013977051e-03;5.604059100151062012e-01;4.087181687355041504e-01
-1.326732188463211060e-01;6.584314703941345215e-01;5.139780640602111816e-01
2.504631876945495605e-01;1.862306743860244751e-01;5.713626742362976074e-02
2.355956733226776123e-01;3.432313203811645508e-01;6.102745607495307922e-02
2.474414855241775513e-01;3.518757522106170654e-01;2.149264514446258545e-02
2.440747916698455811e-01;3.550448119640350342e-01;-1.825743913650512695e-02
1.240693926811218262e-01;3.605016171932220459e-01;1.498499363660812378e-01
1.155870556831359863e-01;4.036770462989807129e-01;1.147311478853225708e-01
2.560695707798004150e-01;4.036253690719604492e-01;1.456255316734313965e-01
2.668959796428680420e-01;2.861411869525909424e-01;1.156125068664550781e-01
2.625956833362579346e-01;3.632071912288665771e-01;1.229419559240341187e-01
1.648505777120590210e-01;5.013072490692138672e-01;8.864823728799819946e-02
1.911041140556335449e-01;6.697170138359069824e-01;1.060441657900810242e-01
1.530952155590057373e-01;7.348635792732238770e-01;9.532741457223892212e-02
1.487057358026504517e-01;7.354260683059692383e-01;7.865749299526214600e-02
1.581321209669113159e-01;7.358502745628356934e-01;9.696838259696960449e-02
1.821461319923400879e-01;7.374441623687744141e-01;1.189944818615913391e-01
1.597432047128677368e-01;7.138506174087524414e-01;2.705405950546264648e-01
2.199742347002029419e-01;7.039801478385925293e-01;1.178228482604026794e-01
2.106229066848754883e-01;6.715222001075744629e-01;1.413392275571823120e-01
2.205249667167663574e-01;7.373142242431640625e-01;1.429584473371505737e-01
2.082413434982299805e-01;7.294768095016479492e-01;1.755293011665344238e-01
-3.678465485572814941e-01;-6.700280904769897461e-01;-5.887710452079772949e-01
-3.842591941356658936e-01;-5.609819293022155762e-01;-6.012977361679077148e-01
-4.114004969596862793e-01;-3.604204952716827393e-01;-6.546595692634582520e-01
-3.747879564762115479e-01;-2.793927192687988281e-01;-5.536793470382690430e-01
-2.250180244445800781e-01;-3.179326653480529785e-01;-5.827945470809936523e-01
-2.646360099315643311e-01;-1.719695329666137695e-01;-5.893544554710388184e-01
-2.425777465105056763e-01;-2.417570650577545166e-01;-4.763847291469573975e-01
-1.382466256618499756e-01;-4.760646820068359375e-01;-5.806568861007690430e-01
-1.767103821039199829e-01;-2.910141050815582275e-01;-5.347922444343566895e-01
-1.614239960908889771e-01;-3.283911645412445068e-01;-4.911088645458221436e-01
-8.875563740730285645e-03;-2.610786557197570801e-01;1.991405487060546875e-01
4.075632244348526001e-02;-6.187888979911804199e-02;1.132453829050064087e-01
-9.558220952749252319e-02;-1.326526552438735962e-01;2.660073935985565186e-01
-8.553508669137954712e-02;-2.745006978511810303e-02;4.051948189735412598e-01
1.363854706287384033e-01;-1.379313766956329346e-01;1.450224816799163818e-01
6.763107329607009888e-02;-7.206281274557113647e-02;2.481407970190048218e-01
5.656107887625694275e-02;6.220219284296035767e-02;1.420989781618118286e-01
-3.203547745943069458e-02;5.933906883001327515e-02;2.656705379486083984e-01
1.433311402797698975e-01;5.096001178026199341e-02;1.473147273063659668e-01
2.071792483329772949e-01;4.150772094726562500e-02;1.085596531629562378e-01
1.762531548738479614e-01;-7.015240192413330078e-01;1.153242588043212891e-01
2.073017060756683350e-01;-6.940025091171264648e-01;1.339018046855926514e-01
1.745899915695190430e-01;-6.538378596305847168e-01;1.596069633960723877e-01
9.874486923217773438e-02;-4.803062379360198975e-01;1.002354994416236877e-01
1.681195944547653198e-01;-5.932496190071105957e-01;6.223658472299575806e-02
1.912893056869506836e-01;-5.650646686553955078e-01;7.357846200466156006e-02
1.992127299308776855e-01;-4.853267073631286621e-01;5.224756896495819092e-02
1.435161828994750977e-01;-4.501561522483825684e-01;2.218046337366104126e-01
2.445437610149383545e-01;-4.479520916938781738e-01;9.034726023674011230e-02
2.331256568431854248e-01;-5.382015109062194824e-01;1.495725512504577637e-01
-1.809401959180831909e-01;-6.215943694114685059e-01;4.447546005249023438e-01
-3.176604509353637695e-01;-4.289974272251129150e-01;4.164488017559051514e-01
-2.327341288328170776e-01;-5.291466712951660156e-01;5.149590373039245605e-01
-1.060374453663825989e-01;-5.840844511985778809e-01;4.225623011589050293e-01
-1.469627022743225098e-01;-3.946388959884643555e-01;3.304691314697265625e-01
-1.733911335468292236e-01;-4.436648488044738770e-01;4.314665198326110840e-01
-1.287067532539367676e-01;-4.334016740322113037e-01;5.492995977401733398e-01
-2.762905657291412354e-01;-3.118319809436798096e-01;4.573380649089813232e-01
-2.319042831659317017e-01;-2.824284434318542480e-01;4.451578557491302490e-01
-7.939189672470092773e-02;-3.375675976276397705e-01;4.099063575267791748e-01
-9.129325300455093384e-02;-9.419775009155273438e-02;-4.277926385402679443e-01
-1.501901149749755859e-01;-8.824154734611511230e-03;-3.240419924259185791e-01
-1.654644906520843506e-01;1.453411430120468140e-01;-5.805908441543579102e-01
-1.068090647459030151e-01;1.013010665774345398e-01;-3.506296277046203613e-01
1.077567785978317261e-02;-6.460815668106079102e-02;-3.583216667175292969e-01
4.228511452674865723e-02;-2.755677700042724609e-02;-3.028340935707092285e-01
-4.704144597053527832e-02;1.445870399475097656e-01;-4.279947578907012939e-01
-5.815589427947998047e-02;2.243015170097351074e-01;-2.118291854858398438e-01
-1.102211326360702515e-02;1.162449195981025696e-01;-2.144652158021926880e-01
-1.190928369760513306e-02;2.509991228580474854e-01;-3.363490998744964600e-01
2.008898705244064331e-01;-3.343882262706756592e-01;1.501291990280151367e-03
2.436429262161254883e-01;-3.223879039287567139e-01;-9.407691657543182373e-03
2.035878896713256836e-01;-2.363558709621429443e-01;-2.783813327550888062e-02
1.659716516733169556e-01;-2.260791063308715820e-01;-2.982256561517715454e-02
2.126619368791580200e-01;-1.784467548131942749e-01;-1.546099781990051270e-02
2.520115673542022705e-01;-2.904821634292602539e-01;9.884784370660781860e-02
2.597380280494689941e-01;-1.612605303525924683e-01;4.811801388859748840e-02
2.590668797492980957e-01;-2.401077449321746826e-01;7.074404507875442505e-02
2.600015103816986084e-01;-8.180078864097595215e-02;3.234438598155975342e-02
2.658099830150604248e-01;-1.386056393384933472e-01;9.911735355854034424e-02
