-4.926291108131408691e-01;-3.909260928630828857e-01;-6.394689083099365234e-01
-4.839337170124053955e-01;-4.218666553497314453e-01;-5.956189036369323730e-01
-4.816333353519439697e-01;-3.379623889923095703e-01;-5.959413051605224609e-01
-3.122707307338714600e-01;-3.748811185359954834e-01;-4.439163804054260254e-01
-4.431491494178771973e-01;-1.140182018280029297e-01;-5.958941578865051270e-01
-2.189932465553283691e-01;-2.635252475738525391e-01;-5.325546264648437500e-01
-2.164660990238189697e-01;-3.394010365009307861e-01;-4.485524892807006836e-01
-2.056518197059631348e-01;-4.970107674598693848e-01;-4.882198572158813477e-01
-1.865264773368835449e-01;-5.036033391952514648e-01;-5.324001908302307129e-01
-2.196273207664489746e-01;-5.892313718795776367e-01;-5.323998928070068359e-01
2.472677677869796753e-01;-7.704642415046691895e-01;1.094791144132614136e-01
2.431483715772628784e-01;-7.730435729026794434e-01;8.757673949003219604e-02
2.401473373174667358e-01;-7.750614881515502930e-01;6.590624153614044189e-02
1.722617745399475098e-01;-7.667654752731323242e-01;9.249728918075561523e-02
2.222549319267272949e-01;-7.661253809928894043e-01;3.320799767971038818e-02
1.960657536983489990e-01;-6.852576136589050293e-01;8.651702851057052612e-02
1.501768976449966431e-01;-7.650039792060852051e-01;6.636250764131546021e-02
2.346791625022888184e-01;-7.789272069931030273e-01;1.657731831073760986e-03
2.453742921352386475e-01;-6.580803990364074707e-01;1.708508878946304321e-01
1.220152974128723145e-01;-7.616353631019592285e-01;5.428003147244453430e-02
2.341868132352828979e-01;8.624538779258728027e-01;1.181427855044603348e-03
2.212498039007186890e-01;8.503652215003967285e-01;1.986476592719554901e-02
2.201223969459533691e-01;8.479663729667663574e-01;-4.431181028485298157e-02
2.364117801189422607e-01;8.600757718086242676e-01;6.027014926075935364e-02
2.408452481031417847e-01;8.579728603363037109e-01;-7.327976822853088379e-02
2.389293313026428223e-01;7.807006239891052246e-01;2.192278578877449036e-02
1.896942555904388428e-01;8.546358346939086914e-01;7.433333992958068848e-02
2.281854003667831421e-01;8.453134298324584961e-01;9.789258241653442383e-02
1.316247582435607910e-01;8.344157338142395020e-01;-5.022241966798901558e-04
1.362501382827758789e-01;8.491159081459045410e-01;-4.785351455211639404e-02
-2.948102653026580811e-01;1.852702796459197998e-01;-5.061895847320556641e-01
-2.824801504611968994e-01;2.783829271793365479e-01;-5.353354811668395996e-01
-2.214801013469696045e-01;6.571605801582336426e-02;-4.841082096099853516e-01
-2.233177870512008667e-01;3.411900997161865234e-02;-5.331155657768249512e-01
-3.444518446922302246e-01;5.248826742172241211e-02;-4.100850522518157959e-01
-4.590856432914733887e-01;1.597968041896820068e-01;-5.819693803787231445e-01
-4.573042988777160645e-01;1.106667593121528625e-01;-6.045970320701599121e-01
-2.288751304149627686e-01;3.866033256053924561e-01;-4.906695187091827393e-01
-4.824467599391937256e-01;1.705310940742492676e-01;-6.291406154632568359e-01
-1.686036586761474609e-01;1.383376419544219971e-01;-3.156754970550537109e-01
1.965407840907573700e-02;-7.049819231033325195e-01;-5.324807167053222656e-01
1.843981258571147919e-02;-7.050540447235107422e-01;-5.324807763099670410e-01
-1.312982589006423950e-01;-7.132387757301330566e-01;-5.324834585189819336e-01
-1.541215330362319946e-01;-7.221011519432067871e-01;-4.567309916019439697e-01
-1.699559837579727173e-01;-6.554873585700988770e-01;-5.324163436889648438e-01
-1.579989045858383179e-01;-6.578249335289001465e-01;-4.178083837032318115e-01
-2.196273058652877808e-01;-5.892313718795776367e-01;-5.323998928070068359e-01
-1.172736585140228271e-01;-5.320723652839660645e-01;-3.663566410541534424e-01
-1.865264773368835449e-01;-5.036033391952514648e-01;-5.324001908302307129e-01
-1.592610180377960205e-01;-6.607100367546081543e-01;-2.976572513580322266e-01
1.365363597869873047e-01;-3.469375669956207275e-01;2.632268965244293213e-01
1.868461072444915771e-02;-3.416540026664733887e-01;2.845514416694641113e-01
2.019114196300506592e-01;-2.435796707868576050e-01;2.089471518993377686e-01
9.892755746841430664e-02;-4.560337066650390625e-01;1.656213551759719849e-01
2.655735909938812256e-01;-3.933566808700561523e-01;1.890304982662200928e-01
1.382799297571182251e-01;-1.627578735351562500e-01;2.410238832235336304e-01
2.609484493732452393e-01;-2.616996169090270996e-01;1.481365710496902466e-01
5.582231283187866211e-02;-5.156978964805603027e-01;1.319258064031600952e-01
2.209713160991668701e-01;-4.662377834320068359e-01;8.309997618198394775e-02
2.390387505292892456e-01;-3.251543045043945312e-01;4.811204969882965088e-02
-4.803008735179901123e-01;5.224897265434265137e-01;6.306895017623901367e-01
-4.392090141773223877e-01;5.068293213844299316e-01;5.398991703987121582e-01
-3.150749802589416504e-01;4.069311320781707764e-01;5.441227555274963379e-01
-3.177167475223541260e-01;5.496882796287536621e-01;4.546747505664825439e-01
-3.132395744323730469e-01;5.972855687141418457e-01;4.445568323135375977e-01
-3.186445534229278564e-01;3.724113404750823975e-01;4.553996026515960693e-01
-2.007052004337310791e-01;4.635115265846252441e-01;5.364942550659179688e-01
-3.060703873634338379e-01;2.759631872177124023e-01;4.783297479152679443e-01
-1.856594681739807129e-01;4.257118701934814453e-01;4.901315569877624512e-01
-2.367987930774688721e-01;7.460457682609558105e-01;4.652286171913146973e-01
2.109429985284805298e-01;3.114960901439189911e-02;2.432811260223388672e-01
2.801464796066284180e-01;-3.527195006608963013e-02;2.258578985929489136e-01
2.171573191881179810e-01;-1.028347760438919067e-01;1.990035176277160645e-01
2.462493926286697388e-01;2.933509834110736847e-02;1.007779240608215332e-01
2.759305238723754883e-01;-1.256339251995086670e-01;2.064505517482757568e-01
1.670670211315155029e-01;-8.512191474437713623e-02;1.156036257743835449e-01
1.537468880414962769e-01;1.303744614124298096e-01;7.761824131011962891e-02
1.382799297571182251e-01;-1.627578735351562500e-01;2.410238832235336304e-01
3.325621783733367920e-02;-5.487798899412155151e-02;1.728858500719070435e-01
2.606660723686218262e-01;2.006695866584777832e-01;1.264949440956115723e-01
1.393336355686187744e-01;5.239384174346923828e-01;-2.071241587400436401e-01
1.878018230199813843e-01;4.242497086524963379e-01;-1.667105108499526978e-01
2.763412296772003174e-01;4.306589066982269287e-01;-2.149709165096282959e-01
7.061354070901870728e-02;5.578064322471618652e-01;-5.601866543292999268e-02
3.345011174678802490e-02;6.100016236305236816e-01;-3.181666135787963867e-01
1.704625785350799561e-01;5.351200699806213379e-01;-2.831055223941802979e-02
2.445529401302337646e-01;4.726483225822448730e-01;-6.226861476898193359e-02
-2.114948630332946777e-02;6.243606805801391602e-01;-2.731741070747375488e-01
2.235982418060302734e-01;7.062687277793884277e-01;-1.804249435663223267e-01
1.954255253076553345e-01;7.044245004653930664e-01;-1.267077177762985229e-01
-3.242004662752151489e-02;5.555242896080017090e-01;2.848181128501892090e-01
-1.501636058092117310e-01;5.443400740623474121e-01;3.121739029884338379e-01
1.661739498376846313e-02;5.106483697891235352e-01;1.545103341341018677e-01
-5.736640840768814087e-02;3.863835930824279785e-01;2.105212360620498657e-01
9.828621894121170044e-02;3.833052515983581543e-01;2.484660446643829346e-01
-1.848374009132385254e-01;4.229971170425415039e-01;4.109477102756500244e-01
-1.095463782548904419e-01;7.469285726547241211e-01;4.172876477241516113e-01
-1.900965273380279541e-01;4.118888676166534424e-01;4.098682105541229248e-01
-1.762638390064239502e-01;3.728059828281402588e-01;3.779990077018737793e-01
7.218879461288452148e-02;4.094562828540802002e-01;1.007310450077056885e-01
-4.489904642105102539e-01;-7.217705994844436646e-02;6.023580431938171387e-01
-3.665649592876434326e-01;4.691369086503982544e-02;5.581924915313720703e-01
-4.125744402408599854e-01;-4.703298211097717285e-02;4.490632414817810059e-01
-2.513253092765808105e-01;-6.884932518005371094e-02;5.003538131713867188e-01
-3.347832262516021729e-01;-2.163420617580413818e-01;4.642335474491119385e-01
-4.213442206382751465e-01;1.437479257583618164e-01;5.003343224525451660e-01
-2.868781387805938721e-01;-1.518376022577285767e-01;4.430266320705413818e-01
-3.049636781215667725e-01;-4.976940527558326721e-02;4.032897651195526123e-01
-2.649318575859069824e-01;-3.825543075799942017e-02;4.360796511173248291e-01
-4.261788129806518555e-01;-3.165160715579986572e-01;5.357893705368041992e-01
-6.609466392546892166e-03;-2.385729551315307617e-01;-7.752130180597305298e-02
6.388834863901138306e-02;-2.875149548053741455e-01;-5.150733515620231628e-02
4.082953929901123047e-02;-1.787829846143722534e-01;-9.455196559429168701e-03
-2.820000611245632172e-02;-1.918630003929138184e-01;-1.955161988735198975e-01
7.296377327293157578e-03;-3.626317083835601807e-01;-1.301942914724349976e-01
-1.380998548120260239e-02;-7.643762230873107910e-02;-1.316622644662857056e-01
1.684253513813018799e-01;-2.243957370519638062e-01;-1.027430295944213867e-01
1.477424800395965576e-01;-3.261557817459106445e-01;-6.837724149227142334e-02
1.830701678991317749e-01;-3.032942414283752441e-01;-3.040072694420814514e-02
-1.646831445395946503e-02;-1.393404155969619751e-01;1.039490923285484314e-01
-8.565028011798858643e-02;-3.860952556133270264e-01;4.312701523303985596e-01
-1.368825286626815796e-01;-4.991331398487091064e-01;4.040047824382781982e-01
-2.047496438026428223e-01;-3.253726959228515625e-01;4.467428922653198242e-01
-1.775773167610168457e-01;-2.725676000118255615e-01;4.861690104007720947e-01
-2.321749627590179443e-01;-4.682735502719879150e-01;4.228560328483581543e-01
-2.513343989849090576e-01;-3.514877855777740479e-01;4.291307628154754639e-01
-1.822163462638854980e-01;-5.266409516334533691e-01;4.451539814472198486e-01
1.868461072444915771e-02;-3.416540026664733887e-01;2.845514416694641113e-01
-7.571814954280853271e-02;-1.872110366821289062e-01;3.897134661674499512e-01
-8.128265291452407837e-02;-5.877070426940917969e-01;3.901690840721130371e-01
