-2.762184441089630127e-01;6.055592894554138184e-01;5.654770135879516602e-01
-3.058754503726959229e-01;5.607492923736572266e-01;5.022943615913391113e-01
-2.937949597835540771e-01;5.258351564407348633e-01;4.641571938991546631e-01
-3.369822800159454346e-01;4.706509113311767578e-01;5.493521690368652344e-01
-2.467773556709289551e-01;5.013061761856079102e-01;4.419772326946258545e-01
-2.503730654716491699e-01;6.752192974090576172e-01;4.064578115940093994e-01
-3.478207886219024658e-01;4.241191148757934570e-01;5.135906934738159180e-01
-1.461652815341949463e-01;6.829902529716491699e-01;4.058991074562072754e-01
-1.175429522991180420e-01;6.836718916893005371e-01;4.261353611946105957e-01
-1.267177015542984009e-01;6.236727833747863770e-01;3.967509567737579346e-01
-4.168156087398529053e-01;-6.609788537025451660e-01;6.239966154098510742e-01
-2.385618686676025391e-01;-6.756537556648254395e-01;4.481794834136962891e-01
-2.535472214221954346e-01;-5.741748809814453125e-01;4.523417651653289795e-01
-1.721859574317932129e-01;-6.751067638397216797e-01;5.597784519195556641e-01
-2.062280625104904175e-01;-4.939841330051422119e-01;5.598598122596740723e-01
-2.411669194698333740e-01;-4.917759299278259277e-01;4.167280495166778564e-01
-3.408536612987518311e-01;-3.252632617950439453e-01;5.160354375839233398e-01
-2.864041924476623535e-01;-3.379318118095397949e-01;5.285134911537170410e-01
-1.357343494892120361e-01;-6.200997829437255859e-01;3.507173061370849609e-01
-1.074005365371704102e-01;-4.797469377517700195e-01;4.242527186870574951e-01
2.526629269123077393e-01;-1.150802522897720337e-01;1.982497870922088623e-01
2.471556216478347778e-01;-1.514096409082412720e-01;1.522613465785980225e-01
2.393783777952194214e-01;-7.973715662956237793e-02;1.309717148542404175e-01
2.467125058174133301e-01;-4.159563779830932617e-02;1.644446551799774170e-01
2.512704730033874512e-01;-2.505865097045898438e-01;1.994388550519943237e-01
2.156754285097122192e-01;-1.589423865079879761e-01;5.520889163017272949e-02
1.324328929185867310e-01;-4.602152109146118164e-02;2.751049697399139404e-01
2.240051478147506714e-01;-2.694229781627655029e-01;8.902066200971603394e-02
1.619155257940292358e-01;-1.051787734031677246e-01;2.962677180767059326e-02
2.471727132797241211e-01;7.067646086215972900e-02;1.497897803783416748e-01
-3.102138638496398926e-01;-4.363774508237838745e-02;4.642111361026763916e-01
-3.244325816631317139e-01;-1.550483554601669312e-01;4.764143228530883789e-01
-2.896442413330078125e-01;5.916637927293777466e-02;5.318881869316101074e-01
-2.007975578308105469e-01;-2.149809338152408600e-02;3.908297717571258545e-01
-3.361935019493103027e-01;9.373552352190017700e-02;4.780946969985961914e-01
-1.993408948183059692e-01;-1.157018542289733887e-01;5.597094297409057617e-01
-3.557961583137512207e-01;-2.121407389640808105e-01;5.147029757499694824e-01
-1.097246557474136353e-01;-4.176195710897445679e-02;4.188629984855651855e-01
-3.201364576816558838e-01;1.562772989273071289e-01;5.748603940010070801e-01
-1.502688676118850708e-01;-2.177472412586212158e-01;4.265071451663970947e-01
2.406374067068099976e-01;7.014274001121520996e-01;1.529401838779449463e-01
2.405840158462524414e-01;7.017356157302856445e-01;1.469223201274871826e-01
2.367354631423950195e-01;7.047768831253051758e-01;1.180285885930061340e-01
1.825944334268569946e-01;6.983162164688110352e-01;1.604605764150619507e-01
2.066581994295120239e-01;6.403035521507263184e-01;1.241693720221519470e-01
1.882453560829162598e-01;7.044759392738342285e-01;8.970478177070617676e-02
2.085729837417602539e-01;7.063079476356506348e-01;7.665091753005981445e-02
1.522639840841293335e-01;6.987403035163879395e-01;1.464159935712814331e-01
1.874570697546005249e-01;6.574235558509826660e-01;8.976191282272338867e-02
1.548371911048889160e-01;7.024180889129638672e-01;8.331036567687988281e-02
8.626995980739593506e-02;6.126173585653305054e-02;-2.815261185169219971e-01
6.633292138576507568e-02;1.072462350130081177e-01;-2.426145970821380615e-01
1.912854462862014771e-01;7.968477904796600342e-02;-2.009654939174652100e-01
1.435351669788360596e-01;-7.928723841905593872e-02;-2.405539453029632568e-01
-7.328064739704132080e-02;5.897387489676475525e-02;-2.764693796634674072e-01
-5.118995904922485352e-03;-7.558549195528030396e-02;-2.285866886377334595e-01
1.881675124168395996e-01;1.618119776248931885e-01;-1.794237047433853149e-01
6.422936171293258667e-02;1.986976265907287598e-01;-1.619630008935928345e-01
2.461799681186676025e-01;3.825671225786209106e-02;-1.915599107742309570e-01
-8.390544354915618896e-02;6.585692614316940308e-02;-1.574185192584991455e-01
2.318112254142761230e-01;-7.036263942718505859e-01;6.124648079276084900e-02
2.308274805545806885e-01;-7.046250104904174805e-01;4.947409033775329590e-02
2.333180159330368042e-01;-6.649680733680725098e-01;5.731364712119102478e-02
2.168842852115631104e-01;-6.919490694999694824e-01;9.697420895099639893e-02
1.933422237634658813e-01;-7.005940675735473633e-01;8.867300301790237427e-02
2.288533449172973633e-01;-7.055811882019042969e-01;5.737304687500000000e-03
1.902466565370559692e-01;-6.987215876579284668e-01;1.137506738305091858e-01
2.403079718351364136e-01;-6.983715891838073730e-01;1.412044316530227661e-01
2.076802849769592285e-01;-6.968868970870971680e-01;1.402328908443450928e-01
2.305741161108016968e-01;-7.041196823120117188e-01;-2.609162405133247375e-02
-5.012093856930732727e-02;6.846672296524047852e-01;3.310831487178802490e-01
-1.175429522991180420e-01;6.836718916893005371e-01;4.261353611946105957e-01
-1.267177015542984009e-01;6.236727833747863770e-01;3.967509567737579346e-01
-1.461652815341949463e-01;6.829902529716491699e-01;4.058991074562072754e-01
-1.874542534351348877e-01;6.761880517005920410e-01;3.309363126754760742e-01
-5.259336903691291809e-02;5.146268606185913086e-01;3.048463165760040283e-01
-2.503730654716491699e-01;6.752192974090576172e-01;4.064578115940093994e-01
-1.776319742202758789e-01;5.052893161773681641e-01;3.314628303050994873e-01
5.505039170384407043e-02;5.048241019248962402e-01;2.272284924983978271e-01
-3.921254724264144897e-02;4.401074647903442383e-01;3.874015212059020996e-01
8.248976664617657661e-04;-9.025840461254119873e-02;3.984420299530029297e-01
-1.097246557474136353e-01;-4.176195710897445679e-02;4.188629984855651855e-01
-8.773396164178848267e-02;5.859382450580596924e-02;4.171680212020874023e-01
9.961447678506374359e-03;-2.432153522968292236e-01;2.945448458194732666e-01
1.324328929185867310e-01;-4.602151736617088318e-02;2.751049697399139404e-01
-5.682414770126342773e-02;-2.665790319442749023e-01;4.158581495285034180e-01
-1.326237171888351440e-01;7.594674825668334961e-03;3.086987435817718506e-01
2.848631702363491058e-02;7.251594960689544678e-02;2.996594309806823730e-01
-1.502688676118850708e-01;-2.177472263574600220e-01;4.265071451663970947e-01
-1.280015856027603149e-01;-2.381103634834289551e-01;3.263280093669891357e-01
-9.823349863290786743e-02;3.142114281654357910e-01;-2.393079847097396851e-01
-4.322015866637229919e-02;3.217177987098693848e-01;-3.447981774806976318e-01
6.422936171293258667e-02;1.986976265907287598e-01;-1.619630008935928345e-01
-1.183191686868667603e-01;9.654074907302856445e-02;-1.908213943243026733e-01
-1.384030580520629883e-01;2.255984395742416382e-01;-4.453372657299041748e-01
8.232750743627548218e-02;4.515959322452545166e-01;-2.147209048271179199e-01
-2.791487276554107666e-01;2.748064994812011719e-01;-4.034207463264465332e-01
-7.328064739704132080e-02;5.897387862205505371e-02;-2.764693796634674072e-01
-5.886296927928924561e-02;5.695993900299072266e-01;-2.156136482954025269e-01
-8.390543609857559204e-02;6.585693359375000000e-02;-1.574185192584991455e-01
-2.186542302370071411e-01;-8.870530873537063599e-02;-2.993755340576171875e-01
-1.102873980998992920e-01;-2.981153875589370728e-02;-3.977771699428558350e-01
-1.227444335818290710e-01;-1.681082695722579956e-01;-3.972089588642120361e-01
-7.216580212116241455e-02;-1.061300411820411682e-01;-2.174294292926788330e-01
-2.342592775821685791e-01;-6.863397359848022461e-02;-4.676916897296905518e-01
-3.236817121505737305e-01;-1.676434725522994995e-01;-4.497715234756469727e-01
-7.328064739704132080e-02;5.897387117147445679e-02;-2.764693796634674072e-01
-4.450130462646484375e-02;-2.234783172607421875e-01;-3.378126025199890137e-01
-5.118995904922485352e-03;-7.558549940586090088e-02;-2.285866886377334595e-01
-1.183191686868667603e-01;9.654074162244796753e-02;-1.908213943243026733e-01
1.538243293762207031e-01;7.025940716266632080e-02;-1.692418195307254791e-02
1.588278412818908691e-01;1.051984578371047974e-01;-6.940579414367675781e-02
2.044319510459899902e-01;3.550038486719131470e-02;1.428561843931674957e-02
2.155066579580307007e-01;7.584445178508758545e-02;4.969584196805953979e-02
2.292098551988601685e-01;1.499118283390998840e-02;2.200610004365444183e-02
2.055494040250778198e-01;1.974911689758300781e-01;2.798615582287311554e-02
2.222979962825775146e-01;-4.380616545677185059e-02;-1.093186810612678528e-01
1.455570757389068604e-02;-1.534762978553771973e-02;3.776988014578819275e-03
2.270901948213577271e-01;1.725761890411376953e-01;9.123446792364120483e-02
1.645627468824386597e-01;-7.110120356082916260e-02;-1.101850047707557678e-01
-1.721859574317932129e-01;-6.751067638397216797e-01;5.597784519195556641e-01
-2.385618686676025391e-01;-6.756537556648254395e-01;4.481794834136962891e-01
-2.535472214221954346e-01;-5.741748809814453125e-01;4.523417651653289795e-01
-2.062280625104904175e-01;-4.939841330051422119e-01;5.598598122596740723e-01
-1.357343494892120361e-01;-6.200997829437255859e-01;3.507173061370849609e-01
-2.411669194698333740e-01;-4.917759299278259277e-01;4.167280495166778564e-01
-1.074005365371704102e-01;-4.797469377517700195e-01;4.242527186870574951e-01
-4.168156087398529053e-01;-6.609788537025451660e-01;6.239966154098510742e-01
-2.041809260845184326e-02;-5.600782632827758789e-01;3.571821451187133789e-01
-1.297635138034820557e-01;-6.735885143280029297e-01;2.757451534271240234e-01
-3.394666016101837158e-01;6.361812353134155273e-02;-5.724861025810241699e-01
-3.562591671943664551e-01;-1.405462771654129028e-01;-5.773885250091552734e-01
-3.562486469745635986e-01;-1.405346691608428955e-01;-5.773864984512329102e-01
-3.212076425552368164e-01;-3.153925836086273193e-01;-5.675004124641418457e-01
-3.562555611133575439e-01;-1.405312865972518921e-01;-5.773774385452270508e-01
-2.308911681175231934e-01;-1.576828360557556152e-01;-5.521231293678283691e-01
-3.562395870685577393e-01;-1.405485570430755615e-01;-5.773800015449523926e-01
-2.787996828556060791e-01;-9.082223474979400635e-02;-5.548359155654907227e-01
-3.562486469745635986e-01;-1.405433118343353271e-01;-5.773945450782775879e-01
-3.562552332878112793e-01;-1.405468732118606567e-01;-5.773919820785522461e-01
-1.788709759712219238e-01;6.829980611801147461e-01;-4.456636011600494385e-01
-1.227420866489410400e-01;6.817756295204162598e-01;-3.144359886646270752e-01
-1.227850914001464844e-01;6.817537546157836914e-01;-3.144454956054687500e-01
-2.044564485549926758e-01;5.814506411552429199e-01;-4.592933058738708496e-01
-1.227632462978363037e-01;6.817593574523925781e-01;-3.144506812095642090e-01
-5.516973882913589478e-02;5.713732242584228516e-01;-2.142303586006164551e-01
-1.227839142084121704e-01;6.817702054977416992e-01;-3.144442737102508545e-01
-2.417256236076354980e-01;6.803578734397888184e-01;-4.405403137207031250e-01
-1.227874830365180969e-01;6.817765831947326660e-01;-3.144154250621795654e-01
-1.227758452296257019e-01;6.817669272422790527e-01;-3.144431114196777344e-01
7.127261906862258911e-02;-4.507394731044769287e-01;-1.081949770450592041e-01
-4.203357547521591187e-02;-6.268257498741149902e-01;-1.953096240758895874e-01
-4.210908710956573486e-02;-6.268752217292785645e-01;-1.953185647726058960e-01
-4.335007816553115845e-02;-6.261418461799621582e-01;-1.933312565088272095e-01
-4.207739979028701782e-02;-6.268700957298278809e-01;-1.953341662883758545e-01
1.357210278511047363e-01;-6.885551810264587402e-01;-7.712244242429733276e-02
-4.212004691362380981e-02;-6.268417835235595703e-01;-1.953332126140594482e-01
-7.280309498310089111e-02;-6.217416524887084961e-01;-3.453528583049774170e-01
-4.211416095495223999e-02;-6.268386244773864746e-01;-1.952610760927200317e-01
-4.208810627460479736e-02;-6.268440485000610352e-01;-1.953035295009613037e-01
-1.150317862629890442e-01;-4.769671261310577393e-01;4.221605658531188965e-01
-2.040089108049869537e-02;-5.600816607475280762e-01;3.571870923042297363e-01
-2.042817696928977966e-02;-5.600978136062622070e-01;3.571724295616149902e-01
-3.852272406220436096e-03;-6.196476221084594727e-01;2.408909797668457031e-01
-2.040363661944866180e-02;-5.600774884223937988e-01;3.571705818176269531e-01
4.799186438322067261e-02;-3.450762927532196045e-01;3.032547533512115479e-01
-2.042186446487903595e-02;-5.600837469100952148e-01;3.571844696998596191e-01
-1.331944465637207031e-01;-6.234567165374755859e-01;3.486948311328887939e-01
-2.043632604181766510e-02;-5.600707530975341797e-01;3.571944236755371094e-01
-2.043034508824348450e-02;-5.600811243057250977e-01;3.571703433990478516e-01
-3.713286221027374268e-01;5.845729708671569824e-01;-5.519256591796875000e-01
-3.871113061904907227e-01;4.024924039840698242e-01;-5.918105244636535645e-01
-3.871728777885437012e-01;4.024658501148223877e-01;-5.918295383453369141e-01
-3.173597157001495361e-01;1.918928474187850952e-01;-5.295728445053100586e-01
-3.871338963508605957e-01;4.024843871593475342e-01;-5.918321609497070312e-01
-3.743960559368133545e-01;3.179993629455566406e-01;-5.532310009002685547e-01
-3.871454894542694092e-01;4.024815857410430908e-01;-5.918117165565490723e-01
-2.335116565227508545e-01;3.934266567230224609e-01;-5.071259140968322754e-01
-3.871779739856719971e-01;4.025017321109771729e-01;-5.917824506759643555e-01
-3.871614336967468262e-01;4.024849236011505127e-01;-5.918265581130981445e-01
7.164481282234191895e-02;3.665656447410583496e-01;2.899445295333862305e-01
-1.888642087578773499e-02;3.155910074710845947e-01;1.732918322086334229e-01
-1.893481239676475525e-02;3.155763447284698486e-01;1.732807755470275879e-01
-1.246683448553085327e-01;2.600644826889038086e-01;2.236233055591583252e-01
-1.891510933637619019e-02;3.155557513236999512e-01;1.732757985591888428e-01
1.668414026498794556e-01;2.779982686042785645e-01;1.022538170218467712e-01
-1.894740387797355652e-02;3.155811131000518799e-01;1.732666939496994019e-01
-7.171922922134399414e-02;2.137743234634399414e-01;2.806691229343414307e-01
-1.891865767538547516e-02;3.155821263790130615e-01;1.733211278915405273e-01
-1.890844106674194336e-02;3.155758678913116455e-01;1.732913702726364136e-01
-2.708370089530944824e-01;-5.114338994026184082e-01;-5.204779505729675293e-01
-3.409682512283325195e-01;-6.704266667366027832e-01;-5.176085829734802246e-01
-3.409990370273590088e-01;-6.704263687133789062e-01;-5.176244974136352539e-01
-3.403497636318206787e-01;-6.706896424293518066e-01;-5.173392295837402344e-01
-3.409765958786010742e-01;-6.704220771789550781e-01;-5.176196694374084473e-01
-2.711510062217712402e-01;-6.714092493057250977e-01;-4.367232322692871094e-01
-3.409750461578369141e-01;-6.704324483871459961e-01;-5.176126360893249512e-01
-2.232252359390258789e-01;-6.779863238334655762e-01;-5.133833885192871094e-01
-3.409878909587860107e-01;-6.704173684120178223e-01;-5.176081061363220215e-01
-3.409918844699859619e-01;-6.704332828521728516e-01;-5.176255106925964355e-01
2.092362195253372192e-01;-1.829465031623840332e-01;-8.672646433115005493e-02
1.118487417697906494e-01;-2.586189210414886475e-01;-1.075897067785263062e-01
1.118980273604393005e-01;-2.586034238338470459e-01;-1.075875088572502136e-01
1.628639400005340576e-01;-2.494228929281234741e-01;-2.261180877685546875e-01
1.118788123130798340e-01;-2.585701942443847656e-01;-1.075651198625564575e-01
1.628044992685317993e-01;-3.178558051586151123e-01;-7.827869057655334473e-02
1.119121015071868896e-01;-2.586109042167663574e-01;-1.075693443417549133e-01
1.680403947830200195e-01;-3.109433650970458984e-01;-2.779705077409744263e-02
1.118738129734992981e-01;-2.586038410663604736e-01;-1.076110824942588806e-01
1.118700504302978516e-01;-2.586007416248321533e-01;-1.075905188918113708e-01
2.367370724678039551e-01;4.497585892677307129e-01;-4.592501372098922729e-02
2.377040684223175049e-01;3.677641153335571289e-01;-6.884655356407165527e-02
2.376814633607864380e-01;3.677473962306976318e-01;-6.884825229644775391e-02
1.969699412584304810e-01;3.504140973091125488e-01;-7.714938372373580933e-02
2.376890033483505249e-01;3.677464127540588379e-01;-6.885068118572235107e-02
2.231713533401489258e-01;2.648585736751556396e-01;-1.411386132240295410e-01
2.376880645751953125e-01;3.677583932876586914e-01;-6.884797662496566772e-02
1.971932500600814819e-01;4.172995090484619141e-01;3.716733306646347046e-02
2.376854270696640015e-01;3.677571117877960205e-01;-6.882737576961517334e-02
2.376928627490997314e-01;3.677527010440826416e-01;-6.884618103504180908e-02
-1.393703967332839966e-01;2.249878942966461182e-01;-4.437976777553558350e-01
-1.916100382804870605e-01;1.368931382894515991e-01;-5.495704412460327148e-01
-1.916081905364990234e-01;1.368807852268218994e-01;-5.495648980140686035e-01
-2.776463329792022705e-01;-4.101264476776123047e-02;-5.524463057518005371e-01
-1.916183233261108398e-01;1.368945837020874023e-01;-5.495666265487670898e-01
-2.705675959587097168e-01;1.728112399578094482e-01;-5.485684275627136230e-01
-1.916258335113525391e-01;1.368958950042724609e-01;-5.495666265487670898e-01
-3.605540692806243896e-01;9.968765079975128174e-02;-5.452590584754943848e-01
-1.916378289461135864e-01;1.368896812200546265e-01;-5.495477318763732910e-01
-1.916160881519317627e-01;1.369009017944335938e-01;-5.495558381080627441e-01
-2.517486512660980225e-01;4.951706826686859131e-01;4.469382166862487793e-01
-1.779553294181823730e-01;3.219397366046905518e-01;4.640793800354003906e-01
-1.779139190912246704e-01;3.219592571258544922e-01;4.640823006629943848e-01
-1.530978381633758545e-01;1.638210415840148926e-01;4.320099949836730957e-01
-1.779328286647796631e-01;3.219693005084991455e-01;4.640936255455017090e-01
-4.601712524890899658e-02;4.322741627693176270e-01;3.987703323364257812e-01
-1.779091954231262207e-01;3.219461143016815186e-01;4.640905261039733887e-01
-2.384177744388580322e-01;2.475880384445190430e-01;5.187098979949951172e-01
-1.779213696718215942e-01;3.219473063945770264e-01;4.640549421310424805e-01
-1.779314130544662476e-01;3.219524025917053223e-01;4.640788733959197998e-01
-3.474034070968627930e-01;-2.117147445678710938e-01;5.047203302383422852e-01
-2.864265143871307373e-01;-3.379369080066680908e-01;5.285232663154602051e-01
-2.863880693912506104e-01;-3.379193842411041260e-01;5.285325646400451660e-01
-2.349388152360916138e-01;-4.938542544841766357e-01;4.144962728023529053e-01
-2.864112854003906250e-01;-3.379133045673370361e-01;5.285438895225524902e-01
-2.008266746997833252e-01;-3.679322302341461182e-01;4.288658499717712402e-01
-2.863748669624328613e-01;-3.379369974136352539e-01;5.285398960113525391e-01
-2.369027733802795410e-01;-2.926425635814666748e-01;4.466565251350402832e-01
-2.863900065422058105e-01;-3.379354774951934814e-01;5.285005569458007812e-01
-2.864049673080444336e-01;-3.379343450069427490e-01;5.285221934318542480e-01
1.552982330322265625e-01;6.975095868110656738e-01;-9.679386764764785767e-02
2.421898543834686279e-01;6.999877095222473145e-01;-1.414755582809448242e-01
2.421812713146209717e-01;6.999810934066772461e-01;-1.414785087108612061e-01
2.422955036163330078e-01;7.007945179939270020e-01;-1.435579508543014526e-01
2.421882599592208862e-01;6.999858617782592773e-01;-1.414799988269805908e-01
1.806086748838424683e-01;6.542287468910217285e-01;-1.292822808027267456e-01
2.421809881925582886e-01;6.999862194061279297e-01;-1.414777338504791260e-01
2.246913462877273560e-01;7.020289897918701172e-01;-5.830940604209899902e-02
2.421719878911972046e-01;6.999912261962890625e-01;-1.414661407470703125e-01
2.421785742044448853e-01;6.999881267547607422e-01;-1.414776742458343506e-01
-2.135396748781204224e-02;-9.065711498260498047e-02;1.843919456005096436e-01
-2.916155755519866943e-02;-2.798783779144287109e-01;1.451428234577178955e-01
-2.921981178224086761e-02;-2.798981070518493652e-01;1.451289653778076172e-01
1.185126677155494690e-01;-3.502068221569061279e-01;2.048064321279525757e-01
-2.918805554509162903e-02;-2.799148261547088623e-01;1.451219469308853149e-01
9.321228414773941040e-02;-1.858372539281845093e-01;8.494452387094497681e-02
-2.923054248094558716e-02;-2.798849940299987793e-01;1.451168805360794067e-01
3.682784736156463623e-03;-2.457265257835388184e-01;2.970246672630310059e-01
-2.919749729335308075e-02;-2.798835337162017822e-01;1.451648175716400146e-01
-2.919233590364456177e-02;-2.798949480056762695e-01;1.451329737901687622e-01
2.525090575218200684e-01;-2.495236843824386597e-01;2.008651047945022583e-01
2.514238059520721436e-01;-4.007659852504730225e-01;2.088305652141571045e-01
2.514010667800903320e-01;-4.007810056209564209e-01;2.088290154933929443e-01
1.216754466295242310e-01;-3.498134613037109375e-01;2.022385299205780029e-01
2.514095306396484375e-01;-4.007790684700012207e-01;2.088234126567840576e-01
1.744608432054519653e-01;-3.640166819095611572e-01;1.209256052970886230e-01
2.514005005359649658e-01;-4.007732570171356201e-01;2.088241279125213623e-01
2.189278453588485718e-01;-5.085586309432983398e-01;1.221935749053955078e-01
2.513977587223052979e-01;-4.007693827152252197e-01;2.088438123464584351e-01
2.514060139656066895e-01;-4.007733464241027832e-01;2.088306695222854614e-01
-2.257287204265594482e-01;6.791864037513732910e-01;-4.356170892715454102e-01
-3.122856914997100830e-01;6.803398728370666504e-01;-5.271803736686706543e-01
-3.123141527175903320e-01;6.803331375122070312e-01;-5.271966457366943359e-01
-3.706237375736236572e-01;5.774695873260498047e-01;-5.458543300628662109e-01
-3.122914731502532959e-01;6.803326010704040527e-01;-5.271962285041809082e-01
-2.169618606567382812e-01;5.722476243972778320e-01;-5.095934271812438965e-01
-3.122977912425994873e-01;6.803320050239562988e-01;-5.271890163421630859e-01
-2.414690852165222168e-01;6.747139096260070801e-01;-5.501061081886291504e-01
-3.122980892658233643e-01;6.803444623947143555e-01;-5.271794795989990234e-01
-3.123019337654113770e-01;6.803303360939025879e-01;-5.271984338760375977e-01
-3.045255541801452637e-01;5.545482039451599121e-01;5.009779930114746094e-01
-4.248021245002746582e-01;3.807657063007354736e-01;6.302469372749328613e-01
-4.248481690883636475e-01;3.807417154312133789e-01;6.302416920661926270e-01
-3.814058005809783936e-01;1.745849847793579102e-01;5.708343386650085449e-01
-4.248254001140594482e-01;3.807478547096252441e-01;6.302322745323181152e-01
-2.873998880386352539e-01;2.596691846847534180e-01;4.680449962615966797e-01
-4.248390197753906250e-01;3.807556331157684326e-01;6.302397847175598145e-01
-3.418336212635040283e-01;4.676375389099121094e-01;5.524127483367919922e-01
-4.248436391353607178e-01;3.807632029056549072e-01;6.302611231803894043e-01
-4.248391985893249512e-01;3.807545900344848633e-01;6.302413940429687500e-01
2.491584122180938721e-01;4.748318791389465332e-01;1.777426451444625854e-01
2.480945736169815063e-01;3.378374576568603516e-01;2.092376053333282471e-01
2.481153905391693115e-01;3.378408253192901611e-01;2.092406153678894043e-01
1.823907643556594849e-01;3.458348214626312256e-01;2.255883514881134033e-01
2.481083124876022339e-01;3.378551602363586426e-01;2.092393636703491211e-01
2.171361595392227173e-01;3.900716900825500488e-01;9.377393126487731934e-02
2.481192052364349365e-01;3.378416001796722412e-01;2.092493623495101929e-01
2.391083240509033203e-01;2.667331695556640625e-01;1.424393206834793091e-01
2.480978369712829590e-01;3.378438353538513184e-01;2.092260122299194336e-01
2.480971217155456543e-01;3.378473818302154541e-01;2.092398405075073242e-01
-3.665944337844848633e-01;-2.571101188659667969e-01;-5.899223685264587402e-01
-4.538077414035797119e-01;-3.768935501575469971e-01;-6.243194937705993652e-01
-4.539138972759246826e-01;-3.769402205944061279e-01;-6.243493556976318359e-01
-3.313703536987304688e-01;-5.137425661087036133e-01;-5.720462799072265625e-01
-4.538365304470062256e-01;-3.769263029098510742e-01;-6.243623495101928711e-01
-3.611795306205749512e-01;-4.320977330207824707e-01;-4.912561476230621338e-01
-4.539155662059783936e-01;-3.769043385982513428e-01;-6.243444085121154785e-01
-2.556173205375671387e-01;-3.202092349529266357e-01;-5.574802160263061523e-01
-4.539210796356201172e-01;-3.768806755542755127e-01;-6.242641210556030273e-01
-4.538904130458831787e-01;-3.769007623195648193e-01;-6.243312954902648926e-01
