-2.935139536857604980e-01;-8.866751939058303833e-02;-5.006716251373291016e-01
-3.472456932067871094e-01;-4.731903970241546631e-01;5.618715882301330566e-01
-3.213806152343750000e-01;-3.182490170001983643e-01;-4.810686707496643066e-01
-2.664569616317749023e-01;4.212595149874687195e-02;-4.963238537311553955e-01
2.297129780054092407e-01;2.661987766623497009e-02;3.540484234690666199e-02
-3.281366825103759766e-01;-3.503670990467071533e-01;5.318512320518493652e-01
2.361812889575958252e-01;-9.169486165046691895e-02;-1.829677820205688477e-02
-3.776025474071502686e-01;2.090970724821090698e-01;-5.077128410339355469e-01
2.437393814325332642e-01;-1.902083605527877808e-01;8.609740436077117920e-02
-2.436087727546691895e-01;-3.577923774719238281e-02;4.385580718517303467e-01
-2.192962467670440674e-01;2.166023701429367065e-01;-4.155053496360778809e-01
2.512890398502349854e-01;-2.070000022649765015e-01;-5.960141122341156006e-02
-2.879722118377685547e-01;-5.443167090415954590e-01;-4.705014228820800781e-01
-3.603938221931457520e-01;1.582379639148712158e-01;5.150130391120910645e-01
2.406859993934631348e-01;-3.430413305759429932e-01;6.742937117815017700e-02
2.353780269622802734e-01;-3.742759227752685547e-01;2.876906096935272217e-02
2.511206567287445068e-01;-3.002303540706634521e-01;-5.899370461702346802e-02
-2.023849934339523315e-01;1.173742637038230896e-01;3.882109820842742920e-01
-2.999103367328643799e-01;1.839143782854080200e-01;-4.089208543300628662e-01
-2.126102596521377563e-01;3.899145871400833130e-02;4.928633570671081543e-01
2.623320817947387695e-01;9.181526303291320801e-02;-9.224547445774078369e-02
-1.431968659162521362e-01;7.993718236684799194e-02;-3.551346957683563232e-01
-3.415317237377166748e-01;2.761934399604797363e-01;5.090709924697875977e-01
-1.535233706235885620e-01;2.875327132642269135e-02;-2.853864431381225586e-01
-4.306731224060058594e-01;-3.777246922254562378e-02;6.084293723106384277e-01
-3.408167362213134766e-01;-3.893306851387023926e-01;5.115990638732910156e-01
1.339115649461746216e-01;8.858869969844818115e-02;3.673990955576300621e-03
-4.046835601329803467e-01;-5.077369213104248047e-01;-5.220211148262023926e-01
1.707734763622283936e-01;1.232694089412689209e-01;1.334105730056762695e-01
1.580846905708312988e-01;1.501675099134445190e-01;-8.666580170392990112e-02
1.441249996423721313e-01;2.776927947998046875e-01;3.789066895842552185e-02
-3.199780881404876709e-01;2.691512107849121094e-01;-4.190369248390197754e-01
2.407412230968475342e-01;-4.582669734954833984e-01;-9.724962525069713593e-03
-1.502383351325988770e-01;-2.456881701946258545e-01;-3.261472582817077637e-01
-2.106182277202606201e-01;-1.857564002275466919e-01;-3.382856547832489014e-01
-1.666646748781204224e-01;-3.067363202571868896e-01;-3.702234923839569092e-01
-6.360445916652679443e-02;2.733171358704566956e-02;3.206731975078582764e-01
1.598607450723648071e-01;3.225268125534057617e-01;1.004820019006729126e-01
1.372891813516616821e-01;-2.636187672615051270e-01;5.725005641579627991e-02
-3.689860701560974121e-01;-2.361208349466323853e-01;-4.714345335960388184e-01
-2.091996520757675171e-01;-4.710451960563659668e-01;-4.140443801879882812e-01
1.634791940450668335e-01;1.974475532770156860e-01;1.438958048820495605e-01
1.510396599769592285e-01;3.755314946174621582e-01;-3.283545002341270447e-02
2.594896554946899414e-01;3.166008591651916504e-01;1.422273963689804077e-01
-1.602699905633926392e-01;3.313653171062469482e-01;3.863433301448822021e-01
1.253607310354709625e-02;-1.101265996694564819e-01;2.194097936153411865e-01
-7.171478867530822754e-02;-1.677605509757995605e-01;-2.287555634975433350e-01
1.956717669963836670e-01;1.910244077444076538e-01;-1.312535703182220459e-01
-1.080562919378280640e-01;-8.883791975677013397e-03;2.639783024787902832e-01
2.507714331150054932e-01;4.523893892765045166e-01;1.140358373522758484e-01
-3.247131109237670898e-01;-6.763879656791687012e-01;-4.893417060375213623e-01
1.723418980836868286e-01;4.349777400493621826e-01;-6.517972797155380249e-02
-2.455435693264007568e-01;3.889529407024383545e-01;3.990914225578308105e-01
-2.322764694690704346e-01;1.895185410976409912e-01;3.813933432102203369e-01
8.895856142044067383e-02;-2.522549927234649658e-01;1.354812830686569214e-01
-1.749318093061447144e-01;5.652077794075012207e-01;-4.071574807167053223e-01
1.956022530794143677e-01;-6.984220445156097412e-02;-1.433918178081512451e-01
-1.679596155881881714e-01;-4.716010689735412598e-01;-3.569553494453430176e-01
1.505234986543655396e-01;4.856452643871307373e-01;-1.302310358732938766e-02
6.785515695810317993e-02;-7.945580035448074341e-02;-5.646260827779769897e-02
-3.140530884265899658e-01;7.340039610862731934e-01;5.521193146705627441e-01
-2.211547195911407471e-01;5.280802249908447266e-01;-4.935818612575531006e-01
6.068820506334304810e-02;2.016461640596389771e-01;-1.873535960912704468e-01
-2.404367923736572266e-01;-4.006122648715972900e-01;-3.537697792053222656e-01
-1.728297956287860870e-02;-2.142324894666671753e-01;-1.679311096668243408e-01
-2.730751931667327881e-01;4.679672122001647949e-01;4.091232419013977051e-01
-3.897061347961425781e-01;-3.226329386234283447e-01;4.976713955402374268e-01
-1.565306931734085083e-01;3.958671987056732178e-01;-2.973799109458923340e-01
2.535363435745239258e-01;5.337909460067749023e-01;1.229670420289039612e-01
4.880169779062271118e-02;3.151414096355438232e-01;-1.286850422620773315e-01
-1.579767614603042603e-01;5.673183202743530273e-01;-3.528948128223419189e-01
-9.615069627761840820e-02;-2.284863591194152832e-01;3.982639908790588379e-01
-1.913726776838302612e-01;-1.958554685115814209e-01;5.395750999450683594e-01
-3.820921119768172503e-04;-2.569537162780761719e-01;2.831225097179412842e-01
-3.225671947002410889e-01;6.103647947311401367e-01;4.691863059997558594e-01
-2.060363292694091797e-01;-5.302074551582336426e-01;3.779187798500061035e-01
2.717958390712738037e-01;-1.192766949534416199e-01;1.817779839038848877e-01
-3.878672793507575989e-02;1.108865663409233093e-01;1.773763895034790039e-01
1.979198604822158813e-01;2.967147231101989746e-01;1.869378089904785156e-01
-6.249438226222991943e-02;3.836772590875625610e-02;-1.544653028249740601e-01
-3.224978744983673096e-01;2.157260850071907043e-02;-3.748361468315124512e-01
-3.887947499752044678e-01;-7.145884037017822266e-01;5.815515518188476562e-01
5.563062429428100586e-02;-1.070106551051139832e-01;2.244906499981880188e-02
7.318396121263504028e-03;-2.558957934379577637e-01;-1.131801530718803406e-01
-8.321715891361236572e-02;4.754315316677093506e-01;-2.924528121948242188e-01
3.934824839234352112e-02;-3.568105995655059814e-01;-1.481943577527999878e-01
-3.196789920330047607e-01;6.944243311882019043e-01;4.955073297023773193e-01
6.443157047033309937e-02;-3.695047199726104736e-01;-1.316248066723346710e-02
-4.511113092303276062e-02;-1.357364207506179810e-01;-3.377732038497924805e-01
2.689654827117919922e-01;-3.590223193168640137e-01;1.822239160537719727e-01
1.228179037570953369e-01;4.244802892208099365e-01;-1.487835496664047241e-01
4.096959531307220459e-02;3.866419196128845215e-01;2.316048443317413330e-01
2.712828516960144043e-01;4.301402270793914795e-01;-1.464457660913467407e-01
-1.216575428843498230e-01;-3.355076313018798828e-01;2.515911459922790527e-01
7.527387887239456177e-02;2.986881434917449951e-01;-2.153669148683547974e-01
-1.098534464836120605e-01;-1.244619041681289673e-01;4.435369670391082764e-01
-1.686307489871978760e-01;3.822266757488250732e-01;4.944103956222534180e-01
6.952872872352600098e-02;-2.871394455432891846e-01;2.486796528100967407e-01
8.863294124603271484e-02;-1.677722334861755371e-01;-2.348018437623977661e-01
-1.339064240455627441e-01;1.657160520553588867e-01;2.356218397617340088e-01
-1.677744537591934204e-01;6.928568482398986816e-01;-4.272741973400115967e-01
6.143822520971298218e-02;-5.062403082847595215e-01;4.118802398443222046e-02
-1.931703090667724609e-01;-4.772197902202606201e-01;-2.842191457748413086e-01
1.541839540004730225e-01;-3.469963073730468750e-01;-1.795477271080017090e-01
-4.529264569282531738e-01;-4.123089462518692017e-02;-5.845374464988708496e-01
6.743692606687545776e-02;-5.176557898521423340e-01;-1.357303000986576080e-02
2.202982902526855469e-01;4.327012598514556885e-02;-1.839382648468017578e-01
2.567085623741149902e-02;4.644019603729248047e-01;1.705806404352188110e-01
-1.831472069025039673e-01;4.187571406364440918e-01;5.395050644874572754e-01
7.880347967147827148e-02;5.786298513412475586e-01;-3.853732720017433167e-02
-1.588449031114578247e-01;-2.921136021614074707e-01;4.898653924465179443e-01
1.863965541124343872e-01;5.992687940597534180e-01;-1.257402300834655762e-01
8.603175729513168335e-02;-1.125788167119026184e-01;2.844500839710235596e-01
2.536595463752746582e-01;-6.462995409965515137e-01;1.230528876185417175e-01
-5.605525895953178406e-02;-4.662979841232299805e-01;2.168958187103271484e-01
-3.908245563507080078e-01;-3.996521234512329102e-01;-4.482466578483581543e-01
1.161631122231483459e-01;5.324057340621948242e-01;1.892857849597930908e-01
2.700347304344177246e-01;4.948137402534484863e-01;2.026999443769454956e-01
-4.205359816551208496e-01;6.555281877517700195e-01;5.705919265747070312e-01
4.848147742450237274e-03;5.181062817573547363e-01;-2.011031955480575562e-01
-3.004059493541717529e-01;-6.543966531753540039e-01;-3.822055160999298096e-01
-1.043369323015213013e-01;-6.034492254257202148e-01;-3.627063333988189697e-01
-2.058565616607666016e-01;-6.661998629570007324e-01;-3.527372777462005615e-01
-1.925860494375228882e-01;7.619849592447280884e-02;-4.934799969196319580e-01
4.592688009142875671e-02;1.877589076757431030e-01;3.247559666633605957e-01
2.041326612234115601e-01;4.666068553924560547e-01;2.123896628618240356e-01
-1.139400079846382141e-01;-4.695476591587066650e-01;4.387027919292449951e-01
3.729883208870887756e-02;-5.049126744270324707e-01;2.112599611282348633e-01
-1.877645701169967651e-01;-7.267251014709472656e-01;4.801392853260040283e-01
-2.648692019283771515e-02;2.488028705120086670e-01;3.863412737846374512e-01
-1.118965744972229004e-01;7.406644225120544434e-01;-4.935506880283355713e-01
-2.763141095638275146e-01;4.926028251647949219e-01;-3.231918513774871826e-01
-1.816886514425277710e-01;3.977944254875183105e-01;-2.275992780923843384e-01
9.248997271060943604e-02;6.702785491943359375e-01;8.349453657865524292e-02
-1.735243499279022217e-01;2.681961655616760254e-01;-2.062352150678634644e-01
-3.599210977554321289e-01;7.473572492599487305e-01;-4.966887831687927246e-01
7.701440900564193726e-02;4.154367744922637939e-01;2.729146182537078857e-01
9.534519910812377930e-02;6.756113767623901367e-01;-4.394707083702087402e-02
-4.485676288604736328e-01;3.569355905055999756e-01;6.247455477714538574e-01
-1.542268097400665283e-01;6.873887777328491211e-01;3.916016817092895508e-01
2.573167905211448669e-02;4.062545001506805420e-01;-2.868523597717285156e-01
2.673866748809814453e-01;6.593540906906127930e-01;-1.557732522487640381e-01
1.673676967620849609e-01;-7.230069041252136230e-01;1.201030239462852478e-02
-3.121024742722511292e-02;-5.364028215408325195e-01;-3.069533705711364746e-01
2.804540991783142090e-01;-2.131709605455398560e-01;-1.910905987024307251e-01
1.055322811007499695e-01;7.383558154106140137e-01;5.752311553806066513e-03
2.877726964652538300e-02;-4.779051244258880615e-01;2.961900234222412109e-01
2.126010358333587646e-01;-7.615466713905334473e-01;-1.382086053490638733e-02
2.420721352100372314e-01;7.563667893409729004e-01;-2.136447839438915253e-02
1.967575550079345703e-01;8.002208471298217773e-01;4.494856670498847961e-02
2.282555550336837769e-01;-7.724306583404541016e-01;-2.803511731326580048e-02
2.745712995529174805e-01;5.561636090278625488e-01;-1.882342845201492310e-01
2.732186913490295410e-01;-5.581858158111572266e-01;-1.864191442728042603e-01
2.385417670011520386e-01;8.023996949195861816e-01;-2.913305535912513733e-02
2.175780683755874634e-01;-7.675014138221740723e-01;2.221120148897171021e-02
-1.313466578722000122e-01;-6.775860190391540527e-01;-4.542274177074432373e-01
-1.342714577913284302e-01;-2.103947848081588745e-01;-4.430358111858367920e-01
2.360515147447586060e-01;8.045889735221862793e-01;2.225002087652683258e-02
2.384129166603088379e-01;7.721542119979858398e-01;2.585681341588497162e-02
-4.726800322532653809e-01;3.570590317249298096e-01;-6.046975851058959961e-01
1.272185742855072021e-01;-7.645987272262573242e-01;7.344443351030349731e-02
2.432067990303039551e-01;-7.754750251770019531e-01;-6.014200299978256226e-02
2.786704897880554199e-01;2.231202870607376099e-01;2.344173938035964966e-01
1.867343783378601074e-01;-7.692107558250427246e-01;-6.366793066263198853e-02
2.243580222129821777e-01;-7.691798806190490723e-01;5.304782837629318237e-02
2.306197136640548706e-01;7.894182801246643066e-01;-5.064044892787933350e-02
-1.632230728864669800e-01;2.298385500907897949e-01;-4.935499131679534912e-01
-2.724076807498931885e-01;-2.948182821273803711e-01;3.290660083293914795e-01
3.081338852643966675e-02;5.636048913002014160e-01;2.768347263336181641e-01
-7.470706105232238770e-02;1.293927133083343506e-01;-1.030941307544708252e-01
2.247326374053955078e-01;-7.665908932685852051e-01;7.995825260877609253e-02
2.480575442314147949e-01;-7.718195319175720215e-01;-8.117873221635818481e-02
-7.460954040288925171e-02;2.803075611591339111e-01;1.563668102025985718e-01
1.552121192216873169e-01;-6.750101447105407715e-01;-1.291586458683013916e-01
-3.345927000045776367e-01;-1.146168112754821777e-01;3.921748399734497070e-01
-3.957307781092822552e-04;5.461688041687011719e-01;3.353597819805145264e-01
2.492447644472122192e-01;-7.708752751350402832e-01;-9.181766957044601440e-02
3.128124773502349854e-02;-6.059088706970214844e-01;-1.581263393163681030e-01
2.409530282020568848e-01;8.014734983444213867e-01;9.477456659078598022e-02
-1.322426050901412964e-01;-6.636626720428466797e-01;2.948143184185028076e-01
-7.051306962966918945e-02;-1.732241064310073853e-01;-9.811607748270034790e-02
-1.143684238195419312e-01;7.450907230377197266e-01;5.025690793991088867e-01
-1.846596300601959229e-01;-1.422339677810668945e-01;2.378009557723999023e-01
2.311377227306365967e-01;7.818980216979980469e-01;-9.375249594449996948e-02
-2.368971407413482666e-01;7.426307201385498047e-01;-3.067660331726074219e-01
-1.417011488229036331e-02;-5.209366679191589355e-01;-7.274566590785980225e-02
2.618048191070556641e-01;7.106131911277770996e-01;1.830268651247024536e-01
2.261771261692047119e-01;-7.741409540176391602e-01;1.104971393942832947e-01
-2.245954871177673340e-01;-2.809008955955505371e-01;-2.400126457214355469e-01
2.536578476428985596e-01;-7.671920061111450195e-01;-1.136368140578269958e-01
-7.829308509826660156e-02;-2.660560011863708496e-01;-1.037599071860313416e-01
-2.804486751556396484e-01;-7.060152292251586914e-01;3.383935391902923584e-01
-1.380997747182846069e-01;5.464887022972106934e-01;-1.972673833370208740e-01
-2.504138089716434479e-02;9.581794589757919312e-02;-1.186216622591018677e-02
2.305450588464736938e-01;7.879998683929443359e-01;1.153528466820716858e-01
2.661283016204833984e-01;-6.715397834777832031e-01;2.039471864700317383e-01
9.025179594755172729e-02;3.338593244552612305e-01;3.102413415908813477e-01
-2.823554575443267822e-01;-4.550244808197021484e-01;3.454961776733398438e-01
-4.126964509487152100e-02;3.835834860801696777e-01;-6.034033745527267456e-02
2.361870408058166504e-01;-7.607202529907226562e-01;1.386009603738784790e-01
-2.953360378742218018e-01;7.458220422267913818e-02;4.628970324993133545e-01
1.966752558946609497e-01;4.993408545851707458e-02;2.937251888215541840e-02
2.141581028699874878e-01;-1.713792979717254639e-01;6.288607418537139893e-02
2.309048920869827271e-01;4.696169495582580566e-02;8.781165629625320435e-02
2.122640162706375122e-01;1.812286376953125000e-01;6.061062216758728027e-02
1.889200061559677124e-01;-2.463805302977561951e-02;-1.033594831824302673e-02
2.080401033163070679e-01;1.098731383681297302e-01;-4.505539685487747192e-02
1.898240894079208374e-01;-1.640424579381942749e-01;-2.723518386483192444e-02
-2.632499933242797852e-01;-3.432153761386871338e-01;-4.955325126647949219e-01
2.269787639379501343e-01;-1.337317526340484619e-01;-7.205332070589065552e-02
-2.201359122991561890e-01;2.504757046699523926e-01;4.339909553527832031e-01
2.479885369539260864e-01;-5.733291618525981903e-04;1.182464808225631714e-01
1.840379387140274048e-01;-2.769196331501007080e-01;-2.275826968252658844e-02
2.072670906782150269e-01;3.414336740970611572e-01;6.141663715243339539e-02
1.915845423936843872e-01;-3.055027127265930176e-01;3.264679014682769775e-02
-3.139066994190216064e-01;-2.380973398685455322e-01;4.700993597507476807e-01
-2.326397746801376343e-01;-3.684006035327911377e-01;4.361944198608398438e-01
1.825389713048934937e-01;3.339723348617553711e-01;-1.551383640617132187e-02
-2.240334153175354004e-01;3.861858844757080078e-01;-4.937241077423095703e-01
-3.496025204658508301e-01;-4.017378091812133789e-01;-5.156998038291931152e-01
-2.492617219686508179e-01;4.305551648139953613e-01;4.426441788673400879e-01
2.498194128274917603e-01;1.801174730062484741e-01;-1.065977960824966431e-01
2.335214316844940186e-01;-2.790527045726776123e-01;-9.557868540287017822e-02
-3.672409951686859131e-01;-1.001317128539085388e-01;4.932280480861663818e-01
2.455262392759323120e-01;-3.338768184185028076e-01;1.257447600364685059e-01
-1.185105293989181519e-01;-3.561259061098098755e-02;4.036676585674285889e-01
1.826864033937454224e-01;-4.620073735713958740e-01;2.942914515733718872e-02
1.880114078521728516e-01;4.876220822334289551e-01;4.231198132038116455e-02
2.042055428028106689e-01;4.465359449386596680e-01;-6.627653539180755615e-02
-2.014279365539550781e-01;-2.120553702116012573e-01;-4.935375452041625977e-01
-1.734953969717025757e-01;-4.352514743804931641e-01;4.198918938636779785e-01
2.021268010139465332e-01;5.138744711875915527e-01;7.144537568092346191e-02
-4.496647119522094727e-01;1.432060748338699341e-01;-5.838437676429748535e-01
-2.558041810989379883e-01;-6.792925000190734863e-01;-4.952526986598968506e-01
2.623244822025299072e-01;-2.816452682018280029e-01;1.639819145202636719e-01
-9.180804342031478882e-02;7.317799329757690430e-02;3.995690643787384033e-01
2.549983859062194824e-01;2.769621610641479492e-01;-1.324795782566070557e-01
1.778035610914230347e-01;-5.348152518272399902e-01;-3.257450833916664124e-02
2.044266015291213989e-01;-5.514246225357055664e-01;8.012992143630981445e-02
-2.552852332592010498e-01;-7.291731834411621094e-01;-4.532754421234130859e-01
-1.949145793914794922e-01;1.542259901762008667e-01;-4.934777319431304932e-01
2.619577348232269287e-01;-1.961127072572708130e-01;-1.405925154685974121e-01
2.696309983730316162e-01;-1.046460121870040894e-01;1.765143871307373047e-01
-3.007819950580596924e-01;-6.084187626838684082e-01;4.613507986068725586e-01
-4.542883336544036865e-01;-5.865086913108825684e-01;-5.866035819053649902e-01
1.890203505754470825e-01;5.537021160125732422e-01;-5.932879820466041565e-02
-2.056037783622741699e-01;-4.154132306575775146e-01;-4.934566915035247803e-01
2.335561066865921021e-01;-4.407425224781036377e-01;-1.185063868761062622e-01
1.996520757675170898e-01;5.889909267425537109e-01;7.827975600957870483e-02
-8.065409213304519653e-02;-1.414515525102615356e-01;3.979633748531341553e-01
1.957489997148513794e-01;-5.683563351631164551e-01;-8.060430735349655151e-02
1.935162842273712158e-01;5.929004549980163574e-01;-7.659084349870681763e-02
2.691313922405242920e-01;3.148385882377624512e-01;1.935492008924484253e-01
2.526418268680572510e-01;5.261489748954772949e-01;1.712915003299713135e-01
2.506915032863616943e-01;-5.195277333259582520e-01;1.640027761459350586e-01
-1.168268397450447083e-01;5.256802439689636230e-01;4.102682173252105713e-01
2.740641832351684570e-01;-2.290343940258026123e-01;2.051183283329010010e-01
2.043782919645309448e-01;-6.337330341339111328e-01;9.688287973403930664e-02
2.095593065023422241e-01;-6.021500825881958008e-01;-1.155155375599861145e-01
-2.757706940174102783e-01;7.340800762176513672e-01;-4.980540275573730469e-01
2.272739410400390625e-01;6.020843982696533203e-01;-1.379445940256118774e-01
-2.696283161640167236e-01;7.493650913238525391e-01;-4.847390353679656982e-01
2.726978659629821777e-01;-1.705557703971862793e-01;-1.802165508270263672e-01
2.327139973640441895e-01;6.726716756820678711e-01;1.505145132541656494e-01
2.751832902431488037e-01;1.655281186103820801e-01;-1.848403066396713257e-01
1.623808890581130981e-01;-6.974574923515319824e-01;4.550851508975028992e-02
-2.021367251873016357e-01;7.535606622695922852e-01;4.325272738933563232e-01
-3.698354065418243408e-01;-6.884037256240844727e-01;-5.243700742721557617e-01
1.708426773548126221e-01;7.230053544044494629e-01;6.438066065311431885e-02
1.443246454000473022e-01;-7.329401373863220215e-01;2.072626724839210510e-02
-4.050212204456329346e-01;3.539818823337554932e-01;5.065290927886962891e-01
1.508863866329193115e-01;-7.187301516532897949e-01;-3.959720581769943237e-02
1.331793218851089478e-01;7.906347513198852539e-01;2.025240287184715271e-02
7.935503125190734863e-02;-7.565450668334960938e-01;-1.073978375643491745e-02
1.103809252381324768e-01;-7.612420320510864258e-01;-3.038904443383216858e-02
-2.884416878223419189e-01;-7.227258682250976562e-01;-4.001285433769226074e-01
1.493657529354095459e-01;7.932986617088317871e-01;5.144067108631134033e-02
9.624926000833511353e-02;-7.581364512443542480e-01;-4.243068769574165344e-02
1.666555255651473999e-01;7.220377922058105469e-01;-6.852683424949645996e-02
1.392990946769714355e-01;7.692064046859741211e-01;-3.641669824719429016e-02
7.728799432516098022e-02;-7.564861178398132324e-01;3.304173424839973450e-02
1.375042945146560669e-01;7.908827662467956543e-01;-2.227960526943206787e-02
7.858958840370178223e-02;7.802757620811462402e-01;6.242335587739944458e-02
-1.867859512567520142e-01;7.543032169342041016e-01;-3.738963901996612549e-01
1.273720413446426392e-01;-7.611951231956481934e-01;-6.630346924066543579e-02
1.373099535703659058e-01;-7.627934217453002930e-01;-6.865587830543518066e-02
1.868904083967208862e-01;7.457844614982604980e-01;9.800937771797180176e-02
1.911017149686813354e-01;7.168474793434143066e-01;-1.108792349696159363e-01
-4.078338444232940674e-01;3.024246990680694580e-01;-5.452996492385864258e-01
1.704626828432083130e-01;-7.699943780899047852e-01;9.118434786796569824e-02
7.266002893447875977e-02;7.793317437171936035e-01;-2.389151137322187424e-03
-5.960435047745704651e-02;-7.138168811798095703e-01;-4.935479760169982910e-01
1.879386454820632935e-01;-7.092879414558410645e-01;-1.129343435168266296e-01
2.004431188106536865e-01;-7.294585704803466797e-01;1.194396018981933594e-01
7.762829959392547607e-02;7.774395942687988281e-01;-7.358331233263015747e-02
-9.547673910856246948e-02;7.270918488502502441e-01;-4.935504496097564697e-01
1.065849736332893372e-01;7.846779823303222656e-01;-3.919874876737594604e-02
2.473081201314926147e-01;-6.646007895469665527e-01;1.856797039508819580e-01
1.897693276405334473e-01;7.961200475692749023e-01;9.712592512369155884e-02
1.715136468410491943e-01;-7.686852216720581055e-01;1.149026900529861450e-01
