-3.437439501285552979e-01;-9.414191544055938721e-02;5.852289199829101562e-01
-2.751623094081878662e-01;-5.356146395206451416e-02;5.330438017845153809e-01
-3.957787454128265381e-01;4.420304298400878906e-02;5.310212969779968262e-01
-2.537854015827178955e-01;-1.886056214570999146e-01;4.869117140769958496e-01
-3.169396519660949707e-01;-1.918241381645202637e-01;4.550424218177795410e-01
-4.101821482181549072e-01;5.975118279457092285e-02;6.302440762519836426e-01
-3.754380941390991211e-01;-2.601338922977447510e-01;5.300501585006713867e-01
-2.822703123092651367e-01;2.901079505681991577e-02;4.590355753898620605e-01
-2.121043652296066284e-01;-1.599863171577453613e-01;4.452527463436126709e-01
-3.053499460220336914e-01;-2.626758217811584473e-01;4.729916751384735107e-01
-4.127336144447326660e-01;-6.461212038993835449e-01;-6.420111656188964844e-01
-3.542620837688446045e-01;-5.638440847396850586e-01;-5.993226766586303711e-01
-3.013278543949127197e-01;-6.678404808044433594e-01;-5.432691574096679688e-01
-2.518923580646514893e-01;-5.579119324684143066e-01;-5.685262680053710938e-01
-3.152525126934051514e-01;-5.896950960159301758e-01;-4.471898972988128662e-01
-2.925326228141784668e-01;-5.260075926780700684e-01;-4.729452729225158691e-01
-3.739275336265563965e-01;-4.107026457786560059e-01;-5.806098580360412598e-01
-2.149211019277572632e-01;-6.134178042411804199e-01;-4.981313645839691162e-01
-1.496368646621704102e-01;-5.463607311248779297e-01;-5.607249736785888672e-01
-1.708561480045318604e-01;-6.708232760429382324e-01;-4.493806064128875732e-01
4.001606628298759460e-02;5.979633703827857971e-02;-2.866426706314086914e-01
1.276473701000213623e-02;7.557583600282669067e-02;-2.466878443956375122e-01
7.906141877174377441e-02;-3.170285373926162720e-03;-1.853530406951904297e-01
-1.418854594230651855e-01;4.709509387612342834e-02;-2.841612696647644043e-01
1.017744913697242737e-01;-1.120753213763237000e-02;-1.243803054094314575e-01
-1.910603046417236328e-02;2.466283142566680908e-01;-3.771161139011383057e-01
9.380917251110076904e-02;1.658747643232345581e-01;-8.403702080249786377e-02
-1.939579248428344727e-01;-4.039641842246055603e-02;-3.454619646072387695e-01
1.410399228334426880e-01;3.130125403404235840e-01;-2.282904684543609619e-01
4.154196009039878845e-02;-1.684649437665939331e-01;-1.095498949289321899e-01
-3.303046822547912598e-01;6.281254291534423828e-01;4.814808368682861328e-01
-2.686092555522918701e-01;6.874172091484069824e-01;4.573543965816497803e-01
-2.675707638263702393e-01;6.967428326606750488e-01;5.598986744880676270e-01
-2.098771631717681885e-01;5.267028212547302246e-01;5.539266467094421387e-01
-1.269071251153945923e-01;6.259651780128479004e-01;4.318102300167083740e-01
-3.724478185176849365e-01;4.458536207675933838e-01;6.025479435920715332e-01
-1.119057238101959229e-01;6.349142789840698242e-01;3.999573588371276855e-01
-2.365663200616836548e-01;4.529626369476318359e-01;3.571176230907440186e-01
-1.275199651718139648e-01;6.916679143905639648e-01;3.462942838668823242e-01
-8.155527710914611816e-02;6.963416934013366699e-01;4.295539259910583496e-01
4.142742976546287537e-02;6.972991824150085449e-01;-3.316379189491271973e-01
-6.472773849964141846e-03;6.275238990783691406e-01;-4.321652054786682129e-01
-1.215920895338058472e-01;6.915869712829589844e-01;-3.411324024200439453e-01
1.919662654399871826e-01;6.706449389457702637e-01;-2.266523987054824829e-01
1.601831614971160889e-01;7.129524946212768555e-01;-1.810188293457031250e-01
6.907697021961212158e-02;5.774827003479003906e-01;-1.808467507362365723e-01
1.899176985025405884e-01;7.141824960708618164e-01;-1.847293674945831299e-01
-1.398828774690628052e-01;6.280450224876403809e-01;-4.111075401306152344e-01
-1.276512742042541504e-01;6.959409713745117188e-01;-4.617052078247070312e-01
1.179314106702804565e-01;7.135102748870849609e-01;-1.176607906818389893e-01
2.094767838716506958e-01;-2.862041294574737549e-01;-8.181063830852508545e-02
2.299057841300964355e-01;-2.784409224987030029e-01;-1.117603033781051636e-01
1.924983561038970947e-01;-3.291904032230377197e-01;-5.017377436161041260e-02
2.460344135761260986e-01;-3.295033872127532959e-01;-5.498246103525161743e-02
2.087505608797073364e-01;-3.512300550937652588e-01;-9.763158112764358521e-02
2.464704662561416626e-01;-3.891713023185729980e-01;-8.769428730010986328e-02
2.384840399026870728e-01;-3.958738148212432861e-01;-3.771548345685005188e-02
1.340799182653427124e-01;-3.557375073432922363e-01;-1.718251109123229980e-01
2.265511006116867065e-01;-2.069315016269683838e-01;3.082713484764099121e-02
1.886067688465118408e-01;-3.984775543212890625e-01;3.385491669178009033e-03
2.272362858057022095e-01;3.972781598567962646e-01;-1.418141573667526245e-01
1.858185827732086182e-01;3.820915520191192627e-01;-1.050402969121932983e-01
2.445259988307952881e-01;4.596119523048400879e-01;-1.000796332955360413e-01
1.318056583404541016e-01;3.998773097991943359e-01;-1.472301930189132690e-01
2.520861029624938965e-01;5.055376291275024414e-01;-1.626672297716140747e-01
2.383995205163955688e-01;4.146221578121185303e-01;-2.454337477684020996e-02
2.020189166069030762e-01;2.910556793212890625e-01;-4.746987670660018921e-02
1.410399228334426880e-01;3.130125403404235840e-01;-2.282904684543609619e-01
1.714587062597274780e-01;5.008929371833801270e-01;-4.152619838714599609e-02
2.034974247217178345e-01;3.456920385360717773e-01;9.123072028160095215e-03
2.196859568357467651e-01;1.106811016798019409e-01;-4.415969923138618469e-02
2.653067111968994141e-01;1.218898519873619080e-01;-8.694799244403839111e-02
1.711747348308563232e-01;5.846050754189491272e-02;2.706849947571754456e-02
2.539156675338745117e-01;2.103274315595626831e-01;-2.664086967706680298e-02
2.365258932113647461e-01;7.646784186363220215e-03;-7.837492227554321289e-02
2.518212199211120605e-01;1.160678192973136902e-01;6.476409733295440674e-02
2.097752094268798828e-01;2.204895317554473877e-01;-9.729355573654174805e-03
2.226242572069168091e-01;-1.605866849422454834e-02;-5.599568784236907959e-02
1.868608444929122925e-01;8.613016456365585327e-02;7.786981761455535889e-02
9.380917251110076904e-02;1.658747643232345581e-01;-8.403702080249786377e-02
-4.084449708461761475e-01;-4.231068193912506104e-01;5.357149839401245117e-01
-2.893918156623840332e-01;-4.935429096221923828e-01;5.018498897552490234e-01
-3.754380941390991211e-01;-2.601338922977447510e-01;5.300501585006713867e-01
-2.676839232444763184e-01;-3.251568377017974854e-01;5.262861847877502441e-01
-2.374505698680877686e-01;-4.039999544620513916e-01;4.542692601680755615e-01
-2.855829596519470215e-01;-5.709519386291503906e-01;5.353645086288452148e-01
-3.317930400371551514e-01;-5.994572043418884277e-01;4.819945394992828369e-01
-3.053499460220336914e-01;-2.626758217811584473e-01;4.729916751384735107e-01
-2.260463982820510864e-01;-4.175380468368530273e-01;4.454216957092285156e-01
-1.696093976497650146e-01;-4.408760368824005127e-01;4.373481869697570801e-01
1.942772269248962402e-01;7.253354787826538086e-01;-9.893917292356491089e-02
2.073314338922500610e-01;7.073519825935363770e-01;-8.967987447977066040e-02
1.895145922899246216e-01;7.283611297607421875e-01;-7.015526294708251953e-02
1.858142167329788208e-01;7.204417586326599121e-01;-5.175071582198143005e-02
1.544384360313415527e-01;7.181941866874694824e-01;-1.305351257324218750e-01
2.183522731065750122e-01;7.238638401031494141e-01;-1.464499235153198242e-01
1.257261484861373901e-01;7.173014283180236816e-01;-8.111177384853363037e-02
1.329921931028366089e-01;6.973195672035217285e-01;-7.494684308767318726e-02
1.230168342590332031e-01;7.166827321052551270e-01;-8.213043957948684692e-02
1.185886114835739136e-01;7.136480212211608887e-01;-1.173059195280075073e-01
-2.560867965221405029e-01;5.087652206420898438e-01;-4.005690813064575195e-01
-3.334199786186218262e-01;5.063184499740600586e-01;-4.605751335620880127e-01
-1.527714133262634277e-01;5.114077925682067871e-01;-3.224851489067077637e-01
-1.398828774690628052e-01;6.280450224876403809e-01;-4.111075401306152344e-01
-2.234094440937042236e-01;5.601209998130798340e-01;-5.615521669387817383e-01
-2.982614040374755859e-01;6.301841139793395996e-01;-5.192542076110839844e-01
-2.372864633798599243e-01;4.211788177490234375e-01;-5.650212764739990234e-01
-7.451489567756652832e-02;4.486145377159118652e-01;-4.596798121929168701e-01
-2.750888764858245850e-01;6.290175914764404297e-01;-5.688381791114807129e-01
-1.281005144119262695e-01;3.856599032878875732e-01;-5.103161931037902832e-01
1.833526641130447388e-01;-6.570580601692199707e-01;-1.820632070302963257e-01
1.572593897581100464e-01;-6.887939572334289551e-01;-1.707680225372314453e-01
1.502977758646011353e-01;-6.810827255249023438e-01;-2.238587290048599243e-01
2.223594486713409424e-01;-6.966201663017272949e-01;-1.595317870378494263e-01
1.979999691247940063e-01;-6.983342170715332031e-01;-1.409283131361007690e-01
1.423120647668838501e-01;-6.809409260749816895e-01;-2.195522934198379517e-01
1.414662152528762817e-01;-6.889716982841491699e-01;-1.465362459421157837e-01
1.454824954271316528e-01;-6.741871237754821777e-01;-1.237749531865119934e-01
2.064378559589385986e-01;-7.039710879325866699e-01;-1.142535656690597534e-01
9.399537742137908936e-02;-6.171466708183288574e-01;-1.738801151514053345e-01
-1.399568170309066772e-01;4.097134247422218323e-02;4.241918623447418213e-01
-1.391553580760955811e-01;1.060203611850738525e-01;4.235226511955261230e-01
-1.392945498228073120e-01;1.323632746934890747e-01;4.575057327747344971e-01
-1.439014822244644165e-01;1.573259681463241577e-01;4.141700863838195801e-01
-1.256754994392395020e-01;-7.456754148006439209e-02;4.123256802558898926e-01
-1.244287416338920593e-01;-5.755593255162239075e-02;5.026589632034301758e-01
-9.414330869913101196e-02;-8.351038396358489990e-02;4.150323569774627686e-01
-1.257347166538238525e-01;1.750648766756057739e-01;4.213448762893676758e-01
-2.822703123092651367e-01;2.901079505681991577e-02;4.590355753898620605e-01
-1.749622821807861328e-01;1.751173287630081177e-01;3.721310496330261230e-01
-2.903219461441040039e-01;4.809562861919403076e-01;-5.159174203872680664e-01
-2.735944390296936035e-01;5.422981381416320801e-01;-5.353177785873413086e-01
-2.990580797195434570e-01;5.846267342567443848e-01;-5.438293814659118652e-01
-3.124743402004241943e-01;6.144062280654907227e-01;-5.554540157318115234e-01
-2.920025587081909180e-01;6.242949366569519043e-01;-5.561299920082092285e-01
-2.800584137439727783e-01;6.417435407638549805e-01;-5.485612750053405762e-01
-2.729469835758209229e-01;6.518797278404235840e-01;-5.362423658370971680e-01
-2.436755746603012085e-01;6.438240408897399902e-01;-5.189285874366760254e-01
-2.016682326793670654e-01;6.380523443222045898e-01;-4.992230534553527832e-01
-1.509376168251037598e-01;6.629189252853393555e-01;-4.865363240242004395e-01
1.961574554443359375e-01;6.701087951660156250e-01;1.370845437049865723e-01
1.974647045135498047e-01;6.859150528907775879e-01;1.333753168582916260e-01
1.999496519565582275e-01;6.933330893516540527e-01;1.372494101524353027e-01
2.026237547397613525e-01;6.982761621475219727e-01;1.414101123809814453e-01
2.025794088840484619e-01;7.035567164421081543e-01;1.444437652826309204e-01
2.056410163640975952e-01;7.078691124916076660e-01;1.415014863014221191e-01
2.077278643846511841e-01;7.112417221069335938e-01;1.413695514202117920e-01
2.091959267854690552e-01;7.107153534889221191e-01;1.416658759117126465e-01
2.064105421304702759e-01;7.132290005683898926e-01;1.471778154373168945e-01
2.107647061347961426e-01;7.094333171844482422e-01;1.655523180961608887e-01
1.693705916404724121e-01;-6.960616111755371094e-01;5.470165237784385681e-02
1.730970889329910278e-01;-6.965657472610473633e-01;6.951700150966644287e-02
1.746800541877746582e-01;-6.941757202148437500e-01;7.898480445146560669e-02
1.755266785621643066e-01;-6.935245990753173828e-01;8.031038939952850342e-02
1.760906577110290527e-01;-6.952202320098876953e-01;8.477058261632919312e-02
1.766790300607681274e-01;-6.965050101280212402e-01;9.120576083660125732e-02
1.800510734319686890e-01;-6.974459886550903320e-01;9.953396022319793701e-02
1.847523599863052368e-01;-6.984735131263732910e-01;1.066467761993408203e-01
1.885536313056945801e-01;-6.963947415351867676e-01;1.147334873676300049e-01
1.957421898841857910e-01;-6.810854673385620117e-01;1.195209696888923645e-01
-2.820989787578582764e-01;-6.364969015121459961e-01;4.255656898021697998e-01
-2.722673416137695312e-01;-6.196077466011047363e-01;4.448910355567932129e-01
-2.666078209877014160e-01;-6.017752289772033691e-01;4.720326662063598633e-01
-2.641523480415344238e-01;-5.878155231475830078e-01;4.889440834522247314e-01
-2.429540455341339111e-01;-5.816590785980224609e-01;4.889458715915679932e-01
-2.162195891141891479e-01;-5.787498950958251953e-01;4.804367423057556152e-01
-1.924546957015991211e-01;-5.825207829475402832e-01;4.768707752227783203e-01
-1.704040765762329102e-01;-5.855501890182495117e-01;4.739369153976440430e-01
-1.556832939386367798e-01;-5.799730420112609863e-01;4.651061296463012695e-01
-1.523984968662261963e-01;-5.492576360702514648e-01;4.547461569309234619e-01
-5.601920932531356812e-02;4.974529892206192017e-02;2.636733651161193848e-01
-8.862346410751342773e-03;1.356679201126098633e-02;2.623164057731628418e-01
2.373261377215385437e-02;1.905475556850433350e-02;2.249966710805892944e-01
2.712599188089370728e-02;6.888332962989807129e-02;1.901569217443466187e-01
2.997967787086963654e-02;9.161356091499328613e-02;1.858898103237152100e-01
2.617369592189788818e-02;1.057338416576385498e-01;2.068526744842529297e-01
1.777605712413787842e-02;1.314028203487396240e-01;2.327115684747695923e-01
1.938872784376144409e-02;1.430057585239410400e-01;2.545180916786193848e-01
3.867868706583976746e-02;1.649966537952423096e-01;2.492332458496093750e-01
7.961276173591613770e-02;2.369604706764221191e-01;2.463906854391098022e-01
-3.733018636703491211e-01;-3.210211396217346191e-01;-6.049960255622863770e-01
-3.284687101840972900e-01;-2.315705120563507080e-01;-5.843955278396606445e-01
-3.697016537189483643e-01;-1.543920338153839111e-01;-5.869874954223632812e-01
-3.543698191642761230e-01;-1.241072714328765869e-01;-5.751936435699462891e-01
-3.134498894214630127e-01;-1.156979203224182129e-01;-5.423755645751953125e-01
-2.790807485580444336e-01;-9.982161223888397217e-02;-5.121555328369140625e-01
-2.729669511318206787e-01;-5.373402684926986694e-02;-5.166704058647155762e-01
-2.738978266716003418e-01;-7.587075233459472656e-03;-5.278226733207702637e-01
-2.805587947368621826e-01;1.340039074420928955e-02;-5.258405208587646484e-01
-2.724700570106506348e-01;2.419948577880859375e-04;-4.965840578079223633e-01
-1.633857488632202148e-01;-6.600525379180908203e-01;-4.192786812782287598e-01
-1.226239651441574097e-01;-6.631197333335876465e-01;-3.835130631923675537e-01
-7.382127642631530762e-02;-6.740348339080810547e-01;-3.490248322486877441e-01
-4.236808419227600098e-02;-6.662447452545166016e-01;-3.217772543430328369e-01
-3.231091797351837158e-02;-6.316850781440734863e-01;-3.253033161163330078e-01
-3.948955610394477844e-02;-5.714520812034606934e-01;-3.471680879592895508e-01
-4.138497263193130493e-02;-5.233250260353088379e-01;-3.489933609962463379e-01
-2.234397642314434052e-02;-5.100473165512084961e-01;-3.234025835990905762e-01
2.520666271448135376e-02;-5.376505851745605469e-01;-2.956261634826660156e-01
6.750506162643432617e-02;-5.621609091758728027e-01;-2.598785161972045898e-01
-2.890058159828186035e-01;1.363862305879592896e-01;-5.550141930580139160e-01
-2.542970776557922363e-01;1.036221832036972046e-01;-5.453510880470275879e-01
-2.685320079326629639e-01;2.060980200767517090e-01;-5.631742477416992188e-01
-2.916161119937896729e-01;2.667678892612457275e-01;-5.781301856040954590e-01
-2.558748424053192139e-01;2.637954652309417725e-01;-5.564777851104736328e-01
-2.298155874013900757e-01;2.854499220848083496e-01;-5.435926914215087891e-01
-2.141190320253372192e-01;3.196369409561157227e-01;-5.397434234619140625e-01
-1.618639826774597168e-01;2.958416044712066650e-01;-5.166434049606323242e-01
-1.366376727819442749e-01;3.145363628864288330e-01;-4.941777586936950684e-01
-1.170261651277542114e-01;3.957483172416687012e-01;-4.740336537361145020e-01
-4.472718015313148499e-02;-4.998754858970642090e-01;2.790088057518005371e-01
-8.715211413800716400e-03;-4.777912795543670654e-01;2.501822113990783691e-01
-3.926078975200653076e-02;-4.318011105060577393e-01;2.693500220775604248e-01
-5.191899836063385010e-02;-4.099297523498535156e-01;2.939413189888000488e-01
-5.109203606843948364e-02;-3.938721120357513428e-01;3.081296384334564209e-01
-3.595789894461631775e-02;-3.747025132179260254e-01;2.963379621505737305e-01
-1.399055123329162598e-03;-3.772629499435424805e-01;2.702362537384033203e-01
5.013899132609367371e-02;-3.887248337268829346e-01;2.474518120288848877e-01
8.851451426744461060e-02;-3.578496277332305908e-01;2.414086759090423584e-01
1.016358360648155212e-01;-3.003794848918914795e-01;2.473750412464141846e-01
-2.051443755626678467e-01;2.538202404975891113e-01;3.915137350559234619e-01
-1.557999849319458008e-01;1.859407275915145874e-01;4.008909463882446289e-01
-1.471230983734130859e-01;1.980640143156051636e-01;4.106473028659820557e-01
-1.498273909091949463e-01;2.667304873466491699e-01;3.942613601684570312e-01
-1.622398197650909424e-01;3.432471752166748047e-01;4.076059758663177490e-01
-1.732817292213439941e-01;3.829396069049835205e-01;4.248221218585968018e-01
-1.803441494703292847e-01;3.903873860836029053e-01;4.400224089622497559e-01
-1.711550652980804443e-01;3.836305737495422363e-01;4.385027587413787842e-01
-1.122192591428756714e-01;3.669424057006835938e-01;4.065964221954345703e-01
-2.920635044574737549e-02;3.907120823860168457e-01;3.622452914714813232e-01
-1.767693161964416504e-01;-3.298631608486175537e-01;-4.357116222381591797e-01
-1.774108558893203735e-01;-3.015641570091247559e-01;-4.442340731620788574e-01
-1.675291359424591064e-01;-2.608398795127868652e-01;-4.205948114395141602e-01
-1.854869127273559570e-01;-2.089118212461471558e-01;-3.867688179016113281e-01
-2.006587833166122437e-01;-1.765030324459075928e-01;-3.633155226707458496e-01
-1.912838667631149292e-01;-1.556204557418823242e-01;-3.571442961692810059e-01
-1.454236358404159546e-01;-1.724758446216583252e-01;-3.482336699962615967e-01
-9.079940617084503174e-02;-2.090359628200531006e-01;-3.209786713123321533e-01
-6.162057816982269287e-02;-2.242790758609771729e-01;-2.815304696559906006e-01
-5.786857008934020996e-02;-2.039894759654998779e-01;-2.468304336071014404e-01
-5.696265026926994324e-02;6.054942011833190918e-01;2.640757560729980469e-01
-8.588346093893051147e-02;6.424417495727539062e-01;2.922696173191070557e-01
-1.019520610570907593e-01;6.621093750000000000e-01;3.164932727813720703e-01
-9.734405577182769775e-02;6.622825860977172852e-01;3.323687613010406494e-01
-9.172896295785903931e-02;6.641408205032348633e-01;3.430327475070953369e-01
-8.643304556608200073e-02;6.661933660507202148e-01;3.453670144081115723e-01
-7.448782771825790405e-02;6.709429621696472168e-01;3.455652296543121338e-01
-5.404584854841232300e-02;6.760672330856323242e-01;3.462802767753601074e-01
-2.636558189988136292e-02;6.648060679435729980e-01;3.485321998596191406e-01
2.243705466389656067e-02;6.455367207527160645e-01;3.379642665386199951e-01
1.411516368389129639e-01;2.921773195266723633e-01;1.207568049430847168e-01
1.755640059709548950e-01;2.956651151180267334e-01;1.053731441497802734e-01
1.886237859725952148e-01;3.184611201286315918e-01;9.915614128112792969e-02
1.871393918991088867e-01;3.343421220779418945e-01;9.736527502536773682e-02
1.845203489065170288e-01;3.445154428482055664e-01;1.070786565542221069e-01
1.821934431791305542e-01;3.581039309501647949e-01;1.156627386808395386e-01
1.867392957210540771e-01;3.633745908737182617e-01;1.303382217884063721e-01
1.979719996452331543e-01;3.631148934364318848e-01;1.478403359651565552e-01
2.138423472642898560e-01;3.877106904983520508e-01;1.563349366188049316e-01
2.312987148761749268e-01;4.391985833644866943e-01;1.725400835275650024e-01
-1.766733825206756592e-01;-2.305916845798492432e-01;3.713085353374481201e-01
-1.789332628250122070e-01;-2.140381932258605957e-01;3.759872615337371826e-01
-1.775341480970382690e-01;-2.110834568738937378e-01;3.854370713233947754e-01
-1.727331578731536865e-01;-1.972548365592956543e-01;3.916792273521423340e-01
-1.662015020847320557e-01;-1.920533031225204468e-01;4.038348495960235596e-01
-1.540178060531616211e-01;-1.790253818035125732e-01;4.146198630332946777e-01
-1.369997113943099976e-01;-1.638976335525512695e-01;4.184122383594512939e-01
-1.157394573092460632e-01;-1.534122675657272339e-01;4.169841110706329346e-01
-9.986668080091476440e-02;-1.379593610763549805e-01;4.222848713397979736e-01
-7.978999614715576172e-02;-1.323136836290359497e-01;4.290218055248260498e-01
-8.319909870624542236e-02;3.473281860351562500e-01;-3.882734775543212891e-01
-8.491963893175125122e-02;3.810662329196929932e-01;-4.074324965476989746e-01
-8.096745610237121582e-02;3.808035552501678467e-01;-3.661484420299530029e-01
-7.848139107227325439e-02;3.905402421951293945e-01;-3.030266463756561279e-01
-6.273140758275985718e-02;4.019999206066131592e-01;-2.802043855190277100e-01
3.406006842851638794e-03;3.961234986782073975e-01;-2.701208293437957764e-01
8.111064881086349487e-02;3.908873796463012695e-01;-2.404700815677642822e-01
1.116963550448417664e-01;4.098302423954010010e-01;-2.079406976699829102e-01
9.880035370588302612e-02;4.698654711246490479e-01;-1.845638155937194824e-01
9.982962161302566528e-02;4.923803806304931641e-01;-1.821556836366653442e-01
-2.454229295253753662e-01;-5.765604376792907715e-01;-5.220021009445190430e-01
-2.127899229526519775e-01;-5.582953691482543945e-01;-5.240765213966369629e-01
-1.991043537855148315e-01;-5.392792224884033203e-01;-5.351106524467468262e-01
-1.898116022348403931e-01;-5.241098999977111816e-01;-5.345142483711242676e-01
-1.810828447341918945e-01;-5.155824422836303711e-01;-5.270451307296752930e-01
-1.750145554542541504e-01;-4.844568967819213867e-01;-5.305828452110290527e-01
-1.843759119510650635e-01;-4.278652071952819824e-01;-5.311722755432128906e-01
-1.889067292213439941e-01;-3.885985612869262695e-01;-5.220012664794921875e-01
-1.658450961112976074e-01;-3.938068151473999023e-01;-4.961920678615570068e-01
-8.815300464630126953e-02;-4.355807602405548096e-01;-4.431146979331970215e-01
-3.624564707279205322e-01;7.460886240005493164e-02;5.220059156417846680e-01
-3.227087855339050293e-01;1.106445044279098511e-01;5.189151763916015625e-01
-2.996127009391784668e-01;2.643279433250427246e-01;4.960514903068542480e-01
-2.914850413799285889e-01;3.629793524742126465e-01;4.903057217597961426e-01
-2.847381830215454102e-01;3.764895200729370117e-01;5.133460760116577148e-01
-2.857341766357421875e-01;3.721729516983032227e-01;5.193858742713928223e-01
-2.867584824562072754e-01;3.811821639537811279e-01;5.351874828338623047e-01
-2.677417397499084473e-01;4.077365398406982422e-01;5.428521633148193359e-01
-2.198356240987777710e-01;4.221510291099548340e-01;5.306078195571899414e-01
-1.974530071020126343e-01;4.557267725467681885e-01;5.016015768051147461e-01
-3.562487065792083740e-01;-5.677531361579895020e-01;-5.927748084068298340e-01
-2.985454797744750977e-01;-5.503232479095458984e-01;-5.630932450294494629e-01
-2.879344820976257324e-01;-5.433993339538574219e-01;-5.311933159828186035e-01
-3.194344639778137207e-01;-4.876760542392730713e-01;-5.367375016212463379e-01
-3.343294858932495117e-01;-4.303161799907684326e-01;-5.639866590499877930e-01
-2.923570275306701660e-01;-4.016709327697753906e-01;-5.580464601516723633e-01
-2.476089596748352051e-01;-3.701590597629547119e-01;-5.407792329788208008e-01
-2.324110120534896851e-01;-3.382326960563659668e-01;-5.336619615554809570e-01
-2.202943563461303711e-01;-3.357021212577819824e-01;-5.247703194618225098e-01
-2.076645344495773315e-01;-3.197301924228668213e-01;-5.001972913742065430e-01
-5.723746493458747864e-02;-2.545180022716522217e-01;2.332472652196884155e-01
-8.374977856874465942e-03;-2.032216191291809082e-01;2.426050603389739990e-01
4.622681811451911926e-02;-1.687526553869247437e-01;1.947102695703506470e-01
6.444244831800460815e-02;-1.657749265432357788e-01;1.767803877592086792e-01
6.131646409630775452e-02;-1.642586886882781982e-01;1.962830126285552979e-01
5.399850755929946899e-02;-1.421671807765960693e-01;2.145888209342956543e-01
5.402810126543045044e-02;-1.206334233283996582e-01;2.280688285827636719e-01
6.183029711246490479e-02;-9.744860231876373291e-02;2.229554206132888794e-01
8.014562726020812988e-02;-6.227455288171768188e-02;2.092341035604476929e-01
1.180877387523651123e-01;-1.796457171440124512e-02;1.978696733713150024e-01
