8.104514479637145996e-01;4.404680430889129639e-01;-3.862076401710510254e-01
8.259736895561218262e-01;4.130825996398925781e-01;-3.601169586181640625e-01
7.421233654022216797e-01;3.326009809970855713e-01;-3.690563440322875977e-01
7.839424610137939453e-01;4.218668639659881592e-01;-2.117723077535629272e-01
6.714941859245300293e-01;3.613542914390563965e-01;-2.686591148376464844e-01
7.516986727714538574e-01;4.455322325229644775e-01;-1.509804725646972656e-01
6.461451053619384766e-01;4.054921269416809082e-01;-1.351027190685272217e-01
5.937755703926086426e-01;2.145825624465942383e-01;-4.076238274574279785e-01
7.676857113838195801e-01;4.464375376701354980e-01;-7.272094488143920898e-02
7.916875481605529785e-01;1.059680581092834473e-01;-3.470578193664550781e-01
4.807094857096672058e-02;2.150943428277969360e-01;3.656306564807891846e-01
1.142973154783248901e-01;2.062330096960067749e-01;4.016297757625579834e-01
9.305688738822937012e-02;1.455828696489334106e-01;2.852811217308044434e-01
3.086501546204090118e-02;3.997831642627716064e-01;2.735163867473602295e-01
1.059709116816520691e-02;2.303823381662368774e-01;1.509683579206466675e-01
1.926023662090301514e-01;7.344913482666015625e-02;2.525336444377899170e-01
1.506953686475753784e-01;1.673109531402587891e-01;1.539379656314849854e-01
2.416363209486007690e-01;3.911747038364410400e-01;3.836290240287780762e-01
-2.097359150648117065e-01;1.474255621433258057e-01;3.252808153629302979e-01
-1.326328963041305542e-01;3.594632446765899658e-01;2.198553234338760376e-01
-5.301458835601806641e-01;-4.276127815246582031e-01;2.984800338745117188e-01
-5.241741538047790527e-01;-4.277968704700469971e-01;2.788469493389129639e-01
-5.301483869552612305e-01;-4.143207073211669922e-01;2.592430412769317627e-01
-5.301341414451599121e-01;-3.416867554187774658e-01;2.800848484039306641e-01
-5.301703810691833496e-01;-4.276026487350463867e-01;1.217571794986724854e-01
-4.556157290935516357e-01;-2.890169024467468262e-01;3.840275704860687256e-01
-3.485042154788970947e-01;-4.277999699115753174e-01;2.497238069772720337e-01
-3.743945360183715820e-01;-2.784807980060577393e-01;2.818340361118316650e-01
-4.475926458835601807e-01;-2.383860051631927490e-01;2.106990069150924683e-01
-4.392557144165039062e-01;-2.383583486080169678e-01;3.840208053588867188e-01
-5.301564335823059082e-01;4.362238347530364990e-01;9.213940054178237915e-02
-5.301486253738403320e-01;4.040662944316864014e-01;9.852186590433120728e-02
-5.301381945610046387e-01;4.361994266510009766e-01;1.466667801141738892e-01
-5.301560163497924805e-01;4.361841082572937012e-01;-6.978984922170639038e-02
-5.301564335823059082e-01;2.631298303604125977e-01;6.049857288599014282e-02
-5.301411151885986328e-01;3.560896217823028564e-01;2.610635757446289062e-01
-5.301386117935180664e-01;3.642236590385437012e-01;2.697775065898895264e-01
-3.745721280574798584e-01;3.642702996730804443e-01;-2.974309027194976807e-03
-3.188948333263397217e-01;4.365627765655517578e-01;-4.624307155609130859e-03
-5.301515460014343262e-01;2.031933069229125977e-01;6.836712360382080078e-03
9.788828343152999878e-02;-3.956693708896636963e-01;1.288164556026458740e-01
1.470839977264404297e-01;-4.282455444335937500e-01;1.000749245285987854e-01
1.544248163700103760e-01;-2.791397869586944580e-01;1.388185769319534302e-01
1.657633483409881592e-02;-3.511106073856353760e-01;2.983748167753219604e-02
-7.341039925813674927e-02;-4.279097020626068115e-01;1.330653429031372070e-01
3.733585029840469360e-02;-3.614654541015625000e-01;2.912608087062835693e-01
1.868603378534317017e-01;-2.629061937332153320e-01;2.464862465858459473e-01
2.570568323135375977e-01;-4.284707605838775635e-01;-2.361115813255310059e-02
6.642585247755050659e-02;-2.378132492303848267e-01;-3.591407835483551025e-02
2.787382304668426514e-01;-4.283215701580047607e-01;3.166593313217163086e-01
8.178457617759704590e-01;-1.137501150369644165e-01;-1.607812941074371338e-01
7.007882595062255859e-01;-1.501144170761108398e-01;-1.131281480193138123e-01
7.402841448783874512e-01;-2.026005685329437256e-01;-8.845467865467071533e-02
7.532545924186706543e-01;-4.734528809785842896e-02;-3.343906998634338379e-01
6.712912917137145996e-01;3.535933792591094971e-02;-2.168572098016738892e-01
5.882058739662170410e-01;-4.397464543581008911e-02;-1.445614248514175415e-01
7.816629409790039062e-01;-3.769190907478332520e-01;-6.935343891382217407e-02
8.196328878402709961e-01;-4.707135260105133057e-02;1.121931374073028564e-01
8.004664778709411621e-01;3.374412655830383301e-02;-4.076212048530578613e-01
7.916875481605529785e-01;1.059680581092834473e-01;-3.470578193664550781e-01
5.118971467018127441e-01;4.386692643165588379e-01;6.731667555868625641e-03
4.970947206020355225e-01;3.967311382293701172e-01;1.550955176353454590e-01
5.070186257362365723e-01;3.297427296638488770e-01;-1.302523165941238403e-01
6.461451053619384766e-01;4.054921269416809082e-01;-1.351027190685272217e-01
5.987210869789123535e-01;2.570804059505462646e-01;6.338274478912353516e-02
3.679561614990234375e-01;3.658346831798553467e-01;-1.365985125303268433e-01
7.267403602600097656e-01;4.450177848339080811e-01;-1.753436028957366943e-02
5.180974602699279785e-01;2.523644268512725830e-01;1.403389424085617065e-01
2.980347275733947754e-01;3.636984527111053467e-01;7.099229097366333008e-02
7.676857113838195801e-01;4.464375376701354980e-01;-7.272092998027801514e-02
5.032771825790405273e-01;-4.300245940685272217e-01;-1.320640463382005692e-02
6.473919749259948730e-01;-4.335619211196899414e-01;7.086263597011566162e-02
5.342208743095397949e-01;-3.943519890308380127e-01;-1.876492947340011597e-01
6.882358193397521973e-01;-4.350945055484771729e-01;-5.944967642426490784e-02
2.570568323135375977e-01;-4.284707605838775635e-01;-2.361115813255310059e-02
7.410575151443481445e-01;-3.557524979114532471e-01;6.479276716709136963e-02
7.816629409790039062e-01;-3.769190907478332520e-01;-6.935343891382217407e-02
3.529182076454162598e-01;-2.487648278474807739e-01;1.634559035301208496e-01
5.505682826042175293e-01;-2.404341399669647217e-01;-2.364378422498703003e-01
3.526543974876403809e-01;-1.452511250972747803e-01;-4.914766177535057068e-02
2.834268808364868164e-01;1.099184378981590271e-01;-5.027958005666732788e-02
3.799693286418914795e-01;1.844621449708938599e-01;-3.625803440809249878e-02
2.363665699958801270e-01;2.140067815780639648e-01;9.619753807783126831e-03
2.441466152667999268e-01;2.271378189325332642e-01;-1.498986035585403442e-01
2.054332792758941650e-01;2.239779382944107056e-01;-1.395709812641143799e-01
1.290204674005508423e-01;1.615524142980575562e-01;-1.682130694389343262e-01
3.484772145748138428e-01;1.626820117235183716e-01;1.488426923751831055e-01
4.465731084346771240e-01;8.919125050306320190e-02;-1.956446170806884766e-01
4.578770101070404053e-01;9.099256247282028198e-02;8.956895023584365845e-02
2.169380933046340942e-01;-1.380494236946105957e-02;-2.546058595180511475e-01
-5.301126241683959961e-01;1.102113649249076843e-01;4.360554218292236328e-01
-5.056900978088378906e-01;1.017356738448143005e-01;3.947683274745941162e-01
-5.301156640052795410e-01;1.025048345327377319e-01;3.818883001804351807e-01
-5.301156640052795410e-01;1.025048345327377319e-01;3.818883001804351807e-01
-5.301133990287780762e-01;3.772519528865814209e-02;3.690454065799713135e-01
-5.301081538200378418e-01;4.256471991539001465e-03;4.360525012016296387e-01
-5.301269888877868652e-01;1.749132126569747925e-01;3.128146529197692871e-01
-5.118851661682128906e-01;-3.328465670347213745e-02;3.839530050754547119e-01
-5.301144719123840332e-01;-7.150311022996902466e-02;3.830316662788391113e-01
-5.301329493522644043e-01;1.396384388208389282e-01;2.277753949165344238e-01
-1.117734313011169434e-01;-3.195375204086303711e-01;-1.585296988487243652e-01
-1.389025300741195679e-01;-4.279323518276214600e-01;-1.589567810297012329e-01
-3.583662211894989014e-03;-4.280283451080322266e-01;-1.641537994146347046e-01
-1.185602620244026184e-01;-4.278993606567382812e-01;-2.875704169273376465e-01
-3.720952570438385010e-02;-3.602589666843414307e-01;-3.201579749584197998e-01
-3.422775119543075562e-02;-1.985578238964080811e-01;-3.167965114116668701e-01
7.025790214538574219e-02;-2.348333746194839478e-01;-2.390362024307250977e-01
-9.575869143009185791e-02;-1.767796128988265991e-01;5.177706480026245117e-03
-9.732213616371154785e-02;-1.102697253227233887e-01;-2.405041605234146118e-01
1.657633483409881592e-02;-3.511106073856353760e-01;2.983748912811279297e-02
-4.313447773456573486e-01;4.057394266128540039e-01;3.839288651943206787e-01
-5.301359891891479492e-01;4.361339509487152100e-01;3.967644572257995605e-01
-5.301239490509033203e-01;4.361758232116699219e-01;3.550055623054504395e-01
-5.301252603530883789e-01;4.361172616481781006e-01;3.464080095291137695e-01
-4.570409059524536133e-01;2.918391227722167969e-01;3.271626532077789307e-01
-5.301351547241210938e-01;3.195575475692749023e-01;3.677591979503631592e-01
-5.301386117935180664e-01;3.642236590385437012e-01;2.697775065898895264e-01
-5.301411151885986328e-01;3.560896217823028564e-01;2.610635757446289062e-01
-3.471151888370513916e-01;2.045854032039642334e-01;2.824313640594482422e-01
-5.301381945610046387e-01;4.361994266510009766e-01;1.466667801141738892e-01
2.972468435764312744e-01;3.650695383548736572e-01;2.681071758270263672e-01
2.416363209486007690e-01;3.911747038364410400e-01;3.836290240287780762e-01
2.980347275733947754e-01;3.636984527111053467e-01;7.099229097366333008e-02
4.970947206020355225e-01;3.967311382293701172e-01;1.550955176353454590e-01
3.484772145748138428e-01;1.626820117235183716e-01;1.488427072763442993e-01
5.491881966590881348e-01;3.712196946144104004e-01;3.146632611751556396e-01
3.086501359939575195e-02;3.997831642627716064e-01;2.735163867473602295e-01
6.722664833068847656e-02;4.025880694389343262e-01;1.302588731050491333e-01
1.506953686475753784e-01;1.673109531402587891e-01;1.539379656314849854e-01
3.283977806568145752e-01;1.113319098949432373e-01;3.628143370151519775e-01
-5.131319761276245117e-01;-9.108966588973999023e-02;-4.168040454387664795e-01
-5.087690353393554688e-01;-5.992883816361427307e-02;-4.017391800880432129e-01
-5.160112977027893066e-01;-1.528708264231681824e-02;-3.925303816795349121e-01
-5.270392894744873047e-01;1.016173884272575378e-02;-3.823367357254028320e-01
-5.313903093338012695e-01;2.584928646683692932e-02;-3.656530976295471191e-01
-5.344131588935852051e-01;4.626705870032310486e-02;-3.585492372512817383e-01
-5.322198867797851562e-01;6.801280379295349121e-02;-3.607478439807891846e-01
-5.233060121536254883e-01;9.044688940048217773e-02;-3.694495558738708496e-01
-4.976472854614257812e-01;9.524659812450408936e-02;-3.748899102210998535e-01
-4.564968049526214600e-01;8.012850582599639893e-02;-3.727939724922180176e-01
6.565287113189697266e-01;-3.924003243446350098e-01;1.325806677341461182e-01
6.959395408630371094e-01;-3.679536879062652588e-01;1.538958251476287842e-01
7.318193316459655762e-01;-3.426529467105865479e-01;1.540910005569458008e-01
7.583480477333068848e-01;-3.543988764286041260e-01;2.053109854459762573e-01
7.746757268905639648e-01;-3.691916465759277344e-01;2.666502594947814941e-01
7.821921706199645996e-01;-3.619284331798553467e-01;3.004665076732635498e-01
7.880911827087402344e-01;-3.219171464443206787e-01;2.963403165340423584e-01
7.959284186363220215e-01;-2.731179594993591309e-01;2.886078059673309326e-01
8.067205548286437988e-01;-2.288192808628082275e-01;2.889873385429382324e-01
8.157180547714233398e-01;-1.929060071706771851e-01;3.271795809268951416e-01
1.267977356910705566e-01;-3.107925653457641602e-01;-3.542029857635498047e-01
2.288577109575271606e-01;-3.096436858177185059e-01;-3.465844094753265381e-01
3.004460632801055908e-01;-2.895601689815521240e-01;-3.633554577827453613e-01
3.024569153785705566e-01;-2.294980883598327637e-01;-3.763868212699890137e-01
3.258149325847625732e-01;-1.981310695409774780e-01;-3.619367182254791260e-01
3.768823742866516113e-01;-2.061124891042709351e-01;-3.408254683017730713e-01
4.285675883293151855e-01;-2.363357543945312500e-01;-3.209646642208099365e-01
4.749165177345275879e-01;-2.555255889892578125e-01;-3.158727884292602539e-01
5.054432153701782227e-01;-2.619731724262237549e-01;-3.148203194141387939e-01
5.388743281364440918e-01;-2.575508952140808105e-01;-3.028866648674011230e-01
6.091902852058410645e-01;3.491440415382385254e-01;2.361657321453094482e-01
7.080773115158081055e-01;2.711964249610900879e-01;2.640464305877685547e-01
7.608554959297180176e-01;2.236676216125488281e-01;2.782680988311767578e-01
7.869858145713806152e-01;2.282484173774719238e-01;2.899630963802337646e-01
7.877506613731384277e-01;2.721338868141174316e-01;2.469042539596557617e-01
7.851047515869140625e-01;3.452349901199340820e-01;1.666092723608016968e-01
7.863852381706237793e-01;3.913978040218353271e-01;1.216503083705902100e-01
7.761797904968261719e-01;3.944760560989379883e-01;1.706581413745880127e-01
7.672348618507385254e-01;4.239396750926971436e-01;2.933407723903656006e-01
7.934928536415100098e-01;4.332779347896575928e-01;3.444352149963378906e-01
-1.540178805589675903e-01;3.088387846946716309e-01;-2.465440034866333008e-01
-1.020279973745346069e-01;3.196501135826110840e-01;-2.108361572027206421e-01
-6.324928998947143555e-02;3.292440772056579590e-01;-1.978423893451690674e-01
-3.273221105337142944e-02;3.378363847732543945e-01;-1.959053426980972290e-01
-2.317817695438861847e-02;3.740945458412170410e-01;-1.872536540031433105e-01
-1.733373664319515228e-02;3.958656191825866699e-01;-1.587310731410980225e-01
1.955926418304443359e-03;4.123073220252990723e-01;-1.275962144136428833e-01
6.019355356693267822e-02;4.228803217411041260e-01;-1.125230342149734497e-01
1.436852067708969116e-01;4.186618030071258545e-01;-1.350379139184951782e-01
2.237475663423538208e-01;4.299492239952087402e-01;-1.852021366357803345e-01
-4.248547554016113281e-01;-3.567824363708496094e-01;-3.846286237239837646e-01
-3.414831757545471191e-01;-3.707036674022674561e-01;-3.999180793762207031e-01
-2.937791347503662109e-01;-3.695593476295471191e-01;-3.900753855705261230e-01
-2.604436874389648438e-01;-3.511531054973602295e-01;-3.725385069847106934e-01
-2.162690013647079468e-01;-3.497070074081420898e-01;-3.524824976921081543e-01
-1.673462837934494019e-01;-3.583022952079772949e-01;-3.350768983364105225e-01
-1.331290006637573242e-01;-3.534540235996246338e-01;-3.193342685699462891e-01
-1.214676722884178162e-01;-3.247665762901306152e-01;-3.129705786705017090e-01
-1.235772967338562012e-01;-2.968412637710571289e-01;-3.186298608779907227e-01
-9.096282720565795898e-02;-2.859102487564086914e-01;-3.354442119598388672e-01
2.466078102588653564e-01;-5.566705763339996338e-02;-4.013108015060424805e-01
3.075239956378936768e-01;-1.601469516754150391e-02;-3.693826794624328613e-01
3.748099803924560547e-01;3.528448939323425293e-02;-3.509058356285095215e-01
3.878458738327026367e-01;1.126753464341163635e-01;-3.468308448791503906e-01
3.774350285530090332e-01;1.794203817844390869e-01;-3.345839679241180420e-01
3.924649357795715332e-01;1.972235739231109619e-01;-3.078353404998779297e-01
4.293989837169647217e-01;1.947671473026275635e-01;-2.854660153388977051e-01
4.569579064846038818e-01;1.932758241891860962e-01;-2.822642922401428223e-01
4.817534089088439941e-01;1.922913491725921631e-01;-2.942258119583129883e-01
5.285140275955200195e-01;2.139722406864166260e-01;-3.381776213645935059e-01
3.437360525131225586e-01;-1.340979337692260742e-01;2.843900024890899658e-01
3.690052032470703125e-01;-9.333929419517517090e-02;2.859761118888854980e-01
3.919773399829864502e-01;-7.395114749670028687e-02;2.856907248497009277e-01
4.015746116638183594e-01;-5.334557965397834778e-02;2.965562343597412109e-01
4.096996486186981201e-01;-3.236649930477142334e-02;3.078137934207916260e-01
4.133753478527069092e-01;-1.617611385881900787e-02;3.167764842510223389e-01
4.198380112648010254e-01;8.302347734570503235e-03;3.233047127723693848e-01
4.443782269954681396e-01;3.698810189962387085e-02;3.204381465911865234e-01
5.123152732849121094e-01;3.659480810165405273e-02;3.064436018466949463e-01
5.868355035781860352e-01;4.484482109546661377e-02;2.981442511081695557e-01
-4.644694924354553223e-01;-7.101128995418548584e-02;1.612125337123870850e-01
-4.206300079822540283e-01;-3.894969820976257324e-02;1.538156569004058838e-01
-3.847418725490570068e-01;-2.856964617967605591e-02;1.363350301980972290e-01
-3.640584051609039307e-01;-1.831295713782310486e-02;1.462459564208984375e-01
-3.467787504196166992e-01;-3.096599131822586060e-03;1.683195680379867554e-01
-3.264722824096679688e-01;1.173470728099346161e-02;1.842310875654220581e-01
-2.951257824897766113e-01;2.441762201488018036e-02;1.928032487630844116e-01
-2.595227956771850586e-01;2.934637852013111115e-02;1.972934901714324951e-01
-2.268995642662048340e-01;3.131701052188873291e-02;2.059192359447479248e-01
-2.085189968347549438e-01;4.432771354913711548e-02;2.169299274682998657e-01
-5.301945209503173828e-01;-4.201754331588745117e-01;-2.122718989849090576e-01
-5.337191224098205566e-01;-4.132329523563385010e-01;-1.925505399703979492e-01
-5.320737957954406738e-01;-3.934814929962158203e-01;-1.751025319099426270e-01
-5.275776982307434082e-01;-3.725866973400115967e-01;-1.646425724029541016e-01
-5.276594758033752441e-01;-3.492350876331329346e-01;-1.487894654273986816e-01
-5.272030830383300781e-01;-3.266979157924652100e-01;-1.298871040344238281e-01
-5.271056294441223145e-01;-2.998376488685607910e-01;-1.091836690902709961e-01
-5.226894021034240723e-01;-2.751966118812561035e-01;-9.255816787481307983e-02
-5.087176561355590820e-01;-2.561162114143371582e-01;-9.151823073625564575e-02
-4.742300808429718018e-01;-2.661925256252288818e-01;-9.848858416080474854e-02
-1.002615913748741150e-01;-1.796308457851409912e-01;-3.458393514156341553e-01
-5.411163717508316040e-02;-1.822082102298736572e-01;-3.187681138515472412e-01
-1.494864560663700104e-02;-1.888064444065093994e-01;-3.106086254119873047e-01
3.479544073343276978e-03;-1.708863079547882080e-01;-3.136561810970306396e-01
1.147176139056682587e-02;-1.457577794790267944e-01;-3.068481981754302979e-01
1.308253780007362366e-02;-1.108578592538833618e-01;-2.977347970008850098e-01
2.469628117978572845e-02;-7.839152216911315918e-02;-2.886669337749481201e-01
5.851693823933601379e-02;-5.912048369646072388e-02;-2.950221896171569824e-01
1.062956228852272034e-01;-5.535771697759628296e-02;-2.998444437980651855e-01
1.360276490449905396e-01;-2.886397391557693481e-02;-2.647746205329895020e-01
-5.352218151092529297e-01;2.425274252891540527e-01;-3.801754713058471680e-01
-5.155071616172790527e-01;2.888286709785461426e-01;-3.876344561576843262e-01
-4.950363039970397949e-01;3.124115765094757080e-01;-3.835914731025695801e-01
-4.909226596355438232e-01;3.455123007297515869e-01;-3.616842031478881836e-01
-4.815408587455749512e-01;3.630550801753997803e-01;-3.547213077545166016e-01
-4.526019096374511719e-01;3.633234798908233643e-01;-3.557961583137512207e-01
-4.077363610267639160e-01;3.493418097496032715e-01;-3.682107925415039062e-01
-3.529568016529083252e-01;3.434476256370544434e-01;-3.683545291423797607e-01
-3.064227104187011719e-01;3.613860905170440674e-01;-3.410127162933349609e-01
-2.240349352359771729e-01;3.654602169990539551e-01;-3.297483623027801514e-01
5.469087362289428711e-01;-3.705823421478271484e-01;-3.217299580574035645e-01
5.612088441848754883e-01;-3.257311284542083740e-01;-3.077429831027984619e-01
5.828847885131835938e-01;-3.205605149269104004e-01;-3.127419054508209229e-01
6.213617324829101562e-01;-3.437854349613189697e-01;-3.201556205749511719e-01
6.645425558090209961e-01;-3.669102787971496582e-01;-3.133271634578704834e-01
7.014356255531311035e-01;-3.746229112148284912e-01;-2.814777791500091553e-01
7.343081235885620117e-01;-3.859501481056213379e-01;-2.225219607353210449e-01
7.455415725708007812e-01;-3.839830160140991211e-01;-1.482272446155548096e-01
7.347636818885803223e-01;-3.369160890579223633e-01;-1.194690763950347900e-01
7.150201201438903809e-01;-2.492791265249252319e-01;-1.541541963815689087e-01
-2.544398307800292969e-01;3.288827836513519287e-01;6.257379800081253052e-02
-2.179501354694366455e-01;3.221682310104370117e-01;7.685189694166183472e-02
-2.024802267551422119e-01;3.427066802978515625e-01;5.339827388525009155e-02
-1.939788758754730225e-01;3.600715696811676025e-01;5.309964716434478760e-02
-1.816516816616058350e-01;3.771533966064453125e-01;6.822147965431213379e-02
-1.730521619319915771e-01;3.946856260299682617e-01;9.017735719680786133e-02
-1.594177931547164917e-01;4.059921801090240479e-01;1.219625398516654968e-01
-1.358905583620071411e-01;4.025281965732574463e-01;1.573432832956314087e-01
-9.427259117364883423e-02;3.993631303310394287e-01;1.921786218881607056e-01
-3.518638014793395996e-02;4.066338241100311279e-01;2.043172568082809448e-01
6.847442388534545898e-01;-1.728493571281433105e-01;2.800280451774597168e-01
7.174192070960998535e-01;-1.604407429695129395e-01;2.779974043369293213e-01
7.725899815559387207e-01;-1.980974376201629639e-01;2.764051556587219238e-01
7.894052267074584961e-01;-1.870022118091583252e-01;2.735524177551269531e-01
7.767044305801391602e-01;-1.266569942235946655e-01;2.471022307872772217e-01
7.703477144241333008e-01;-8.036570250988006592e-02;2.316804528236389160e-01
7.754119038581848145e-01;-5.878193303942680359e-02;2.479436397552490234e-01
7.827147841453552246e-01;-4.942755773663520813e-02;2.766243219375610352e-01
7.908480763435363770e-01;-2.243553474545478821e-02;2.897679805755615234e-01
7.971213459968566895e-01;5.087333172559738159e-02;3.022354841232299805e-01
-3.026191592216491699e-01;-3.667165040969848633e-01;2.565639019012451172e-01
-2.420383989810943604e-01;-3.289264142513275146e-01;2.286324948072433472e-01
-1.722319126129150391e-01;-3.326334357261657715e-01;2.028069496154785156e-01
-1.362631171941757202e-01;-3.012002706527709961e-01;2.099407464265823364e-01
-1.254173070192337036e-01;-2.678845822811126709e-01;2.492862045764923096e-01
-1.205382943153381348e-01;-2.492464780807495117e-01;2.992637753486633301e-01
-1.077611297369003296e-01;-2.092823237180709839e-01;3.200117349624633789e-01
-8.828547596931457520e-02;-1.699265539646148682e-01;3.163667321205139160e-01
-6.089406460523605347e-02;-1.400651037693023682e-01;3.201962113380432129e-01
1.117996126413345337e-02;-1.842416375875473022e-01;3.316521942615509033e-01
4.909166693687438965e-01;5.423850566148757935e-02;-8.360639214515686035e-03
6.070402860641479492e-01;1.423790305852890015e-02;-2.069443836808204651e-02
6.335854530334472656e-01;4.331752657890319824e-03;-1.321363449096679688e-02
6.219897270202636719e-01;4.431522265076637268e-02;1.322260499000549316e-02
6.109266877174377441e-01;8.483178913593292236e-02;4.864146560430526733e-02
6.146826148033142090e-01;1.145877093076705933e-01;8.357053995132446289e-02
6.322017908096313477e-01;1.437053084373474121e-01;1.097186356782913208e-01
6.625366210937500000e-01;1.536083519458770752e-01;1.249905079603195190e-01
7.006929516792297363e-01;1.339514255523681641e-01;1.461716741323471069e-01
7.387702465057373047e-01;1.401654183864593506e-01;1.404591649770736694e-01
-3.893468677997589111e-01;-5.022654309868812561e-02;-2.475763261318206787e-01
-3.299524784088134766e-01;-3.851011767983436584e-02;-2.342781573534011841e-01
-2.889446914196014404e-01;-4.273399710655212402e-02;-2.646329402923583984e-01
-2.701183557510375977e-01;-2.681237645447254181e-02;-2.818202972412109375e-01
-2.671184241771697998e-01;-8.773815352469682693e-04;-2.688927948474884033e-01
-2.720316052436828613e-01;1.429992448538541794e-02;-2.443106770515441895e-01
-2.763173580169677734e-01;2.663426287472248077e-02;-2.203693538904190063e-01
-2.557457089424133301e-01;3.780166804790496826e-02;-2.114765495061874390e-01
-2.032110989093780518e-01;4.051424190402030945e-02;-2.049136459827423096e-01
-1.607601940631866455e-01;7.059451192617416382e-02;-1.737075746059417725e-01
7.665446400642395020e-02;-4.086595177650451660e-01;1.855664104223251343e-01
1.056722849607467651e-01;-3.529470860958099365e-01;2.101842314004898071e-01
1.926037818193435669e-01;-3.186397254467010498e-01;2.116776704788208008e-01
2.779496312141418457e-01;-3.251248598098754883e-01;2.254290282726287842e-01
2.994630932807922363e-01;-3.485319912433624268e-01;2.755168080329895020e-01
2.921431958675384521e-01;-3.524969220161437988e-01;3.162151873111724854e-01
3.092514276504516602e-01;-3.160142600536346436e-01;3.266717791557312012e-01
3.469429612159729004e-01;-2.556353807449340820e-01;3.323855996131896973e-01
3.671796321868896484e-01;-2.122309207916259766e-01;3.459624052047729492e-01
3.821939229965209961e-01;-1.846306174993515015e-01;3.449420034885406494e-01
