-2.737015485763549805e-01;1.693198531866073608e-01;6.034540534019470215e-01
-2.978929579257965088e-01;-4.933247342705726624e-03;-5.477446913719177246e-01
-3.307455182075500488e-01;1.856272220611572266e-01;-5.996296405792236328e-01
-2.423346936702728271e-01;-3.325663208961486816e-01;5.629441738128662109e-01
-3.358345627784729004e-01;-2.610265016555786133e-01;-6.009421348571777344e-01
-2.032222300767898560e-01;-3.615417778491973877e-01;-5.166358947753906250e-01
-3.298889696598052979e-01;3.057927787303924561e-01;6.020061373710632324e-01
-2.101214081048965454e-01;1.832270063459873199e-03;5.135839581489562988e-01
-2.023277729749679565e-01;3.186692297458648682e-01;5.153340697288513184e-01
-2.673013806343078613e-01;1.489478051662445068e-01;5.332094430923461914e-01
-2.131805121898651123e-01;-5.119469165802001953e-01;-5.189145207405090332e-01
-3.428821861743927002e-01;3.316866457462310791e-01;-5.664504170417785645e-01
1.691145300865173340e-01;-1.782645881175994873e-01;-8.619353175163269043e-02
-1.712198704481124878e-01;2.746187150478363037e-01;-4.712258279323577881e-01
-1.805402636528015137e-01;3.615857660770416260e-01;5.465804934501647949e-01
1.628874838352203369e-01;-6.794258952140808105e-02;1.010653451085090637e-01
-2.990100979804992676e-01;4.871879816055297852e-01;5.878208875656127930e-01
1.405967772006988525e-01;-6.826964765787124634e-02;-7.026430219411849976e-02
-1.934265196323394775e-01;2.725915312767028809e-01;4.744795262813568115e-01
1.688573807477951050e-01;1.527625508606433868e-02;-7.949598133563995361e-02
-1.794237494468688965e-01;-1.712517738342285156e-01;-4.285319745540618896e-01
-2.787000238895416260e-01;-3.415086865425109863e-01;-5.058630108833312988e-01
1.655192822217941284e-01;1.816671490669250488e-01;-7.559094578027725220e-02
-2.877818346023559570e-01;3.156121447682380676e-02;5.403214097023010254e-01
1.523014605045318604e-01;-9.226991981267929077e-02;-3.270917758345603943e-02
1.594777852296829224e-01;-2.402478158473968506e-01;-6.579118967056274414e-02
1.467960923910140991e-01;2.482190728187561035e-01;1.264368891716003418e-01
-1.528390496969223022e-01;2.032187879085540771e-01;-4.634054303169250488e-01
1.537282466888427734e-01;1.988579779863357544e-01;7.428359240293502808e-02
1.571773737668991089e-01;3.237595558166503906e-01;9.267850220203399658e-02
1.508171707391738892e-01;-7.141666114330291748e-02;5.435782298445701599e-02
-1.152295321226119995e-01;1.584352552890777588e-01;4.461503028869628906e-01
-2.074242532253265381e-01;5.167567133903503418e-01;4.769841730594635010e-01
-1.368679404258728027e-01;-3.042478859424591064e-01;-3.744180798530578613e-01
-1.403232365846633911e-01;-4.416336417198181152e-01;-4.621773064136505127e-01
1.464042663574218750e-01;-2.824426591396331787e-01;3.187163546681404114e-02
-2.519210577011108398e-01;-1.044419128447771072e-02;-4.519649744033813477e-01
-7.865673303604125977e-02;2.726254761219024658e-01;3.605106174945831299e-01
1.484994590282440186e-01;7.288556545972824097e-02;-5.477256141602993011e-03
1.530953347682952881e-01;-4.039028584957122803e-01;1.009176522493362427e-01
-1.324287950992584229e-01;-1.729903221130371094e-01;3.843204379081726074e-01
1.666696071624755859e-01;3.922522068023681641e-01;-1.057342439889907837e-01
-3.563433289527893066e-01;4.670624136924743652e-01;-6.085690259933471680e-01
1.534020453691482544e-01;2.785662710666656494e-01;-1.111269593238830566e-01
-1.369583755731582642e-01;1.489005684852600098e-01;-3.557322621345520020e-01
1.404489576816558838e-01;-2.669798731803894043e-01;-4.317099601030349731e-02
-3.331397473812103271e-01;-1.468986421823501587e-01;5.630502104759216309e-01
1.472501754760742188e-01;1.349911689758300781e-01;1.599810086190700531e-02
-1.574788391590118408e-01;-4.830034077167510986e-01;-4.153008759021759033e-01
1.548548042774200439e-01;5.594351887702941895e-01;-1.101530194282531738e-01
1.774238198995590210e-01;2.295291125774383545e-01;1.449076235294342041e-01
1.504333913326263428e-01;-3.287090659141540527e-01;-8.916597813367843628e-02
4.213319718837738037e-02;7.600422203540802002e-02;-2.312132269144058228e-01
1.555211693048477173e-01;-5.242860913276672363e-01;1.364946365356445312e-01
-1.003536209464073181e-01;-4.394445121288299561e-01;-4.037682116031646729e-01
1.516667455434799194e-01;5.195736289024353027e-01;-8.523007482290267944e-02
-3.157559633255004883e-01;6.491659879684448242e-01;-5.565791130065917969e-01
-3.538840115070343018e-01;-5.074263811111450195e-01;-6.081182956695556641e-01
-5.157296732068061829e-02;1.269738525152206421e-01;-3.627158701419830322e-01
1.622076630592346191e-01;4.035909771919250488e-01;-1.190514191985130310e-01
-6.249343603849411011e-02;4.019041061401367188e-01;4.134726226329803467e-01
9.200747311115264893e-02;-1.474250257015228271e-01;2.129378616809844971e-01
6.431648880243301392e-02;-2.672317028045654297e-01;-2.138804346323013306e-01
-1.218731701374053955e-01;-4.437511563301086426e-01;4.962585866451263428e-01
1.472874581813812256e-01;4.454277157783508301e-01;6.905789673328399658e-02
1.547748446464538574e-01;6.041119098663330078e-01;1.612358838319778442e-01
-3.520860970020294189e-01;-3.886834383010864258e-01;-6.135867834091186523e-01
-2.089660763740539551e-01;1.192701011896133423e-01;-3.983567655086517334e-01
-2.064398378133773804e-01;-6.838141083717346191e-01;-5.543354749679565430e-01
1.774964332580566406e-01;3.531376421451568604e-01;1.669956296682357788e-01
1.444076001644134521e-01;3.620807528495788574e-01;-5.500179715454578400e-03
1.324549317359924316e-01;1.934409886598587036e-01;6.785431876778602600e-03
-1.336005777120590210e-01;2.142837792634963989e-01;-3.397711813449859619e-01
4.373968392610549927e-02;1.006887555122375488e-01;1.942910552024841309e-01
-3.802369236946105957e-01;3.610703051090240479e-01;6.173807978630065918e-01
1.353438943624496460e-01;6.825392246246337891e-01;-6.562418490648269653e-02
3.020006604492664337e-02;3.136614561080932617e-01;2.492947876453399658e-01
-1.159966215491294861e-01;5.848075151443481445e-01;-4.248381853103637695e-01
2.249140292406082153e-02;-8.246979862451553345e-02;2.100269198417663574e-01
1.289992332458496094e-01;-6.860416531562805176e-01;2.432353980839252472e-02
1.439273953437805176e-01;-4.260656237602233887e-01;1.928895828314125538e-03
-2.095538936555385590e-02;4.399535655975341797e-01;-3.387665450572967529e-01
-1.569043546915054321e-01;1.888805627822875977e-02;3.791631460189819336e-01
2.968811243772506714e-02;-4.067784920334815979e-02;-1.788329184055328369e-01
1.276199966669082642e-01;7.149117588996887207e-01;3.148862393572926521e-03
1.276199966669082642e-01;7.149117588996887207e-01;3.148862393572926521e-03
-1.998561918735504150e-01;-4.892075657844543457e-01;4.494630992412567139e-01
-4.081173539161682129e-01;-5.028446018695831299e-02;6.746984720230102539e-01
1.305368691682815552e-01;-6.789349913597106934e-01;5.316712707281112671e-02
8.356031775474548340e-02;-3.390441238880157471e-01;-1.350747346878051758e-01
-1.512139439582824707e-01;-4.923213124275207520e-01;5.858965516090393066e-01
1.742149591445922852e-01;-2.038472890853881836e-01;-1.381740123033523560e-01
6.765713915228843689e-03;9.230763465166091919e-02;-3.224493861198425293e-01
1.410064399242401123e-01;6.032238602638244629e-01;8.891243487596511841e-02
1.168654300272464752e-02;2.561815455555915833e-02;3.495642840862274170e-01
5.007269978523254395e-02;4.680473506450653076e-01;2.756417989730834961e-01
-1.700089126825332642e-01;-4.312008023262023926e-01;4.144152700901031494e-01
1.290411502122879028e-01;7.190751433372497559e-01;9.031189233064651489e-02
-3.387752175331115723e-02;-9.553764015436172485e-02;-2.245701402425765991e-01
1.295946836471557617e-01;-6.878007054328918457e-01;-9.426487609744071960e-03
1.299859583377838135e-01;4.595143496990203857e-01;5.412046797573566437e-03
-1.094041671603918076e-02;-3.593399226665496826e-01;2.720602154731750488e-01
1.247814521193504333e-01;-2.548450827598571777e-01;-2.220797352492809296e-03
4.409699887037277222e-02;-3.795627057552337646e-01;-2.667120397090911865e-01
-1.012362167239189148e-01;-4.951287806034088135e-01;-3.539456427097320557e-01
6.369058042764663696e-02;4.751607179641723633e-01;-2.420010417699813843e-01
1.298165917396545410e-01;-6.386629939079284668e-01;-9.851107746362686157e-02
1.242645084857940674e-01;1.428451240062713623e-01;4.428785666823387146e-02
1.315598785877227783e-01;7.173910140991210938e-01;-8.288908749818801880e-02
4.904693365097045898e-02;-4.527466595172882080e-01;2.843708395957946777e-01
1.305709332227706909e-01;-6.971746683120727539e-01;1.045915856957435608e-01
1.392981857061386108e-01;-5.652529001235961914e-01;4.388017952442169189e-02
1.688571274280548096e-02;-3.002904355525970459e-01;-1.855370551347732544e-01
-1.411454379558563232e-01;6.490532159805297852e-01;5.087664723396301270e-01
1.313710957765579224e-01;-6.990780830383300781e-01;1.184715777635574341e-01
7.713913917541503906e-02;-2.790828347206115723e-01;1.334694027900695801e-01
1.324918121099472046e-01;-6.813094615936279297e-01;-5.581201240420341492e-02
1.302953362464904785e-01;7.221316695213317871e-01;1.155435293912887573e-01
-2.012084126472473145e-01;7.014792561531066895e-01;-4.478877186775207520e-01
-1.297692358493804932e-01;3.042297065258026123e-01;5.394333004951477051e-01
1.285405755043029785e-01;7.160143852233886719e-01;-4.491237923502922058e-02
1.393319517374038696e-01;-6.047572493553161621e-01;-4.402703419327735901e-02
1.332936584949493408e-01;-6.949079632759094238e-01;1.278909295797348022e-01
1.292852014303207397e-01;-6.958162188529968262e-01;-5.031356215476989746e-02
-3.353177905082702637e-01;6.960262656211853027e-01;6.349089145660400391e-01
9.631864726543426514e-02;5.868322849273681641e-01;-1.548023968935012817e-01
-8.174356818199157715e-02;6.431401968002319336e-01;4.275490939617156982e-01
1.377703398466110229e-01;-7.016916275024414062e-01;-1.259172707796096802e-01
1.337358057498931885e-01;6.636028289794921875e-01;6.482519954442977905e-02
-2.800391614437103271e-01;-4.092572629451751709e-01;5.028045773506164551e-01
1.427248269319534302e-01;-6.412330269813537598e-01;1.917556524276733398e-01
1.357941925525665283e-01;6.142813563346862793e-01;2.640755847096443176e-02
1.427326649427413940e-01;-6.820764541625976562e-01;-1.341168731451034546e-01
-9.119575470685958862e-02;6.406800150871276855e-01;-3.536069989204406738e-01
7.944122701883316040e-02;1.616753786802291870e-01;2.930314242839813232e-01
1.877253502607345581e-01;-2.267276197671890259e-01;1.769361644983291626e-01
-1.298437416553497314e-01;-1.562235355377197266e-01;-5.011721253395080566e-01
-1.457003057003021240e-01;-6.240686178207397461e-01;5.859074592590332031e-01
7.821858674287796021e-02;4.386844635009765625e-01;1.476210057735443115e-01
-1.249219402670860291e-01;1.572290956974029541e-01;5.349359512329101562e-01
-1.195525601506233215e-01;-1.329065486788749695e-02;-2.931441366672515869e-01
1.335062831640243530e-01;-7.001452445983886719e-01;-9.980273991823196411e-02
-2.901870012283325195e-01;-1.604636609554290771e-01;-4.590516984462738037e-01
-9.371410310268402100e-02;-6.195187568664550781e-01;3.829458057880401611e-01
1.352110356092453003e-01;-7.018163204193115234e-01;1.525009721517562866e-01
-1.366566717624664307e-01;-5.552746653556823730e-01;3.827165365219116211e-01
-3.260592520236968994e-01;-4.422524869441986084e-01;-5.089728236198425293e-01
-4.048142135143280029e-01;5.933930724859237671e-02;-6.339604258537292480e-01
1.823546737432479858e-01;-4.224746525287628174e-01;-1.712871640920639038e-01
-2.138633467257022858e-02;-6.205005049705505371e-01;-3.487855494022369385e-01
7.157568633556365967e-02;-5.626845359802246094e-01;-1.254970431327819824e-01
-6.477883458137512207e-02;-1.987656503915786743e-01;4.816843569278717041e-01
-1.271752268075942993e-01;-3.130606189370155334e-02;-5.015990734100341797e-01
-1.104157641530036926e-01;-6.823925971984863281e-01;5.191721916198730469e-01
1.358232349157333374e-01;7.257547378540039062e-01;1.640117168426513672e-01
7.106663286685943604e-02;4.694505631923675537e-01;-9.812247008085250854e-02
-5.706777796149253845e-02;-6.198696494102478027e-01;3.226014673709869385e-01
1.443048864603042603e-01;7.261836528778076172e-01;1.964683681726455688e-01
4.218168929219245911e-02;-6.920568645000457764e-02;-3.288207948207855225e-01
1.869332194328308105e-01;4.218239188194274902e-01;-1.824996918439865112e-01
-3.277077153325080872e-02;7.073305249214172363e-01;4.101954996585845947e-01
1.348263919353485107e-01;-5.196568965911865234e-01;-2.150849848985671997e-01
-3.460400998592376709e-01;-6.114329099655151367e-01;5.678157806396484375e-01
-4.222365021705627441e-01;-5.852565541863441467e-02;-6.404920816421508789e-01
-4.950337484478950500e-02;5.305798649787902832e-01;2.799999713897705078e-01
1.429324448108673096e-01;-6.980662345886230469e-01;1.833439171314239502e-01
-1.256127506494522095e-01;-6.791585087776184082e-01;-5.497987270355224609e-01
-9.432812780141830444e-02;-5.720746517181396484e-01;-5.037752985954284668e-01
-8.993304334580898285e-03;-6.830601096153259277e-01;3.983405828475952148e-01
-5.633483082056045532e-02;-6.828951835632324219e-01;-4.080221354961395264e-01
1.508216261863708496e-01;-6.971114277839660645e-01;2.114210724830627441e-01
-2.593856155872344971e-01;6.914785504341125488e-01;-4.299361109733581543e-01
-1.449722349643707275e-01;-1.082249134778976440e-01;5.859026312828063965e-01
1.739217154681682587e-02;-3.660648465156555176e-01;1.783573925495147705e-01
-3.973366618156433105e-01;5.636102557182312012e-01;-6.269124746322631836e-01
1.015327777713537216e-02;5.927303433418273926e-01;2.452064156532287598e-01
1.610582768917083740e-01;-6.633631587028503418e-01;-1.922264248132705688e-01
-1.358178406953811646e-01;1.414642632007598877e-01;-5.499485135078430176e-01
-1.285810321569442749e-01;5.188462138175964355e-01;-3.080236017704010010e-01
-3.417707979679107666e-02;-6.149301528930664062e-01;-2.589086890220642090e-01
-3.561652004718780518e-01;-6.101557612419128418e-01;-5.409148335456848145e-01
-1.805814802646636963e-01;6.924391388893127441e-01;3.816821575164794922e-01
-1.011575534939765930e-01;3.915120661258697510e-01;-4.981412887573242188e-01
-7.156968116760253906e-02;-6.813831925392150879e-01;-4.700434207916259766e-01
1.315628290176391602e-01;-2.584270834922790527e-01;2.761445641517639160e-01
1.443181335926055908e-01;7.256527543067932129e-01;-1.627021133899688721e-01
4.714253917336463928e-02;7.088629007339477539e-01;-1.020398959517478943e-01
6.939160078763961792e-02;-2.464214861392974854e-01;-3.258265256881713867e-01
1.453883051872253418e-01;7.256473898887634277e-01;-1.674578189849853516e-01
1.519459187984466553e-01;7.244989275932312012e-01;2.198443114757537842e-01
-4.316580668091773987e-02;-3.760491311550140381e-01;2.253838479518890381e-01
1.583291590213775635e-01;7.228982448577880859e-01;-2.031294852495193481e-01
4.352800548076629639e-02;7.042366266250610352e-01;-5.955421831458806992e-03
1.622724682092666626e-01;-6.823261380195617676e-01;2.385875284671783447e-01
-1.500040441751480103e-01;-6.138990521430969238e-01;-3.184494674205780029e-01
1.591568589210510254e-01;7.058899998664855957e-01;2.321005314588546753e-01
3.201426705345511436e-03;-2.419587969779968262e-01;-1.289105564355850220e-01
1.752419471740722656e-01;-6.083995699882507324e-01;-2.152908146381378174e-01
1.752419471740722656e-01;-6.083995699882507324e-01;-2.152908146381378174e-01
1.565561443567276001e-01;-6.898568272590637207e-01;-1.916160583496093750e-01
-3.112880587577819824e-01;3.036404252052307129e-01;-5.825905799865722656e-01
-3.537950217723846436e-01;1.353695392608642578e-01;-6.071319580078125000e-01
-2.352248877286911011e-01;-3.089154325425624847e-02;-5.595837235450744629e-01
-2.828353047370910645e-01;-3.856846690177917480e-01;-5.734394788742065430e-01
-1.685420423746109009e-01;4.034118652343750000e-01;4.712299406528472900e-01
-2.826720476150512695e-01;-6.503152847290039062e-01;-5.690398216247558594e-01
1.697344332933425903e-01;2.482469677925109863e-01;1.246879473328590393e-01
-2.489661723375320435e-01;2.745714485645294189e-01;4.975569248199462891e-01
1.554929912090301514e-01;1.233297660946846008e-01;-4.216836020350456238e-02
-1.233192160725593567e-01;-2.782627642154693604e-01;4.579779803752899170e-01
-1.129409819841384888e-01;-1.245706602931022644e-01;4.548971652984619141e-01
1.597971171140670776e-01;-2.908473908901214600e-01;-6.755630671977996826e-02
1.471805274486541748e-01;-2.755287885665893555e-01;3.466724231839179993e-02
1.522366553544998169e-01;2.982503175735473633e-01;-4.173772037029266357e-02
1.739113032817840576e-01;2.230773866176605225e-01;-1.032112166285514832e-01
1.494717448949813843e-01;-1.408603042364120483e-01;-2.453537471592426300e-02
1.499239802360534668e-01;-4.414541274309158325e-02;-1.740028709173202515e-02
-2.462553828954696655e-01;-3.177588880062103271e-01;4.968220293521881104e-01
-1.395502984523773193e-01;-4.493398070335388184e-01;4.664111435413360596e-01
1.767484098672866821e-01;2.668655849993228912e-02;1.309816539287567139e-01
1.506352722644805908e-01;1.967735141515731812e-01;6.167402118444442749e-02
1.484128534793853760e-01;6.244187802076339722e-02;3.009751997888088226e-02
-2.718936204910278320e-01;-9.512629359960556030e-02;5.047523379325866699e-01
1.505919247865676880e-01;4.379316568374633789e-01;8.309876173734664917e-02
1.661608070135116577e-01;3.963989913463592529e-01;-1.050536334514617920e-01
1.729208827018737793e-01;-2.608903050422668457e-01;1.402009427547454834e-01
1.501706242561340332e-01;-5.266924500465393066e-01;-7.388731092214584351e-02
-1.098757237195968628e-01;1.063515320420265198e-01;4.542979896068572998e-01
1.463580727577209473e-01;-6.452980637550354004e-02;2.945064380764961243e-02
1.471152156591415405e-01;5.309695601463317871e-01;-6.249025464057922363e-02
1.792199462652206421e-01;1.682419925928115845e-01;1.446968317031860352e-01
1.598384380340576172e-01;-4.957517087459564209e-01;-1.111601069569587708e-01
1.456926912069320679e-01;-3.806271553039550781e-01;1.539933774620294571e-02
-2.795392274856567383e-01;-4.179354757070541382e-02;5.071329474449157715e-01
1.471994221210479736e-01;-4.821690022945404053e-01;8.301696181297302246e-02
-1.099736765027046204e-01;-5.454129576683044434e-01;4.608587920665740967e-01
1.491627693176269531e-01;6.049553751945495605e-01;-1.017313301563262939e-01
1.816930919885635376e-01;1.483922824263572693e-02;-1.117564514279365540e-01
1.747104525566101074e-01;-3.238071799278259277e-01;-1.213033124804496765e-01
-1.979244500398635864e-01;6.303802728652954102e-01;4.835090935230255127e-01
1.266338080167770386e-01;7.158519029617309570e-01;4.208968952298164368e-02
1.267891079187393188e-01;7.155458927154541016e-01;2.571823261678218842e-02
1.267891079187393188e-01;7.155458927154541016e-01;2.571823261678218842e-02
1.290771067142486572e-01;-6.942251324653625488e-01;7.506977766752243042e-02
1.290771067142486572e-01;-6.942251324653625488e-01;7.506977766752243042e-02
1.680117994546890259e-01;-5.182394981384277344e-01;1.824358850717544556e-01
1.283368617296218872e-01;-6.937438845634460449e-01;-2.725362405180931091e-02
1.532150506973266602e-01;-6.181105375289916992e-01;1.711916476488113403e-01
1.302961558103561401e-01;7.178401350975036621e-01;-6.914900988340377808e-02
1.324656903743743896e-01;-6.653810143470764160e-01;5.421281233429908752e-02
-2.814849615097045898e-01;-6.731062531471252441e-01;5.267512202262878418e-01
1.298593580722808838e-01;7.208948135375976562e-01;-6.945401430130004883e-02
1.862529665231704712e-01;-1.377500593662261963e-01;1.621692776679992676e-01
-2.727491855621337891e-01;7.015064358711242676e-01;-5.533789396286010742e-01
1.426376104354858398e-01;4.345565736293792725e-01;2.232999540865421295e-02
1.288110315799713135e-01;-6.947800517082214355e-01;-3.878359496593475342e-02
1.221048012375831604e-01;-6.908842921257019043e-01;9.227133356034755707e-03
1.250640451908111572e-01;-6.942416429519653320e-01;-3.860646113753318787e-02
1.372457146644592285e-01;-6.458854675292968750e-01;-6.109531968832015991e-02
1.290249675512313843e-01;-6.914731264114379883e-01;-3.839727491140365601e-03
1.392613649368286133e-01;7.048524022102355957e-01;1.598887890577316284e-01
1.672937124967575073e-01;5.461201071739196777e-01;1.865656822919845581e-01
1.305220276117324829e-01;-6.975076198577880859e-01;1.046927571296691895e-01
1.282484382390975952e-01;7.175144553184509277e-01;-4.034163802862167358e-02
1.315112411975860596e-01;-6.993373036384582520e-01;1.207458898425102234e-01
1.315112411975860596e-01;-6.993373036384582520e-01;1.207458898425102234e-01
1.302953362464904785e-01;7.221316695213317871e-01;1.155435293912887573e-01
1.302953362464904785e-01;7.221316695213317871e-01;1.155435293912887573e-01
-5.319385603070259094e-02;-3.216650336980819702e-02;4.436037540435791016e-01
1.325309723615646362e-01;-6.968032717704772949e-01;1.248336583375930786e-01
1.282091140747070312e-01;7.182010412216186523e-01;-4.508770257234573364e-02
1.282091140747070312e-01;7.182010412216186523e-01;-4.508770257234573364e-02
1.375500410795211792e-01;6.051063537597656250e-01;5.582061409950256348e-02
1.408931761980056763e-01;4.870028197765350342e-01;4.237085580825805664e-02
1.485113203525543213e-01;6.768516898155212402e-01;-1.439073681831359863e-01
1.388469338417053223e-01;-5.582969188690185547e-01;1.389558613300323486e-02
1.331925541162490845e-01;7.244821786880493164e-01;-1.089031845331192017e-01
1.300497502088546753e-01;-6.969639062881469727e-01;-6.188958510756492615e-02
1.269598901271820068e-01;7.176474928855895996e-01;6.809231638908386230e-02
1.269598901271820068e-01;7.176474928855895996e-01;6.809231638908386230e-02
1.269598901271820068e-01;7.176474928855895996e-01;6.809231638908386230e-02
-9.633849561214447021e-02;6.341742277145385742e-01;4.602496922016143799e-01
1.329504102468490601e-01;7.247865200042724609e-01;1.443046778440475464e-01
1.468676328659057617e-01;-6.619506478309631348e-01;-1.358515173196792603e-01
-3.918617367744445801e-01;4.093522131443023682e-01;-6.235846281051635742e-01
-1.439512819051742554e-01;-3.925311863422393799e-01;-5.497083663940429688e-01
-3.908696770668029785e-02;2.802692651748657227e-01;4.419287145137786865e-01
1.335062831640243530e-01;-7.001452445983886719e-01;-9.980273991823196411e-02
1.374501436948776245e-01;7.252197861671447754e-01;-1.315440386533737183e-01
1.374501436948776245e-01;7.252197861671447754e-01;-1.315440386533737183e-01
-1.081644073128700256e-01;7.068721055984497070e-01;4.639832377433776855e-01
-1.112959161400794983e-01;7.030127644538879395e-01;-3.628952205181121826e-01
-1.870668679475784302e-01;-6.754653453826904297e-01;-3.994202613830566406e-01
1.394579857587814331e-01;-7.021650671958923340e-01;-1.359344571828842163e-01
-2.529572322964668274e-02;-4.143093526363372803e-01;4.434292614459991455e-01
8.256500214338302612e-02;7.096598744392395020e-01;-1.836188510060310364e-02
-1.305088102817535400e-01;5.950763821601867676e-01;-5.497335195541381836e-01
-1.001823917031288147e-01;7.060821056365966797e-01;-4.392305314540863037e-01
-1.357873082160949707e-01;-5.629003643989562988e-01;-5.498133897781372070e-01
-5.538877844810485840e-02;7.042983770370483398e-01;3.566923737525939941e-01
