-3.190500736236572266e-01;-6.704531311988830566e-01;5.727206468582153320e-01
-3.760212659835815430e-01;-6.035767793655395508e-01;5.344847440719604492e-01
-2.414600104093551636e-01;-5.699954032897949219e-01;4.478183388710021973e-01
-1.512323915958404541e-01;-6.735286712646484375e-01;4.870660006999969482e-01
-2.969791889190673828e-01;-4.486262500286102295e-01;5.673916935920715332e-01
-2.100973129272460938e-01;-6.625484228134155273e-01;3.169882595539093018e-01
-2.817719876766204834e-01;-3.701325953006744385e-01;4.976974427700042725e-01
-1.580776721239089966e-01;-4.950792491436004639e-01;3.709796071052551270e-01
-3.509004414081573486e-01;-3.729002475738525391e-01;4.838072955608367920e-01
-1.068457812070846558e-01;-6.731207370758056641e-01;3.138366639614105225e-01
2.559478282928466797e-01;6.766018271446228027e-01;1.686037331819534302e-01
2.525105476379394531e-01;7.050544023513793945e-01;1.485464125871658325e-01
2.524572014808654785e-01;7.053624987602233887e-01;1.425311416387557983e-01
2.583282291889190674e-01;6.307831406593322754e-01;1.815725266933441162e-01
2.354819476604461670e-01;6.995064616203308105e-01;1.023923754692077637e-01
2.347524315118789673e-01;5.943964719772338867e-01;1.474848091602325439e-01
2.502454221248626709e-01;7.113580703735351562e-01;7.982037961483001709e-02
2.443353086709976196e-01;7.110478281974792480e-01;7.932566106319427490e-02
1.993532478809356689e-01;6.610696315765380859e-01;8.539550751447677612e-02
1.826049238443374634e-01;7.076051235198974609e-01;7.729379832744598389e-02
-3.470956087112426758e-01;-4.014082998037338257e-02;5.869132280349731445e-01
-4.035722613334655762e-01;-1.394715309143066406e-01;5.787726044654846191e-01
-2.995025515556335449e-01;-9.965472668409347534e-02;4.662679433822631836e-01
-4.097745418548583984e-01;1.268907785415649414e-01;5.782601833343505859e-01
-1.877049803733825684e-01;3.172948211431503296e-02;5.011708140373229980e-01
-3.768062889575958252e-01;1.431131660938262939e-01;5.218349099159240723e-01
-2.399508357048034668e-01;6.420501321554183960e-02;4.471459388732910156e-01
-2.950674295425415039e-01;1.427883207798004150e-01;4.936276972293853760e-01
-1.977000683546066284e-01;-3.845527395606040955e-02;4.312633872032165527e-01
-4.142811000347137451e-01;1.742502450942993164e-01;6.221395730972290039e-01
-3.288592100143432617e-01;-6.661949157714843750e-01;-5.217276215553283691e-01
-3.083071708679199219e-01;-6.476117968559265137e-01;-5.685029029846191406e-01
-2.666399776935577393e-01;-6.299977302551269531e-01;-5.317980647087097168e-01
-2.122911065816879272e-01;-6.750285029411315918e-01;-5.070430040359497070e-01
-2.349173426628112793e-01;-6.711251139640808105e-01;-4.472449123859405518e-01
-2.187439054250717163e-01;-6.290450692176818848e-01;-5.540060997009277344e-01
-3.491517901420593262e-01;-5.530236363410949707e-01;-5.819870829582214355e-01
-2.358924001455307007e-01;-6.115584373474121094e-01;-4.086478352546691895e-01
-2.421679198741912842e-01;-5.099548101425170898e-01;-5.160479545593261719e-01
-3.311095833778381348e-01;-4.811936914920806885e-01;-5.435755252838134766e-01
8.756826072931289673e-02;2.657433450222015381e-01;-2.705342769622802734e-01
7.951730489730834961e-02;1.774276494979858398e-01;-2.385606616735458374e-01
8.027525246143341064e-02;2.795847952365875244e-01;-1.706826537847518921e-01
1.383570730686187744e-01;3.763445317745208740e-01;-1.984223276376724243e-01
2.000633925199508667e-01;1.656726896762847900e-01;-1.836735159158706665e-01
2.510530650615692139e-01;2.420784235000610352e-01;-1.856938153505325317e-01
-1.124703809618949890e-01;2.441859841346740723e-01;-2.298334538936614990e-01
3.362973406910896301e-02;4.663066864013671875e-01;-2.472210079431533813e-01
1.295372843742370605e-02;3.465934693813323975e-01;-8.765402436256408691e-02
1.759152710437774658e-01;1.289915442466735840e-01;-1.298298388719558716e-01
-4.351367354393005371e-01;5.214622616767883301e-01;-6.370438337326049805e-01
-4.143095314502716064e-01;5.473880171775817871e-01;-6.231328248977661133e-01
-4.081364572048187256e-01;6.699674725532531738e-01;-6.201356053352355957e-01
-3.873597979545593262e-01;6.707170605659484863e-01;-5.674923062324523926e-01
-3.808572888374328613e-01;3.339080512523651123e-01;-6.040423512458801270e-01
-2.925575077533721924e-01;6.849038004875183105e-01;-5.290756821632385254e-01
-3.640525937080383301e-01;2.866279780864715576e-01;-5.990699529647827148e-01
-1.955046504735946655e-01;4.858856499195098877e-01;-5.534010529518127441e-01
-3.273026645183563232e-01;6.718794107437133789e-01;-4.487400949001312256e-01
-2.307984381914138794e-01;6.776648759841918945e-01;-5.606520771980285645e-01
-4.058277904987335205e-01;3.497678637504577637e-01;5.787360072135925293e-01
-3.613239228725433350e-01;3.333174288272857666e-01;5.933949351310729980e-01
-3.314729034900665283e-01;3.274355232715606689e-01;4.768680930137634277e-01
-2.824159264564514160e-01;2.533202171325683594e-01;4.931775629520416260e-01
-4.142811000347137451e-01;1.742502599954605103e-01;6.221395730972290039e-01
-3.768062889575958252e-01;1.431131809949874878e-01;5.218349099159240723e-01
-4.097745418548583984e-01;1.268907785415649414e-01;5.782601833343505859e-01
-1.653284579515457153e-01;3.856728374958038330e-01;5.552098751068115234e-01
-2.950674295425415039e-01;1.427883207798004150e-01;4.936276972293853760e-01
-2.015329599380493164e-01;3.945762813091278076e-01;4.367325007915496826e-01
6.202628463506698608e-02;4.158416092395782471e-01;1.667528897523880005e-01
1.342112571001052856e-01;4.736812412738800049e-01;1.932852417230606079e-01
6.525707989931106567e-02;3.454483151435852051e-01;2.366289496421813965e-01
8.917227387428283691e-02;3.722086548805236816e-01;2.847460210323333740e-01
5.217236652970314026e-02;5.081641674041748047e-01;2.839845716953277588e-01
2.057686746120452881e-01;4.139250516891479492e-01;2.225918620824813843e-01
-1.897043734788894653e-02;2.527888119220733643e-01;1.406666934490203857e-01
2.148180007934570312e-01;4.488250911235809326e-01;5.966895818710327148e-02
1.810422092676162720e-01;2.813137769699096680e-01;9.409101307392120361e-02
2.501844167709350586e-01;4.636429548263549805e-01;1.761068701744079590e-01
-1.078807488083839417e-01;2.180675417184829712e-02;-3.207567930221557617e-01
-1.159947440028190613e-01;6.897863000631332397e-02;-4.051897227764129639e-01
-2.542662918567657471e-01;1.552164554595947266e-02;-3.925166428089141846e-01
-1.289912313222885132e-02;3.035400249063968658e-02;-1.851292550563812256e-01
-3.272940963506698608e-02;-1.296623945236206055e-01;-3.958224058151245117e-01
-3.360981494188308716e-02;-1.579712629318237305e-01;-2.691726088523864746e-01
-1.624035537242889404e-01;-1.770039796829223633e-01;-3.724905848503112793e-01
-2.418148219585418701e-01;1.670594215393066406e-01;-4.353266954421997070e-01
-1.740000396966934204e-02;1.144030690193176270e-01;-1.287133395671844482e-01
-1.869620531797409058e-01;1.964831352233886719e-01;-4.640432596206665039e-01
2.623166739940643311e-01;-3.244814574718475342e-01;1.921708732843399048e-01
2.468489408493041992e-01;-2.993153631687164307e-01;1.268231719732284546e-01
2.577075064182281494e-01;-2.546393573284149170e-01;1.724056601524353027e-01
2.465102225542068481e-01;-3.059729039669036865e-01;5.609078705310821533e-02
2.485710531473159790e-01;-4.665249884128570557e-01;1.677076965570449829e-01
1.190415322780609131e-01;-2.308289706707000732e-01;1.316254585981369019e-01
2.436113655567169189e-01;-3.323200047016143799e-01;8.887141942977905273e-03
2.485064715147018433e-01;-1.718639582395553589e-01;7.988279312849044800e-02
2.094373703002929688e-01;-2.733137905597686768e-01;1.347959041595458984e-02
1.662553548812866211e-01;-2.385293394327163696e-01;4.243943095207214355e-02
-1.068457812070846558e-01;-6.731207370758056641e-01;3.138366639614105225e-01
-8.436163514852523804e-02;-6.164731979370117188e-01;2.867295145988464355e-01
-2.100973129272460938e-01;-6.625484228134155273e-01;3.169882595539093018e-01
-1.512323915958404541e-01;-6.735286712646484375e-01;4.870660006999969482e-01
-1.580776721239089966e-01;-4.950792491436004639e-01;3.709796071052551270e-01
-2.414600104093551636e-01;-5.699954032897949219e-01;4.478183388710021973e-01
-2.126106172800064087e-01;-4.313473999500274658e-01;3.179169893264770508e-01
-9.347099810838699341e-02;-4.385400116443634033e-01;4.505901336669921875e-01
1.282427608966827393e-01;-6.317356824874877930e-01;1.759805232286453247e-01
4.636149108409881592e-02;-4.403820931911468506e-01;3.057491481304168701e-01
-9.735627099871635437e-03;-4.965005218982696533e-01;-3.595231473445892334e-01
-7.671429961919784546e-02;-5.594340562820434570e-01;-4.139508008956909180e-01
-1.316362470388412476e-01;-4.401164948940277100e-01;-4.030765891075134277e-01
-1.395737677812576294e-01;-4.469475746154785156e-01;-3.155161440372467041e-01
6.277185678482055664e-02;-5.547305941581726074e-01;-2.009301185607910156e-01
-1.573247462511062622e-01;-6.184018254280090332e-01;-3.926428258419036865e-01
-1.740499585866928101e-01;-4.410948753356933594e-01;-4.633596241474151611e-01
-1.877810060977935791e-01;-3.768747746944427490e-01;-3.869994878768920898e-01
-1.355125010013580322e-01;-2.886022031307220459e-01;-4.191443324089050293e-01
6.975793093442916870e-02;-3.273259699344635010e-01;-1.919493973255157471e-01
-9.347099810838699341e-02;-4.385400116443634033e-01;4.505901336669921875e-01
-1.404186040163040161e-01;-4.069969058036804199e-01;4.245397448539733887e-01
-1.580776721239089966e-01;-4.950792491436004639e-01;3.709796071052551270e-01
-1.893572509288787842e-01;-3.468891680240631104e-01;4.334910213947296143e-01
-1.422186195850372314e-01;-2.769556641578674316e-01;5.039175152778625488e-01
-2.126106172800064087e-01;-4.313473999500274658e-01;3.179169893264770508e-01
-2.414599955081939697e-01;-5.699954032897949219e-01;4.478183388710021973e-01
4.636148363351821899e-02;-4.403820931911468506e-01;3.057491481304168701e-01
-2.817719876766204834e-01;-3.701325953006744385e-01;4.976974427700042725e-01
-2.743027508258819580e-01;-3.338546454906463623e-01;5.239570736885070801e-01
-3.631552755832672119e-01;1.340340375900268555e-01;-5.916399359703063965e-01
-3.598937392234802246e-01;-4.976073652505874634e-02;-5.930032134056091309e-01
-3.599431216716766357e-01;-4.978705942630767822e-02;-5.930136442184448242e-01
-3.001600801944732666e-01;-2.297869920730590820e-01;-4.899329245090484619e-01
-3.599133491516113281e-01;-4.977110773324966431e-02;-5.930168032646179199e-01
-2.643491029739379883e-01;-9.226718544960021973e-02;-5.625984072685241699e-01
-3.599316775798797607e-01;-4.977076128125190735e-02;-5.930119156837463379e-01
-2.441190779209136963e-01;3.727884590625762939e-02;-5.575439333915710449e-01
-3.599518239498138428e-01;-4.975527897477149963e-02;-5.929763913154602051e-01
-3.599370121955871582e-01;-4.976839199662208557e-02;-5.930107831954956055e-01
-1.606742292642593384e-01;6.859162449836730957e-01;4.296357631683349609e-01
-2.760100066661834717e-01;6.844368577003479004e-01;5.642538666725158691e-01
-2.760117650032043457e-01;6.844233870506286621e-01;5.642492771148681641e-01
-1.537928283214569092e-01;4.323122799396514893e-01;4.208521842956542969e-01
-2.760069072246551514e-01;6.844353675842285156e-01;5.642490983009338379e-01
-1.130241453647613525e-01;6.257610917091369629e-01;3.911039233207702637e-01
-2.760192751884460449e-01;6.844375729560852051e-01;5.642485618591308594e-01
-2.627195119857788086e-01;6.319591999053955078e-01;4.841292202472686768e-01
-2.760248184204101562e-01;6.844391226768493652e-01;5.642622113227844238e-01
-2.760123014450073242e-01;6.844424009323120117e-01;5.642617344856262207e-01
1.897807717323303223e-01;1.035813689231872559e-01;1.343414187431335449e-01
2.504209876060485840e-01;-5.046861711889505386e-03;1.201369315385818481e-01
2.503912448883056641e-01;-5.058571230620145798e-03;1.201219260692596436e-01
2.400808632373809814e-01;3.880697861313819885e-02;8.267097175121307373e-02
2.504151463508605957e-01;-5.050356965512037277e-03;1.201240792870521545e-01
2.342694699764251709e-01;2.114327624440193176e-02;1.219267398118972778e-02
2.504028677940368652e-01;-5.051958840340375900e-03;1.201280429959297180e-01
2.636175751686096191e-01;-1.029525548219680786e-01;1.867868155241012573e-01
2.503929138183593750e-01;-5.040319636464118958e-03;1.201472356915473938e-01
2.503994703292846680e-01;-5.050780717283487320e-03;1.201256662607192993e-01
-1.372104287147521973e-01;6.312554478645324707e-01;-4.829112291336059570e-01
-1.747597008943557739e-01;6.819137930870056152e-01;-3.386490046977996826e-01
-1.748715490102767944e-01;6.818567514419555664e-01;-3.386742174625396729e-01
-1.246559470891952515e-01;5.150393247604370117e-01;-4.035621583461761475e-01
-1.748128086328506470e-01;6.818408966064453125e-01;-3.386908173561096191e-01
-8.024473488330841064e-02;5.017796754837036133e-01;-2.239837646484375000e-01
-1.749015897512435913e-01;6.818994283676147461e-01;-3.387085795402526855e-01
-2.424805015325546265e-01;6.835435032844543457e-01;-5.326642990112304688e-01
-1.748552620410919189e-01;6.819018721580505371e-01;-3.385803997516632080e-01
-1.748177409172058105e-01;6.818900108337402344e-01;-3.386446833610534668e-01
1.666555702686309814e-01;-6.909109354019165039e-01;-1.011376157402992249e-01
2.538156509399414062e-01;-6.916111111640930176e-01;-1.460621654987335205e-01
2.537698149681091309e-01;-6.916308403015136719e-01;-1.460689455270767212e-01
2.103092819452285767e-01;-6.371052861213684082e-01;-1.533507406711578369e-01
2.537889480590820312e-01;-6.916284561157226562e-01;-1.460708677768707275e-01
2.506374716758728027e-01;-6.942035555839538574e-01;-1.088718995451927185e-01
2.537796497344970703e-01;-6.916217803955078125e-01;-1.460694372653961182e-01
2.343716770410537720e-01;-6.906465291976928711e-01;-4.968489706516265869e-02
2.537713348865509033e-01;-6.916146278381347656e-01;-1.460342109203338623e-01
2.537831366062164307e-01;-6.916248798370361328e-01;-1.460663974285125732e-01
8.358609676361083984e-02;-2.644891142845153809e-01;2.644186019897460938e-01
-1.248872652649879456e-02;-4.315604567527770996e-01;2.104542851448059082e-01
-1.253413967788219452e-02;-4.315930008888244629e-01;2.104431539773941040e-01
6.280836462974548340e-02;-4.632212519645690918e-01;2.176497280597686768e-01
-1.250908523797988892e-02;-4.315724074840545654e-01;2.104397565126419067e-01
1.037335842847824097e-01;-4.609800279140472412e-01;2.376453578472137451e-02
-1.253311708569526672e-02;-4.315671622753143311e-01;2.104426324367523193e-01
-1.578559279441833496e-01;-5.100913643836975098e-01;3.612883985042572021e-01
-1.255265437066555023e-02;-4.315585792064666748e-01;2.104902565479278564e-01
-1.252670120447874069e-02;-4.315664470195770264e-01;2.104519903659820557e-01
-2.020635902881622314e-01;3.942619860172271729e-01;4.378188252449035645e-01
-1.239933595061302185e-01;3.007038235664367676e-01;3.875349760055541992e-01
-1.240400746464729309e-01;3.006780147552490234e-01;3.875308632850646973e-01
-1.745114177465438843e-01;1.680762320756912231e-01;3.630415797233581543e-01
-1.240237355232238770e-01;3.006724119186401367e-01;3.875199854373931885e-01
-9.768282622098922729e-02;4.791233241558074951e-01;4.200830161571502686e-01
-1.240535825490951538e-01;3.006953299045562744e-01;3.875173926353454590e-01
-1.800114810466766357e-01;2.260157465934753418e-01;4.322489500045776367e-01
-1.240361481904983521e-01;3.006940484046936035e-01;3.875645697116851807e-01
-1.240218505263328552e-01;3.006905913352966309e-01;3.875374495983123779e-01
-1.188867241144180298e-01;-2.299291193485260010e-01;-3.749191761016845703e-01
-1.587324738502502441e-01;-2.670148015022277832e-01;-2.600766420364379883e-01
-1.587474793195724487e-01;-2.670246064662933350e-01;-2.600792348384857178e-01
-1.891389042139053345e-01;-3.796122670173645020e-01;-3.874501585960388184e-01
-1.587439924478530884e-01;-2.670160233974456787e-01;-2.600796222686767578e-01
1.837548613548278809e-02;-1.982987225055694580e-01;-2.083578705787658691e-01
-1.587457805871963501e-01;-2.670195996761322021e-01;-2.600809931755065918e-01
-1.395732462406158447e-01;-2.895760536193847656e-01;-4.231600761413574219e-01
-1.587477773427963257e-01;-2.670155465602874756e-01;-2.600735127925872803e-01
-1.587480753660202026e-01;-2.670188248157501221e-01;-2.600778937339782715e-01
2.009872049093246460e-01;-6.729482114315032959e-02;-1.977797001600265503e-01
2.553161382675170898e-01;-1.793306022882461548e-01;-1.959102153778076172e-01
2.553171813488006592e-01;-1.793205887079238892e-01;-1.959180235862731934e-01
2.550216019153594971e-01;-1.774724423885345459e-01;-1.970481872558593750e-01
2.553266286849975586e-01;-1.793245077133178711e-01;-1.959141194820404053e-01
2.360399216413497925e-01;-2.534641027450561523e-01;-1.434639841318130493e-01
2.553214132785797119e-01;-1.793266087770462036e-01;-1.959136724472045898e-01
2.253995239734649658e-01;-1.515083909034729004e-01;-7.815214991569519043e-02
2.553186714649200439e-01;-1.793221235275268555e-01;-1.959125250577926636e-01
2.553173899650573730e-01;-1.793273538351058960e-01;-1.959199905395507812e-01
-2.120813280344009399e-01;3.563762307167053223e-01;-5.614010691642761230e-01
-2.577305138111114502e-01;2.469900697469711304e-01;-4.424485266208648682e-01
-2.578261196613311768e-01;2.469332814216613770e-01;-4.424630105495452881e-01
-1.346143484115600586e-01;7.780067622661590576e-02;-4.101643562316894531e-01
-2.577804028987884521e-01;2.469388097524642944e-01;-4.424820542335510254e-01
-1.194085180759429932e-01;3.566963076591491699e-01;-3.298007249832153320e-01
-2.578360438346862793e-01;2.469708770513534546e-01;-4.424861371517181396e-01
-1.884869933128356934e-01;1.418305039405822754e-01;-5.565227270126342773e-01
-2.578221559524536133e-01;2.469806522130966187e-01;-4.423958659172058105e-01
-2.577932775020599365e-01;2.469672560691833496e-01;-4.424483180046081543e-01
-1.999076008796691895e-01;-3.891536593437194824e-02;4.263517558574676514e-01
-6.557433307170867920e-02;-1.354612410068511963e-01;4.115888774394989014e-01
-6.564335525035858154e-02;-1.354981660842895508e-01;4.115792810916900635e-01
-7.433734834194183350e-02;-2.151718437671661377e-01;4.067031443119049072e-01
-6.561195850372314453e-02;-1.355159878730773926e-01;4.115655422210693359e-01
-9.702163934707641602e-02;-2.344512939453125000e-02;4.046367406845092773e-01
-6.566127389669418335e-02;-1.354752629995346069e-01;4.115560948848724365e-01
-1.534391641616821289e-01;-2.745963335037231445e-01;5.103282928466796875e-01
-6.562326848506927490e-02;-1.354779005050659180e-01;4.116245806217193604e-01
-6.560865044593811035e-02;-1.354865431785583496e-01;4.115878343582153320e-01
1.743451952934265137e-01;6.397358179092407227e-01;-1.042983010411262512e-01
2.045041769742965698e-01;5.218993425369262695e-01;-1.151761412620544434e-01
2.044897675514221191e-01;5.218945741653442383e-01;-1.151813417673110962e-01
2.007111459970474243e-01;5.420356988906860352e-01;-1.753425300121307373e-01
2.044983059167861938e-01;5.218912363052368164e-01;-1.151825636625289917e-01
2.122386842966079712e-01;3.913084864616394043e-01;-1.056835949420928955e-01
2.044955044984817505e-01;5.218977332115173340e-01;-1.151758059859275818e-01
1.877852678298950195e-01;4.314939677715301514e-01;-3.167564421892166138e-02
2.044902145862579346e-01;5.218992829322814941e-01;-1.151692122220993042e-01
2.044938057661056519e-01;5.218960046768188477e-01;-1.151785477995872498e-01
-3.063594400882720947e-01;-3.065809607505798340e-01;4.644628763198852539e-01
-3.508325815200805664e-01;-3.728989362716674805e-01;4.837996959686279297e-01
-3.509384095668792725e-01;-3.729495108127593994e-01;4.837738573551177979e-01
-2.980226576328277588e-01;-4.480059444904327393e-01;5.706759095191955566e-01
-3.508752286434173584e-01;-3.729354739189147949e-01;4.837596416473388672e-01
-1.459567248821258545e-01;-4.056642651557922363e-01;4.285138249397277832e-01
-3.509182929992675781e-01;-3.729211986064910889e-01;4.837739467620849609e-01
-1.871984750032424927e-01;-3.441098034381866455e-01;4.374005198478698730e-01
-3.509331047534942627e-01;-3.728946745395660400e-01;4.838483333587646484e-01
-3.509108722209930420e-01;-3.729183971881866455e-01;4.837848842144012451e-01
1.706405729055404663e-01;-6.959229707717895508e-01;1.035399287939071655e-01
2.409908026456832886e-01;-6.804175972938537598e-01;1.642965972423553467e-01
2.409574091434478760e-01;-6.804387569427490234e-01;1.642904877662658691e-01
2.404816001653671265e-01;-6.755138039588928223e-01;1.638633459806442261e-01
2.409746795892715454e-01;-6.804413795471191406e-01;1.642866283655166626e-01
2.335385829210281372e-01;-6.885290145874023438e-01;6.797615438699722290e-02
2.409425675868988037e-01;-6.804223060607910156e-01;1.642824113368988037e-01
2.354500740766525269e-01;-6.829993128776550293e-01;1.255131810903549194e-01
2.409524619579315186e-01;-6.804213523864746094e-01;1.643256247043609619e-01
2.409715503454208374e-01;-6.804220676422119141e-01;1.643023639917373657e-01
-1.751342564821243286e-01;-2.420064210891723633e-01;-4.911216199398040771e-01
-1.841119825839996338e-01;-3.931945264339447021e-01;-5.534024238586425781e-01
-1.842215657234191895e-01;-3.932469785213470459e-01;-5.534294843673706055e-01
-2.425183206796646118e-01;-5.083219408988952637e-01;-5.164235234260559082e-01
-1.841565072536468506e-01;-3.932344317436218262e-01;-5.534435510635375977e-01
-1.714019030332565308e-01;-4.384303689002990723e-01;-4.552899897098541260e-01
-1.842190623283386230e-01;-3.932111859321594238e-01;-5.534391403198242188e-01
-2.728954255580902100e-01;-3.067204356193542480e-01;-5.258459448814392090e-01
-1.842183619737625122e-01;-3.931905627250671387e-01;-5.533468723297119141e-01
-1.841912567615509033e-01;-3.932157754898071289e-01;-5.534184575080871582e-01
6.607518345117568970e-02;-3.264288902282714844e-01;-1.937359422445297241e-01
3.408556059002876282e-02;-4.799000024795532227e-01;-1.037985980510711670e-01
3.402671962976455688e-02;-4.799308180809020996e-01;-1.038080751895904541e-01
2.054659575223922729e-01;-5.104572176933288574e-01;-1.246703192591667175e-01
3.405373170971870422e-02;-4.799368083477020264e-01;-1.038156896829605103e-01
1.065416783094406128e-01;-4.655149281024932861e-01;-3.725267946720123291e-02
3.400949761271476746e-02;-4.799090623855590820e-01;-1.038239002227783203e-01
5.971293151378631592e-02;-5.556435585021972656e-01;-2.037164270877838135e-01
3.402802348136901855e-02;-4.799075722694396973e-01;-1.037576198577880859e-01
3.405182808637619019e-02;-4.799128770828247070e-01;-1.037917062640190125e-01
1.751372218132019043e-01;1.275325119495391846e-01;-1.315612196922302246e-01
3.196960687637329102e-02;8.309016376733779907e-02;-3.539301827549934387e-02
3.188359737396240234e-02;8.305847644805908203e-02;-3.541915863752365112e-02
1.071092933416366577e-01;-7.665182650089263916e-02;-8.964196592569351196e-02
3.193543478846549988e-02;8.306366950273513794e-02;-3.542562574148178101e-02
1.689824759960174561e-01;7.132413983345031738e-02;-2.321209199726581573e-02
3.188974037766456604e-02;8.307809382677078247e-02;-3.541972488164901733e-02
-1.843560114502906799e-02;1.123448908329010010e-01;-1.296698153018951416e-01
3.189165890216827393e-02;8.309859037399291992e-02;-3.535785153508186340e-02
3.190838173031806946e-02;8.307673037052154541e-02;-3.541076555848121643e-02
-1.149800568819046021e-01;6.287425756454467773e-01;3.958691954612731934e-01
-1.199384704232215881e-01;6.862298250198364258e-01;3.452820181846618652e-01
-1.200337260961532593e-01;6.861698627471923828e-01;3.452582359313964844e-01
-9.465468674898147583e-02;4.778922796249389648e-01;4.229446947574615479e-01
-1.199750080704689026e-01;6.861716508865356445e-01;3.452398478984832764e-01
2.294153720140457153e-02;4.952497482299804688e-01;3.348859250545501709e-01
-1.200560629367828369e-01;6.862183213233947754e-01;3.452417254447937012e-01
-2.615995407104492188e-01;6.339466571807861328e-01;4.857017099857330322e-01
-1.200363636016845703e-01;6.862230896949768066e-01;3.453510999679565430e-01
-1.199951395392417908e-01;6.862187981605529785e-01;3.452895283699035645e-01
-2.279030680656433105e-01;6.814330816268920898e-01;-5.467174649238586426e-01
-1.955118179321289062e-01;4.858872890472412109e-01;-5.534042119979858398e-01
-1.955073773860931396e-01;4.858923554420471191e-01;-5.534047484397888184e-01
-2.041188925504684448e-01;3.557268679141998291e-01;-5.522981882095336914e-01
-1.955127716064453125e-01;4.858815371990203857e-01;-5.534027814865112305e-01
-1.409387886524200439e-01;5.193094015121459961e-01;-4.537675678730010986e-01
-1.955210268497467041e-01;4.858932197093963623e-01;-5.534120798110961914e-01
-1.786656081676483154e-01;4.727401435375213623e-01;-3.509407937526702881e-01
-1.955077648162841797e-01;4.858854711055755615e-01;-5.533945560455322266e-01
-1.954988688230514526e-01;4.858894050121307373e-01;-5.533985495567321777e-01
