-3.302675187587738037e-01;-1.874098628759384155e-01;-4.578553736209869385e-01
-4.579868614673614502e-01;6.421603262424468994e-02;-4.962822198867797852e-01
-3.809979259967803955e-01;2.195457182824611664e-02;-4.715734124183654785e-01
-2.723388969898223877e-01;-9.189539402723312378e-02;-4.512047767639160156e-01
-3.227937817573547363e-01;-1.482847183942794800e-01;-3.591563403606414795e-01
-3.816111683845520020e-01;-6.614667922258377075e-02;-3.225841820240020752e-01
-3.606125712394714355e-01;8.933638036251068115e-02;-4.651557505130767822e-01
-2.522027194499969482e-01;-5.518059432506561279e-02;-4.135257303714752197e-01
-2.364308983087539673e-01;2.616080269217491150e-02;-3.699125349521636963e-01
-1.871629208326339722e-01;1.040078923106193542e-01;-4.503726363182067871e-01
-3.004887700080871582e-02;-8.146080970764160156e-01;5.033830404281616211e-01
9.109655022621154785e-02;-8.168202638626098633e-01;4.757352173328399658e-01
2.353223115205764771e-01;-8.403866887092590332e-01;3.898053467273712158e-01
1.931390762329101562e-01;-7.856466770172119141e-01;4.145023822784423828e-01
2.417667210102081299e-01;-8.300325870513916016e-01;4.262541532516479492e-01
2.401242852210998535e-01;-8.320236206054687500e-01;4.223526716232299805e-01
2.557846009731292725e-01;-8.013288378715515137e-01;5.033813118934631348e-01
2.504570782184600830e-01;-8.125284910202026367e-01;4.863997995853424072e-01
2.121954411268234253e-01;-7.028433680534362793e-01;2.103125452995300293e-01
2.407035082578659058e-01;-6.073957085609436035e-01;2.902968525886535645e-01
-4.016550779342651367e-01;-3.473737835884094238e-01;4.703458547592163086e-01
-4.196932911872863770e-01;-1.227386966347694397e-01;4.731846749782562256e-01
-3.121910393238067627e-01;-1.565390080213546753e-01;5.083244442939758301e-01
-4.145156145095825195e-01;8.046322315931320190e-02;4.538097977638244629e-01
-3.080063462257385254e-01;-5.575094372034072876e-02;4.837205708026885986e-01
-2.070793211460113525e-01;-1.211137548089027405e-01;3.911502063274383545e-01
-1.940068900585174561e-01;-2.514410316944122314e-01;4.156642556190490723e-01
-1.750278621912002563e-01;-1.448285132646560669e-01;5.033818483352661133e-01
-2.428473234176635742e-01;1.458928734064102173e-02;3.602336049079895020e-01
-2.724464535713195801e-01;2.737902849912643433e-02;4.124136269092559814e-01
1.910667866468429565e-01;-8.023335337638854980e-01;-4.504320621490478516e-01
1.922407895326614380e-01;-8.023194670677185059e-01;-4.504320621490478516e-01
1.645130366086959839e-01;-8.203151822090148926e-01;-4.052706360816955566e-01
1.995097845792770386e-01;-8.291370272636413574e-01;-3.698588311672210693e-01
2.168607115745544434e-01;-7.839152812957763672e-01;-4.504320025444030762e-01
2.197307646274566650e-01;-7.731249332427978516e-01;-4.504321813583374023e-01
2.499781847000122070e-01;-8.115996718406677246e-01;-4.296078979969024658e-01
2.523932456970214844e-01;-8.098803162574768066e-01;-4.313455522060394287e-01
2.477032393217086792e-01;-8.177604675292968750e-01;-4.121237099170684814e-01
2.437468022108078003e-01;-8.253735899925231934e-01;-3.911633789539337158e-01
2.551605105400085449e-01;7.992278337478637695e-01;-4.504311680793762207e-01
2.157721817493438721e-01;7.613120675086975098e-01;-4.330676496028900146e-01
2.131192684173583984e-01;8.017998933792114258e-01;-4.264149963855743408e-01
2.011989206075668335e-01;8.059932589530944824e-01;-4.118337929248809814e-01
2.265955060720443726e-01;7.952312231063842773e-01;-3.828558027744293213e-01
2.543112039566040039e-01;8.010318875312805176e-01;-4.403522014617919922e-01
2.555989325046539307e-01;8.032758235931396484e-01;-4.284486472606658936e-01
2.510755658149719238e-01;8.040587306022644043e-01;-4.211791455745697021e-01
2.622796893119812012e-01;8.048065304756164551e-01;-4.217526316642761230e-01
2.426943331956863403e-01;8.168215155601501465e-01;-3.751552402973175049e-01
2.213312089443206787e-01;-2.476922273635864258e-01;-1.176533102989196777e-01
1.172213181853294373e-01;-3.233781754970550537e-01;1.504216343164443970e-04
1.428631693124771118e-01;-3.308334946632385254e-01;-4.132922738790512085e-02
1.699716150760650635e-01;-1.996213048696517944e-01;1.683825440704822540e-02
1.762106269598007202e-01;-2.092301249504089355e-01;4.649447649717330933e-02
1.567363590002059937e-01;-2.182359993457794189e-01;6.247472763061523438e-02
2.006617933511734009e-01;-2.619658410549163818e-01;-4.795771092176437378e-02
1.993771642446517944e-01;-3.068676888942718506e-01;1.192844212055206299e-01
2.154591828584671021e-01;-2.086644321680068970e-01;1.320723295211791992e-01
1.999353021383285522e-01;-1.139248088002204895e-01;1.151712834835052490e-01
-4.952380955219268799e-01;4.166517555713653564e-01;5.418936610221862793e-01
-3.885454237461090088e-01;3.542014062404632568e-01;4.860499501228332520e-01
-4.441735744476318359e-01;7.026906013488769531e-01;5.558199882507324219e-01
-3.464335799217224121e-01;5.951992869377136230e-01;5.158049464225769043e-01
-2.560892105102539062e-01;5.473825931549072266e-01;4.663374125957489014e-01
-2.436121404170989990e-01;6.715687513351440430e-01;3.089281618595123291e-01
-1.506487727165222168e-01;7.213788032531738281e-01;3.855383694171905518e-01
-2.857351899147033691e-01;6.949211955070495605e-01;4.733968377113342285e-01
-2.282039523124694824e-01;7.577927708625793457e-01;4.382745027542114258e-01
-1.484760046005249023e-01;8.081985116004943848e-01;5.033811330795288086e-01
-2.355037927627563477e-01;4.363074302673339844e-01;-4.085302352905273438e-01
-2.476753294467926025e-01;4.840069413185119629e-01;-4.505842924118041992e-01
-3.345427215099334717e-01;4.561961591243743896e-01;-3.149738907814025879e-01
-2.520689666271209717e-01;4.243088364601135254e-01;-3.174934983253479004e-01
-3.686870634555816650e-01;5.743393898010253906e-01;-4.184901714324951172e-01
-3.445142209529876709e-01;6.446812152862548828e-01;-3.127523064613342285e-01
-2.870211303234100342e-01;7.497175335884094238e-01;-4.312175810337066650e-01
-2.330212444067001343e-01;7.569559216499328613e-01;-4.504285454750061035e-01
-2.898000776767730713e-01;8.180078268051147461e-01;-4.028155207633972168e-01
-1.217040121555328369e-01;7.443523406982421875e-01;-3.360597491264343262e-01
-3.151859343051910400e-01;-7.542412877082824707e-01;5.088616609573364258e-01
-4.980505406856536865e-01;-5.266343355178833008e-01;5.991008281707763672e-01
-3.522733449935913086e-01;-6.570373773574829102e-01;4.070158302783966064e-01
-3.204208314418792725e-01;-5.407530665397644043e-01;4.269702732563018799e-01
-2.017335444688796997e-01;-6.876440644264221191e-01;4.224967956542968750e-01
-3.393296301364898682e-01;-4.168862104415893555e-01;4.371746480464935303e-01
-2.213874310255050659e-01;-4.119750857353210449e-01;5.033891797065734863e-01
-1.953203082084655762e-01;-8.206090927124023438e-01;5.033808946609497070e-01
-3.004887700080871582e-02;-8.146080970764160156e-01;5.033830404281616211e-01
-1.471283286809921265e-01;-6.795303225517272949e-01;3.830738365650177002e-01
-1.868003606796264648e-02;4.859015047550201416e-01;3.505426645278930664e-02
1.341241449117660522e-01;4.198305308818817139e-01;-1.195871382951736450e-01
1.180634498596191406e-01;4.573866426944732666e-01;-1.631338521838188171e-02
2.038295269012451172e-01;3.240667283535003662e-01;-6.104235723614692688e-02
1.797073632478713989e-01;3.573119640350341797e-01;4.369230940937995911e-03
1.681006103754043579e-01;5.030258297920227051e-01;-8.543039858341217041e-02
3.913654386997222900e-02;5.635843276977539062e-01;-1.105549782514572144e-01
1.211624369025230408e-01;5.555970668792724609e-01;-3.010823950171470642e-02
1.156275793910026550e-01;5.990672111511230469e-01;2.201342210173606873e-02
1.950844973325729370e-01;5.851767063140869141e-01;8.893153071403503418e-02
-2.540454268455505371e-01;1.338037103414535522e-02;-2.810137569904327393e-01
-6.474781036376953125e-02;-5.902773886919021606e-02;-2.083352357149124146e-01
-4.660093039274215698e-02;-1.066811606287956238e-01;-1.339939534664154053e-01
-2.259950339794158936e-01;6.474706530570983887e-02;-1.993832588195800781e-01
-1.588486135005950928e-01;1.158063635230064392e-01;-1.458884924650192261e-01
-1.419932693243026733e-01;2.337525039911270142e-01;-3.197353780269622803e-01
-1.060313060879707336e-01;1.987520903348922729e-01;-7.158065587282180786e-02
3.847667574882507324e-02;-1.556279510259628296e-02;-1.924107968807220459e-01
-2.258971333503723145e-03;2.275345623493194580e-01;-7.251932471990585327e-02
2.545213699340820312e-02;1.757948696613311768e-01;-9.824646264314651489e-02
1.577942669391632080e-01;-7.345738261938095093e-02;1.939720958471298218e-01
1.147877573966979980e-01;1.143092736601829529e-01;2.514243125915527344e-01
2.557738125324249268e-01;-9.249115735292434692e-02;2.143519222736358643e-01
2.224056869745254517e-01;2.640800178050994873e-02;1.424887180328369141e-01
2.659006714820861816e-01;2.530678361654281616e-02;2.444723993539810181e-01
2.693269848823547363e-01;3.478042036294937134e-02;2.640581130981445312e-01
2.642200291156768799e-01;1.145228073000907898e-01;2.473632246255874634e-01
2.445013374090194702e-01;1.515086442232131958e-01;1.889668703079223633e-01
1.762572973966598511e-01;2.204895019531250000e-01;8.789141476154327393e-02
2.015809714794158936e-01;2.303970903158187866e-01;1.068708747625350952e-01
2.265858203172683716e-01;-6.370153278112411499e-02;-1.128885373473167419e-01
2.529568672180175781e-01;-1.104538887739181519e-02;-1.484616100788116455e-01
2.642431557178497314e-01;1.213273480534553528e-01;-1.931800842285156250e-01
2.523432970046997070e-01;1.610093861818313599e-01;-1.516479700803756714e-01
1.737128198146820068e-01;1.528881937265396118e-01;-6.111954152584075928e-02
1.941442340612411499e-01;4.001180082559585571e-02;-4.247131943702697754e-02
2.264689654111862183e-01;2.245604991912841797e-01;-1.251158267259597778e-01
1.925996541976928711e-01;3.270190954208374023e-01;-2.129129618406295776e-01
2.461531311273574829e-01;3.372570872306823730e-01;-1.602600067853927612e-01
2.371959090232849121e-01;3.431387245655059814e-01;-1.614913642406463623e-01
1.181234270334243774e-01;-7.039599418640136719e-01;1.577837169170379639e-01
1.447296887636184692e-01;-6.566441059112548828e-01;8.010374009609222412e-02
2.121954411268234253e-01;-7.028433680534362793e-01;2.103125303983688354e-01
2.283904999494552612e-01;-6.164634823799133301e-01;2.389063686132431030e-01
2.273723185062408447e-01;-6.160259842872619629e-01;2.084929198026657104e-01
2.129444926977157593e-01;-6.475431323051452637e-01;1.975054144859313965e-01
2.407035082578659058e-01;-6.073957085609436035e-01;2.902968525886535645e-01
9.033848345279693604e-02;-4.333593547344207764e-01;2.508258819580078125e-01
1.848960965871810913e-01;-5.567803382873535156e-01;2.781900763511657715e-02
2.273186594247817993e-01;-4.388869702816009521e-01;1.702566593885421753e-01
3.913654386997222900e-02;5.635843276977539062e-01;-1.105549782514572144e-01
-4.032267630100250244e-02;6.325604319572448730e-01;-1.669353693723678589e-01
1.524768173694610596e-01;5.583739876747131348e-01;-1.738606095314025879e-01
1.309474259614944458e-01;6.679235696792602539e-01;-1.560026854276657104e-01
1.298291683197021484e-01;7.569097280502319336e-01;-1.374306082725524902e-01
1.072437837719917297e-01;7.232723832130432129e-01;-4.410739988088607788e-02
1.697266995906829834e-01;6.777889728546142578e-01;-1.257103085517883301e-01
8.799719810485839844e-02;7.866904735565185547e-01;-1.472372561693191528e-02
1.912737935781478882e-01;6.854227781295776367e-01;-1.939354836940765381e-02
1.885021328926086426e-01;7.085168361663818359e-01;3.773640096187591553e-02
-3.576551079750061035e-01;2.429815679788589478e-01;-4.635776877403259277e-01
-3.253623545169830322e-01;2.293162643909454346e-01;-3.088548183441162109e-01
-1.771769523620605469e-01;1.802026778459548950e-01;-4.504073858261108398e-01
-2.109387665987014771e-01;3.426621556282043457e-01;-3.664380013942718506e-01
-1.419932693243026733e-01;2.337525039911270142e-01;-3.197353780269622803e-01
-2.467839717864990234e-01;3.609739542007446289e-01;-2.097828537225723267e-01
-3.345427215099334717e-01;4.561961591243743896e-01;-3.149738907814025879e-01
-2.476753294467926025e-01;4.840069413185119629e-01;-4.505842924118041992e-01
-2.355037927627563477e-01;4.363074302673339844e-01;-4.085302352905273438e-01
-2.520689666271209717e-01;4.243088364601135254e-01;-3.174934983253479004e-01
-1.940068900585174561e-01;-2.514410316944122314e-01;4.156642556190490723e-01
-4.365435242652893066e-02;-2.429638504981994629e-01;2.927835583686828613e-01
-1.257993280887603760e-01;-7.814552634954452515e-02;3.685145676136016846e-01
-2.070793211460113525e-01;-1.211137548089027405e-01;3.911502063274383545e-01
-2.845776826143264771e-02;-1.810465753078460693e-01;3.576097786426544189e-01
-8.944171667098999023e-02;-1.204469278454780579e-01;3.661755621433258057e-01
-1.750278621912002563e-01;-1.448285132646560669e-01;5.033818483352661133e-01
-2.428473234176635742e-01;1.458929479122161865e-02;3.602336049079895020e-01
-2.724464535713195801e-01;2.737902849912643433e-02;4.124136269092559814e-01
-1.468007266521453857e-01;1.026217415928840637e-01;2.865658700466156006e-01
-1.621430814266204834e-01;-8.842216432094573975e-02;-4.000174701213836670e-01
-7.420432567596435547e-02;-3.651446998119354248e-01;-3.394539952278137207e-01
-5.570816993713378906e-02;-1.281778216361999512e-01;-3.469984233379364014e-01
-2.189603000879287720e-01;-1.327066421508789062e-01;-1.902952343225479126e-01
-4.660093039274215698e-02;-1.066811606287956238e-01;-1.339939534664154053e-01
3.431509435176849365e-02;-2.084258645772933960e-01;-2.027685046195983887e-01
-2.522027194499969482e-01;-5.518059432506561279e-02;-4.135257303714752197e-01
-1.712447404861450195e-01;-7.421031594276428223e-03;-4.013998508453369141e-01
-6.474781036376953125e-02;-5.902773886919021606e-02;-2.083352357149124146e-01
3.847666829824447632e-02;-1.556279510259628296e-02;-1.924107968807220459e-01
-3.213004469871520996e-01;-5.047492980957031250e-01;-4.298576712608337402e-01
-4.104529619216918945e-01;-2.993031442165374756e-01;-4.160183370113372803e-01
-3.302675187587738037e-01;-1.874098628759384155e-01;-4.578553736209869385e-01
-3.227937817573547363e-01;-1.482847183942794800e-01;-3.591563403606414795e-01
-3.816111683845520020e-01;-6.614667177200317383e-02;-3.225841820240020752e-01
-2.704164087772369385e-01;-3.246172368526458740e-01;-4.511214196681976318e-01
-2.650273442268371582e-01;-3.179882168769836426e-01;-4.508102238178253174e-01
-2.605538070201873779e-01;-2.480382323265075684e-01;-4.508398473262786865e-01
-2.409030348062515259e-01;-2.851331532001495361e-01;-3.101898729801177979e-01
-2.723388969898223877e-01;-9.189540147781372070e-02;-4.512047767639160156e-01
