1.552612334489822388e-01;-3.353922963142395020e-01;4.107343498617410660e-03
1.726493984460830688e-01;-3.235278129577636719e-01;-4.040773492306470871e-03
1.765289604663848877e-01;-3.348637521266937256e-01;-7.565222214907407761e-03
1.854264140129089355e-01;-3.416436314582824707e-01;7.002044469118118286e-03
1.390279531478881836e-01;-2.935271263122558594e-01;-1.700873672962188721e-02
1.020437628030776978e-01;-2.751101851463317871e-01;-1.436703652143478394e-02
1.424210965633392334e-01;-4.236493706703186035e-01;1.377953961491584778e-02
1.644637435674667358e-01;-4.374710023403167725e-01;1.172421220690011978e-02
1.529802083969116211e-01;-2.323820590972900391e-01;2.745403675362467766e-03
1.332785636186599731e-01;-2.233959883451461792e-01;-9.833844378590583801e-04
-3.268784880638122559e-01;7.578523159027099609e-01;-4.599657356739044189e-01
-2.362999618053436279e-01;7.755584120750427246e-01;-4.393532574176788330e-01
-1.149270832538604736e-01;7.834249734878540039e-01;-4.050013720989227295e-01
-1.239673942327499390e-01;7.803944349288940430e-01;-3.437833487987518311e-01
-1.938185542821884155e-01;7.484168410301208496e-01;-2.521318793296813965e-01
-1.052308082580566406e-01;6.466442942619323730e-01;-3.807469010353088379e-01
-8.681857585906982422e-02;6.548427343368530273e-01;-4.722478687763214111e-01
-1.008637249469757080e-01;7.081104516983032227e-01;-3.327702283859252930e-01
-1.809411942958831787e-01;5.647215843200683594e-01;-3.294375538825988770e-01
-1.833580434322357178e-01;5.461620092391967773e-01;-2.469149827957153320e-01
-3.068572878837585449e-01;-1.165418978780508041e-02;-4.759361445903778076e-01
-2.633369266986846924e-01;-4.288583993911743164e-02;-5.084300637245178223e-01
-2.665519714355468750e-01;1.282868981361389160e-01;-4.270886182785034180e-01
-3.670040667057037354e-01;-1.730741262435913086e-01;-5.055763125419616699e-01
-1.699110567569732666e-01;-1.480383332818746567e-02;-3.143475353717803955e-01
-1.988900452852249146e-01;-1.851014345884323120e-01;-4.179071187973022461e-01
-7.848608493804931641e-02;-3.437608480453491211e-02;-4.301335811614990234e-01
-1.695715487003326416e-01;1.601638197898864746e-01;-3.605016171932220459e-01
-8.253155648708343506e-02;-1.693777590990066528e-01;-4.284580647945404053e-01
-8.126220107078552246e-02;1.518126428127288818e-01;-4.723582863807678223e-01
2.196268178522586823e-02;-7.582244873046875000e-01;3.010223805904388428e-01
-3.727353364229202271e-02;-7.625203728675842285e-01;3.533352613449096680e-01
-8.259153366088867188e-02;-6.837764978408813477e-01;2.732002735137939453e-01
-8.263792097568511963e-02;-7.591957449913024902e-01;4.130234420299530029e-01
-1.130468472838401794e-01;-6.855384707450866699e-01;3.256891965866088867e-01
1.347037591040134430e-02;-7.416115403175354004e-01;4.628356099128723145e-01
1.281114071607589722e-01;-7.718074917793273926e-01;1.700641959905624390e-01
3.288771957159042358e-02;-7.763211727142333984e-01;1.327789872884750366e-01
1.877573877573013306e-02;-7.753883004188537598e-01;1.027884930372238159e-01
-1.027768328785896301e-01;-6.023046374320983887e-01;3.769585490226745605e-01
-3.354893252253532410e-02;4.379875957965850830e-01;3.132253885269165039e-01
1.356249675154685974e-02;3.032417297363281250e-01;3.233592212200164795e-01
-9.183333069086074829e-02;2.942847907543182373e-01;3.014007508754730225e-01
-8.418560028076171875e-02;3.288373947143554688e-01;4.227117896080017090e-01
-9.145050495862960815e-02;5.788562297821044922e-01;2.481193244457244873e-01
3.022786602377891541e-02;3.394488394260406494e-01;1.761425137519836426e-01
6.685885787010192871e-02;5.127689242362976074e-01;1.805772036314010620e-01
-1.872117370367050171e-01;4.380899369716644287e-01;4.119375646114349365e-01
-1.587926298379898071e-01;3.916611671447753906e-01;4.449953734874725342e-01
4.823466017842292786e-02;4.790559411048889160e-01;1.032545715570449829e-01
-1.346572041511535645e-01;-1.390805244445800781e-01;-2.125502228736877441e-01
-6.801161170005798340e-02;-1.034866943955421448e-01;-2.316363304853439331e-01
-1.699110567569732666e-01;-1.480383425951004028e-02;-3.143475353717803955e-01
-4.459988325834274292e-02;-2.618904411792755127e-01;-1.457046717405319214e-01
1.534661650657653809e-02;-4.431145638227462769e-02;-1.660052090883255005e-01
-1.988900452852249146e-01;-1.851014345884323120e-01;-4.179071187973022461e-01
-8.253155648708343506e-02;-1.693777590990066528e-01;-4.284580647945404053e-01
-5.524650216102600098e-03;-3.268965184688568115e-01;-1.798228621482849121e-01
1.013915836811065674e-01;-7.578261941671371460e-02;-2.493994683027267456e-01
-7.848607748746871948e-02;-3.437608480453491211e-02;-4.301335811614990234e-01
1.886177659034729004e-01;-6.229992508888244629e-01;8.275977522134780884e-02
1.790695935487747192e-01;-6.008960008621215820e-01;6.371238827705383301e-02
1.556593924760818481e-01;-5.716838240623474121e-01;3.458166122436523438e-02
1.530352681875228882e-01;-5.707623362541198730e-01;3.297126665711402893e-02
1.289466172456741333e-01;-7.255831360816955566e-01;8.906862139701843262e-02
1.036358624696731567e-01;-6.676508784294128418e-01;1.167475432157516479e-02
1.302411407232284546e-01;-5.383510589599609375e-01;1.742464303970336914e-02
1.084038466215133667e-01;-6.613368391990661621e-01;-1.014788448810577393e-02
1.468072086572647095e-01;-5.838882923126220703e-01;-3.814954310655593872e-02
1.472401767969131470e-01;-5.681809782981872559e-01;-3.570339083671569824e-02
-8.126220107078552246e-02;1.518126428127288818e-01;-4.723582863807678223e-01
-1.309366524219512939e-01;2.185815572738647461e-01;-4.110635221004486084e-01
1.034453511238098145e-03;7.344961166381835938e-02;-4.119831919670104980e-01
-1.695715487003326416e-01;1.601638197898864746e-01;-3.605016171932220459e-01
-1.605297029018402100e-01;2.961319386959075928e-01;-4.286566674709320068e-01
-1.689090877771377563e-01;2.305577695369720459e-01;-3.471249938011169434e-01
-1.915938779711723328e-02;1.363206803798675537e-01;-3.059845268726348877e-01
-7.848607748746871948e-02;-3.437608480453491211e-02;-4.301335811614990234e-01
-2.665519714355468750e-01;1.282868981361389160e-01;-4.270886182785034180e-01
4.356914758682250977e-02;6.827309727668762207e-03;-3.639796376228332520e-01
-3.478586375713348389e-01;-3.689052164554595947e-01;-5.425256490707397461e-01
-2.019155919551849365e-01;-3.935860991477966309e-01;-4.726071357727050781e-01
-3.670040667057037354e-01;-1.730741262435913086e-01;-5.055763125419616699e-01
-2.244184464216232300e-01;-5.616144537925720215e-01;-4.807412624359130859e-01
-1.603558808565139771e-01;-3.311748206615447998e-01;-3.682069182395935059e-01
-1.988900452852249146e-01;-1.851014345884323120e-01;-4.179071187973022461e-01
-9.383279085159301758e-02;-4.284520745277404785e-01;-4.724334180355072021e-01
-1.768138855695724487e-01;-5.296521186828613281e-01;-4.005571901798248291e-01
-8.882427215576171875e-02;-2.888801097869873047e-01;-4.723822772502899170e-01
-1.225992441177368164e-01;-4.844663441181182861e-01;-4.111457467079162598e-01
8.230569772422313690e-03;4.811595380306243896e-01;-2.806328833103179932e-01
8.757288753986358643e-02;5.211862325668334961e-01;-1.823003441095352173e-01
-5.134597048163414001e-02;4.253971278667449951e-01;-4.225545525550842285e-01
-5.819863453507423401e-02;3.638426363468170166e-01;-1.569193899631500244e-01
3.537220880389213562e-02;5.136713981628417969e-01;-9.747400879859924316e-02
-1.833580434322357178e-01;5.461620092391967773e-01;-2.469149827957153320e-01
-1.809411942958831787e-01;5.647215843200683594e-01;-3.294375538825988770e-01
-1.052308157086372375e-01;6.466442942619323730e-01;-3.807469010353088379e-01
7.438429445028305054e-02;6.999195814132690430e-01;-3.442597687244415283e-01
8.771802484989166260e-02;6.503041386604309082e-01;-1.170303523540496826e-01
-1.825075596570968628e-01;-6.099023818969726562e-01;3.511834740638732910e-01
-1.027768328785896301e-01;-6.023046374320983887e-01;3.769585490226745605e-01
-1.130468472838401794e-01;-6.855384707450866699e-01;3.256891965866088867e-01
-2.509715557098388672e-01;-5.345121026039123535e-01;4.202625751495361328e-01
-1.416260898113250732e-01;-4.935876727104187012e-01;3.904637098312377930e-01
-8.259153366088867188e-02;-6.837764978408813477e-01;2.732002735137939453e-01
-2.223185449838638306e-01;-4.702654182910919189e-01;3.903026580810546875e-01
-1.075822189450263977e-01;-5.411164164543151855e-01;4.637736380100250244e-01
-1.821589022874832153e-01;-4.669998288154602051e-01;2.903963327407836914e-01
-1.140093356370925903e-01;-6.919001936912536621e-01;4.653623998165130615e-01
1.282633841037750244e-01;-2.693165242671966553e-01;-2.427914589643478394e-01
8.954212069511413574e-02;-2.915378510951995850e-01;-1.571219116449356079e-01
-5.524650216102600098e-03;-3.268965184688568115e-01;-1.798228621482849121e-01
7.210408896207809448e-02;-4.155124723911285400e-01;-2.077836692333221436e-01
7.771132886409759521e-02;-3.715054690837860107e-01;-1.057484596967697144e-01
1.013915836811065674e-01;-7.578262686729431152e-02;-2.493994683027267456e-01
-4.459989070892333984e-02;-2.618904411792755127e-01;-1.457046717405319214e-01
2.120099365711212158e-01;-2.246493995189666748e-01;-4.088972508907318115e-02
1.390279531478881836e-01;-2.935271263122558594e-01;-1.700873672962188721e-02
1.020437628030776978e-01;-2.751101851463317871e-01;-1.436702907085418701e-02
-2.359355241060256958e-01;6.921219825744628906e-01;4.350085556507110596e-01
-2.419080734252929688e-01;7.559660077095031738e-01;3.602357506752014160e-01
-1.291789412498474121e-01;7.191203832626342773e-01;4.147169589996337891e-01
-2.269581407308578491e-01;7.515193223953247070e-01;3.238400816917419434e-01
-2.523642480373382568e-01;5.617336630821228027e-01;4.406631290912628174e-01
-1.399447619915008545e-01;7.815508246421813965e-01;3.913859128952026367e-01
-8.059222996234893799e-02;7.011904716491699219e-01;3.690793216228485107e-01
-7.026618719100952148e-02;7.131751775741577148e-01;3.409248888492584229e-01
-3.723369240760803223e-01;5.251249074935913086e-01;5.735457539558410645e-01
-5.599056184291839600e-02;7.812005877494812012e-01;2.737839519977569580e-01
-2.846172451972961426e-01;2.714713215827941895e-01;4.730008840560913086e-01
-2.534678578376770020e-01;2.901759743690490723e-01;4.637102782726287842e-01
-2.386835664510726929e-01;3.336169421672821045e-01;4.682914614677429199e-01
-2.303686738014221191e-01;3.951596021652221680e-01;4.632211923599243164e-01
-2.356130480766296387e-01;4.423383772373199463e-01;4.651659131050109863e-01
-2.568514943122863770e-01;5.090354681015014648e-01;4.632859826087951660e-01
-2.631107568740844727e-01;5.631572008132934570e-01;4.564881324768066406e-01
-2.510094642639160156e-01;5.908941626548767090e-01;4.537270069122314453e-01
-2.355363368988037109e-01;5.984140038490295410e-01;4.577621221542358398e-01
-2.066165208816528320e-01;6.345866918563842773e-01;4.488874971866607666e-01
-3.363889753818511963e-01;-7.252594828605651855e-01;-6.085004210472106934e-01
-2.476392090320587158e-01;-7.151411771774291992e-01;-5.055483579635620117e-01
-2.249533534049987793e-01;-7.139835953712463379e-01;-4.532486200332641602e-01
-2.283419668674468994e-01;-6.835946440696716309e-01;-4.391086697578430176e-01
-2.307961285114288330e-01;-6.553350687026977539e-01;-4.215601682662963867e-01
-2.272638082504272461e-01;-6.314262747764587402e-01;-4.218159317970275879e-01
-2.094344198703765869e-01;-6.270869374275207520e-01;-4.333674907684326172e-01
-1.778468042612075806e-01;-6.341171860694885254e-01;-4.531538486480712891e-01
-1.451465785503387451e-01;-6.385262608528137207e-01;-4.726672768592834473e-01
-1.279320269823074341e-01;-6.172069907188415527e-01;-4.666717052459716797e-01
1.439086794853210449e-01;3.577839732170104980e-01;-2.769102342426776886e-03
1.422844380140304565e-01;3.771980404853820801e-01;-7.169847376644611359e-03
1.478708833456039429e-01;3.922563195228576660e-01;-4.166805185377597809e-03
1.503103226423263550e-01;4.037488996982574463e-01;-4.630359821021556854e-03
1.467061191797256470e-01;4.135036766529083252e-01;-4.987169988453388214e-03
1.446582376956939697e-01;4.231286346912384033e-01;-7.919889874756336212e-03
1.455370336771011353e-01;4.350641369819641113e-01;-8.150047622621059418e-03
1.450592279434204102e-01;4.507938921451568604e-01;-2.500512637197971344e-03
1.451950371265411377e-01;4.622296690940856934e-01;-1.102914102375507355e-03
1.563424617052078247e-01;4.690743684768676758e-01;1.563145592808723450e-02
-2.430058121681213379e-01;-5.086743831634521484e-01;3.923411965370178223e-01
-2.412480264902114868e-01;-4.526827037334442139e-01;4.071649909019470215e-01
-2.558946907520294189e-01;-4.341936111450195312e-01;4.056602120399475098e-01
-2.605001032352447510e-01;-4.226141870021820068e-01;4.202414751052856445e-01
-2.591433227062225342e-01;-4.223092496395111084e-01;4.377691447734832764e-01
-2.524077296257019043e-01;-4.242842495441436768e-01;4.423708319664001465e-01
-2.269195616245269775e-01;-4.416875541210174561e-01;4.377044439315795898e-01
-2.007636576890945435e-01;-4.597270786762237549e-01;4.358826577663421631e-01
-1.799822747707366943e-01;-4.664237499237060547e-01;4.451187252998352051e-01
-1.548345834016799927e-01;-4.360449314117431641e-01;4.329507052898406982e-01
-1.915776729583740234e-01;-4.604823887348175049e-03;3.823858201503753662e-01
-1.345469951629638672e-01;-2.701506018638610840e-04;3.529528379440307617e-01
-9.633558988571166992e-02;2.894986420869827271e-02;3.408005237579345703e-01
-8.641567081212997437e-02;9.358248114585876465e-02;3.291148245334625244e-01
-9.016350656747817993e-02;1.260040700435638428e-01;3.462006747722625732e-01
-1.031344532966613770e-01;1.517398506402969360e-01;3.724690973758697510e-01
-1.097656339406967163e-01;1.858695149421691895e-01;3.835204243659973145e-01
-1.031868830323219299e-01;2.399541437625885010e-01;3.796862959861755371e-01
-7.824188470840454102e-02;2.637862563133239746e-01;3.766846954822540283e-01
-1.024523377418518066e-02;2.577882707118988037e-01;3.468051850795745850e-01
-1.143333315849304199e-01;7.118946313858032227e-01;2.690310478210449219e-01
-8.439247310161590576e-02;7.170112133026123047e-01;2.657301425933837891e-01
-7.099806517362594604e-02;7.152417898178100586e-01;2.749005854129791260e-01
-6.738745421171188354e-02;7.311996221542358398e-01;2.806407511234283447e-01
-6.682807207107543945e-02;7.457045912742614746e-01;2.880364954471588135e-01
-6.960175931453704834e-02;7.490007281303405762e-01;3.027413785457611084e-01
-6.994427740573883057e-02;7.482302784919738770e-01;3.179476857185363770e-01
-5.808190628886222839e-02;7.614476680755615234e-01;3.253939747810363770e-01
-3.107933141291141510e-02;7.791060209274291992e-01;3.287443518638610840e-01
8.995971642434597015e-03;7.691496610641479492e-01;3.546819686889648438e-01
-4.030093550682067871e-03;-7.313180565834045410e-01;-2.398232221603393555e-01
4.042424261569976807e-03;-7.291375994682312012e-01;-2.022815793752670288e-01
1.542809978127479553e-02;-7.400946617126464844e-01;-1.656310707330703735e-01
2.959761396050453186e-02;-7.518230676651000977e-01;-1.294377148151397705e-01
4.742439091205596924e-02;-7.591148614883422852e-01;-1.117956787347793579e-01
7.083453238010406494e-02;-7.715238928794860840e-01;-9.800515323877334595e-02
8.353652060031890869e-02;-7.751342058181762695e-01;-9.252364188432693481e-02
8.907528966665267944e-02;-7.741284370422363281e-01;-8.869758248329162598e-02
9.476149082183837891e-02;-7.682616710662841797e-01;-8.716826885938644409e-02
9.654969722032546997e-02;-7.383077740669250488e-01;-9.498794376850128174e-02
-2.996081113815307617e-02;6.684916019439697266e-01;-3.439615368843078613e-01
7.510587573051452637e-03;6.915242075920104980e-01;-3.239870369434356689e-01
4.172951728105545044e-02;7.059229612350463867e-01;-3.121328949928283691e-01
6.116237491369247437e-02;7.067718505859375000e-01;-2.980384528636932373e-01
6.721036881208419800e-02;7.184298634529113770e-01;-2.684147953987121582e-01
7.281257957220077515e-02;7.264805436134338379e-01;-2.331195324659347534e-01
7.989496737718582153e-02;7.410959005355834961e-01;-2.042298316955566406e-01
8.825515210628509521e-02;7.659978270530700684e-01;-1.782507151365280151e-01
9.258416295051574707e-02;7.885189056396484375e-01;-1.549358814954757690e-01
1.081766635179519653e-01;7.684041261672973633e-01;-1.420775204896926880e-01
-1.712600290775299072e-01;1.766266673803329468e-01;-4.048864841461181641e-01
-1.480431705713272095e-01;2.078692615032196045e-01;-3.841640651226043701e-01
-1.525321453809738159e-01;2.377566993236541748e-01;-3.650904297828674316e-01
-1.182693839073181152e-01;2.360380589962005615e-01;-3.168107271194458008e-01
-1.406733989715576172e-01;2.986075878143310547e-01;-3.476392626762390137e-01
-1.666139066219329834e-01;3.697751164436340332e-01;-3.316279053688049316e-01
-1.564991474151611328e-01;4.153938293457031250e-01;-2.826432883739471436e-01
-1.336638778448104858e-01;4.589657187461853027e-01;-2.565684020519256592e-01
-1.093091815710067749e-01;4.764834344387054443e-01;-2.414352297782897949e-01
-8.463236689567565918e-02;4.795433282852172852e-01;-2.555321455001831055e-01
-1.989506185054779053e-01;-5.456424355506896973e-01;-4.798359870910644531e-01
-1.728353500366210938e-01;-5.341626405715942383e-01;-4.520410299301147461e-01
-1.800578534603118896e-01;-5.108780860900878906e-01;-4.556149542331695557e-01
-1.738654971122741699e-01;-4.721316397190093994e-01;-4.361292123794555664e-01
-1.569427251815795898e-01;-4.442202150821685791e-01;-4.403130114078521729e-01
-1.400256156921386719e-01;-4.421370923519134521e-01;-4.261457026004791260e-01
-1.311329156160354614e-01;-4.317199885845184326e-01;-4.130299091339111328e-01
-1.273920536041259766e-01;-3.748655915260314941e-01;-4.173888266086578369e-01
-1.184362471103668213e-01;-3.131554722785949707e-01;-4.333038330078125000e-01
-8.438529074192047119e-02;-2.807078659534454346e-01;-4.369025528430938721e-01
1.624103635549545288e-02;-3.259960561990737915e-02;-2.391819953918457031e-01
4.374036565423011780e-02;-4.600524902343750000e-03;-2.311701178550720215e-01
3.518009558320045471e-02;4.408634826540946960e-02;-2.400075793266296387e-01
2.763765305280685425e-02;8.091863244771957397e-02;-2.299357652664184570e-01
3.693484514951705933e-02;9.906269609928131104e-02;-1.959521323442459106e-01
6.049671769142150879e-02;9.642370045185089111e-02;-1.455406248569488525e-01
9.965579211711883545e-02;8.962536603212356567e-02;-7.822404056787490845e-02
1.447653174400329590e-01;7.976217567920684814e-02;-1.761028170585632324e-02
1.632340252399444580e-01;8.570545911788940430e-02;1.326493918895721436e-02
1.629124581813812256e-01;1.389184296131134033e-01;4.857972264289855957e-03
-1.504613161087036133e-01;-4.629063606262207031e-01;3.544554710388183594e-01
-1.191112473607063293e-01;-4.765527248382568359e-01;3.573149740695953369e-01
-8.515690267086029053e-02;-4.708559513092041016e-01;3.438764810562133789e-01
-7.044076919555664062e-02;-4.559167623519897461e-01;3.308252692222595215e-01
-6.453549116849899292e-02;-4.283724129199981689e-01;3.132316768169403076e-01
-5.081465840339660645e-02;-4.034080803394317627e-01;3.259351849555969238e-01
-3.952209651470184326e-02;-3.822087943553924561e-01;3.578436374664306641e-01
-3.596370667219161987e-02;-3.602828383445739746e-01;3.882032334804534912e-01
-1.709659211337566376e-02;-3.538388311862945557e-01;4.005899429321289062e-01
7.406050339341163635e-03;-3.301120698451995850e-01;3.809269964694976807e-01
-2.695869505405426025e-01;-3.186016678810119629e-01;4.023236632347106934e-01
-2.505413889884948730e-01;-3.126376569271087646e-01;4.371828436851501465e-01
-2.351306974887847900e-01;-2.502973675727844238e-01;4.535162150859832764e-01
-2.806005179882049561e-01;-1.150352805852890015e-01;4.410067796707153320e-01
-3.070850670337677002e-01;-4.464541375637054443e-02;4.574536085128784180e-01
-3.062434196472167969e-01;-2.082571387290954590e-02;4.778811633586883545e-01
-2.799418568611145020e-01;-8.607797324657440186e-03;4.820130467414855957e-01
-2.374025136232376099e-01;-1.453214883804321289e-02;4.612902104854583740e-01
-1.904275417327880859e-01;-4.934649169445037842e-02;4.424422979354858398e-01
-1.405065953731536865e-01;-8.348849415779113770e-02;4.560751616954803467e-01
6.020791828632354736e-02;8.192970156669616699e-01;-2.143350243568420410e-02
6.257876008749008179e-02;8.249020576477050781e-01;-2.148357778787612915e-02
6.194688752293586731e-02;8.258267641067504883e-01;-2.056455425918102264e-02
6.097019091248512268e-02;8.266032934188842773e-01;-1.921281404793262482e-02
6.339097023010253906e-02;8.271739482879638672e-01;-1.472164504230022430e-02
6.336449831724166870e-02;8.299011588096618652e-01;-9.984764270484447479e-03
6.522465497255325317e-02;8.288251161575317383e-01;-5.013080313801765442e-03
6.563631445169448853e-02;8.278268575668334961e-01;8.630584925413131714e-04
6.788191199302673340e-02;8.242105841636657715e-01;3.642086870968341827e-03
7.020463049411773682e-02;8.215128183364868164e-01;9.878680109977722168e-03
-2.295311838388442993e-01;-7.237600088119506836e-01;-4.914249181747436523e-01
-1.892920732498168945e-01;-7.206280827522277832e-01;-4.512799382209777832e-01
-1.612930893898010254e-01;-7.258960604667663574e-01;-4.177739620208740234e-01
-1.476478576660156250e-01;-7.138491272926330566e-01;-4.088605642318725586e-01
-1.362108141183853149e-01;-7.007138729095458984e-01;-4.151495397090911865e-01
-1.140664666891098022e-01;-6.865575313568115234e-01;-4.199968278408050537e-01
-9.058649092912673950e-02;-6.810501813888549805e-01;-4.205575287342071533e-01
-6.334646046161651611e-02;-6.813682317733764648e-01;-4.174954295158386230e-01
-4.843007400631904602e-02;-6.816815137863159180e-01;-4.145288169384002686e-01
-3.772200271487236023e-02;-6.756479740142822266e-01;-3.881126046180725098e-01
-6.599865853786468506e-02;-2.419567108154296875e-01;1.587722599506378174e-01
6.560751236975193024e-03;-2.172192633152008057e-01;1.112860068678855896e-01
6.361919641494750977e-02;-1.624818146228790283e-01;9.209905564785003662e-02
8.142017573118209839e-02;-1.133444756269454956e-01;9.669989347457885742e-02
6.331798434257507324e-02;-8.621214330196380615e-02;1.201412081718444824e-01
4.208191111683845520e-02;-6.319981813430786133e-02;1.617531776428222656e-01
3.668656572699546814e-02;-4.200150817632675171e-02;1.903473585844039917e-01
4.607069492340087891e-02;-3.719807788729667664e-02;1.941863447427749634e-01
6.615645438432693481e-02;-3.200760111212730408e-02;1.916455328464508057e-01
7.759109884500503540e-02;-1.004934310913085938e-03;1.923729181289672852e-01
5.525252968072891235e-02;1.170711740851402283e-01;1.056823804974555969e-01
1.134279370307922363e-01;1.291076242923736572e-01;5.072555691003799438e-02
1.441057771444320679e-01;1.640784442424774170e-01;1.977866888046264648e-02
1.609074175357818604e-01;1.844685226678848267e-01;8.240669965744018555e-03
1.628645062446594238e-01;1.973488181829452515e-01;6.555780768394470215e-03
1.587701439857482910e-01;2.030352354049682617e-01;2.457560598850250244e-02
1.404522359371185303e-01;2.098633497953414917e-01;5.273946374654769897e-02
1.217805147171020508e-01;2.073919475078582764e-01;8.528190851211547852e-02
1.142613142728805542e-01;2.118608653545379639e-01;1.131233870983123779e-01
1.230308711528778076e-01;2.384994924068450928e-01;1.288069039583206177e-01
-2.944418191909790039e-01;-2.160125970840454102e-02;4.440474212169647217e-01
-3.034844696521759033e-01;-9.299978613853454590e-03;4.803373515605926514e-01
-2.752681970596313477e-01;7.630677521228790283e-02;4.878576695919036865e-01
-2.704995870590209961e-01;1.502359360456466675e-01;4.891696274280548096e-01
-2.846297025680541992e-01;1.927979439496994019e-01;4.966484606266021729e-01
-2.784617245197296143e-01;2.275704592466354370e-01;4.945741593837738037e-01
-2.543616294860839844e-01;2.589622437953948975e-01;4.837324917316436768e-01
-2.260379493236541748e-01;2.728067636489868164e-01;4.743098616600036621e-01
-1.945234537124633789e-01;2.545345425605773926e-01;4.664869308471679688e-01
-1.573945730924606323e-01;2.471616417169570923e-01;4.698219895362854004e-01
-1.681354194879531860e-01;6.428486704826354980e-01;-4.010751843452453613e-01
-1.113526448607444763e-01;5.788511633872985840e-01;-4.040301144123077393e-01
-1.322086900472640991e-01;6.344507336616516113e-01;-4.131619334220886230e-01
-1.431275159120559692e-01;6.810538172721862793e-01;-3.956881761550903320e-01
-1.367090344429016113e-01;6.985908150672912598e-01;-3.837907314300537109e-01
-1.236958503723144531e-01;7.278323769569396973e-01;-3.905074298381805420e-01
-1.071613132953643799e-01;7.501220107078552246e-01;-3.967221081256866455e-01
-6.009101495146751404e-02;7.303066849708557129e-01;-3.929131627082824707e-01
-8.342273533344268799e-03;7.157959938049316406e-01;-3.948093652725219727e-01
3.079580515623092651e-02;7.207581996917724609e-01;-3.861559033393859863e-01
