5.625945925712585449e-01;3.420366644859313965e-01;1.702130734920501709e-01
6.065858602523803711e-01;3.767637014389038086e-01;2.752050161361694336e-01
6.752021312713623047e-01;3.476982116699218750e-01;1.522507220506668091e-01
7.633823156356811523e-01;1.581356823444366455e-01;2.512839436531066895e-01
7.723266482353210449e-01;1.747329235076904297e-01;2.519300282001495361e-01
7.728475928306579590e-01;1.562066525220870972e-01;2.816903293132781982e-01
7.695268392562866211e-01;2.369742691516876221e-01;2.916874885559082031e-01
7.576102614402770996e-01;3.991618752479553223e-01;9.957367181777954102e-02
7.672529816627502441e-01;4.142918884754180908e-01;2.373892813920974731e-01
7.728268504142761230e-01;3.806960284709930420e-01;3.586023747920989990e-01
-7.794401794672012329e-02;-2.191282659769058228e-01;1.848559081554412842e-01
-1.536297053098678589e-02;-4.003972709178924561e-01;8.555376529693603516e-02
-4.449943453073501587e-02;-3.306299149990081787e-01;3.109933733940124512e-01
1.268825680017471313e-01;-4.005039930343627930e-01;8.862648904323577881e-02
1.361134946346282959e-01;-2.318792492151260376e-01;5.412738025188446045e-02
1.714106500148773193e-01;-3.646434247493743896e-01;9.159982204437255859e-02
1.875671744346618652e-01;-3.283239901065826416e-01;9.975051879882812500e-02
1.105284616351127625e-01;-2.927964627742767334e-01;2.949522733688354492e-01
2.195998430252075195e-01;-2.901992499828338623e-01;2.417299598455429077e-01
-7.733797281980514526e-02;-1.465132087469100952e-01;2.304764837026596069e-01
-8.419129252433776855e-01;1.023403108119964600e-01;3.589821457862854004e-01
-7.981047630310058594e-01;3.857995569705963135e-01;7.861149311065673828e-02
-8.419283032417297363e-01;3.908043503761291504e-01;1.638970077037811279e-01
-7.954998016357421875e-01;4.068246185779571533e-01;9.219440817832946777e-02
-5.819675326347351074e-01;3.383554518222808838e-01;2.415067702531814575e-01
-7.331909537315368652e-01;3.744442164897918701e-01;3.020361065864562988e-01
-7.220306396484375000e-01;4.069085121154785156e-01;3.587198555469512939e-01
-6.232408881187438965e-01;3.065638244152069092e-01;3.588289916515350342e-01
-4.445519447326660156e-01;3.741617798805236816e-01;2.263218462467193604e-01
-5.087577700614929199e-01;4.069574773311614990e-01;3.268949389457702637e-01
7.193264961242675781e-01;-4.069202244281768799e-01;7.702443003654479980e-02
7.625193595886230469e-01;-4.040228724479675293e-01;3.200083374977111816e-01
7.209905385971069336e-01;-3.417124450206756592e-01;2.931804358959197998e-01
7.696231007575988770e-01;-4.061096012592315674e-01;2.617043256759643555e-01
6.598271727561950684e-01;-1.934385150671005249e-01;2.930057346820831299e-01
7.717037200927734375e-01;-2.671422064304351807e-01;2.711695432662963867e-01
7.713813781738281250e-01;-2.412289381027221680e-01;2.436247467994689941e-01
7.730898857116699219e-01;-1.471955478191375732e-01;3.023230433464050293e-01
7.632470130920410156e-01;-1.299655139446258545e-01;3.046123981475830078e-01
7.731928229331970215e-01;-1.246577799320220947e-01;3.027577400207519531e-01
-2.143584936857223511e-01;2.379789054393768311e-01;2.106622606515884399e-01
-2.666470110416412354e-01;3.387275338172912598e-01;3.560075163841247559e-02
-1.969146579504013062e-01;2.692590951919555664e-01;6.803423166275024414e-03
-1.894541978836059570e-01;3.387717306613922119e-01;3.476634621620178223e-02
-1.727337092161178589e-01;4.069661796092987061e-01;-4.418048262596130371e-02
-7.215571403503417969e-02;3.419433832168579102e-01;5.140550434589385986e-02
-4.591688886284828186e-02;2.704591751098632812e-01;-1.921081542968750000e-02
-1.301330775022506714e-01;3.439234495162963867e-01;2.272653430700302124e-01
-1.049582138657569885e-01;3.753236830234527588e-01;1.419651806354522705e-01
1.040924564003944397e-01;3.718006908893585205e-01;1.551596224308013916e-01
-1.049010306596755981e-01;-4.004856050014495850e-01;-3.527449369430541992e-01
-9.746748208999633789e-02;-4.004895687103271484e-01;-2.756004631519317627e-01
-3.523443639278411865e-02;-3.167616724967956543e-01;-3.660228550434112549e-01
6.719410419464111328e-02;-3.323426246643066406e-01;-2.988588511943817139e-01
-6.941920518875122070e-02;-4.004830718040466309e-01;-1.482795327901840210e-01
6.101984530687332153e-03;-4.004969000816345215e-01;-1.724252551794052124e-01
-3.047566115856170654e-02;-2.426645904779434204e-01;-2.595025599002838135e-01
6.098164245486259460e-02;-2.151663303375244141e-01;-3.634670376777648926e-01
1.063457205891609192e-01;-1.185449361801147461e-01;-2.958749830722808838e-01
5.551835894584655762e-02;-2.409000545740127563e-01;-1.755020469427108765e-01
-8.420230746269226074e-01;-3.806419074535369873e-01;-3.822419345378875732e-01
-8.420237302780151367e-01;-3.702987134456634521e-01;-3.059548735618591309e-01
-7.232175469398498535e-01;-2.976664602756500244e-01;-3.255580663681030273e-01
-8.419768810272216797e-01;-3.918673694133758545e-01;-1.692311167716979980e-01
-7.184728384017944336e-01;-3.370702564716339111e-01;-2.075981944799423218e-01
-8.420712947845458984e-01;-1.541672199964523315e-01;-2.514318525791168213e-01
-7.300195097923278809e-01;-2.364983409643173218e-01;-1.671099960803985596e-01
-6.472550630569458008e-01;-3.738687932491302490e-01;-3.998153805732727051e-01
-6.198698878288269043e-01;-3.122891783714294434e-01;-3.634493052959442139e-01
-6.243642568588256836e-01;-4.007690846920013428e-01;-1.343390941619873047e-01
-4.727997183799743652e-01;-5.631371960043907166e-02;1.683895438909530640e-01
-4.680214822292327881e-01;-2.959463745355606079e-02;3.589282333850860596e-01
-3.716697096824645996e-01;-2.314301431179046631e-01;2.365729659795761108e-01
-4.156903326511383057e-01;-2.174109816551208496e-01;3.714340925216674805e-01
-2.658180296421051025e-01;-2.190185487270355225e-01;2.701959609985351562e-01
-3.925930857658386230e-01;-9.297821670770645142e-02;2.714632749557495117e-01
-3.326135575771331787e-01;-1.872476786375045776e-01;3.589705228805541992e-01
-2.590094506740570068e-01;-3.822821006178855896e-02;2.521971166133880615e-01
-4.119085371494293213e-01;2.395294606685638428e-02;3.745135068893432617e-01
-3.683131933212280273e-01;7.065663486719131470e-02;3.403354585170745850e-01
-8.455877900123596191e-01;9.869933128356933594e-02;-3.997853100299835205e-01
-6.826856136322021484e-01;2.221569418907165527e-01;-3.310889601707458496e-01
-8.422071933746337891e-01;3.672062158584594727e-01;-3.931503593921661377e-01
-8.013602495193481445e-01;4.067214131355285645e-01;-2.869585752487182617e-01
-8.420819640159606934e-01;9.017041325569152832e-02;-1.457688808441162109e-01
-7.627452015876770020e-01;1.277265548706054688e-01;-1.411945819854736328e-01
-5.773835182189941406e-01;3.562841117382049561e-01;-4.000290334224700928e-01
-6.080432534217834473e-01;3.442199230194091797e-01;-2.478412538766860962e-01
-5.032564401626586914e-01;3.096864521503448486e-01;-3.276209533214569092e-01
-6.261052489280700684e-01;4.068402349948883057e-01;-6.309276819229125977e-02
7.669637203216552734e-01;3.532534539699554443e-01;-3.509876132011413574e-01
7.209320664405822754e-01;3.020785748958587646e-01;-3.121009767055511475e-01
7.721421718597412109e-01;3.986130058765411377e-01;-3.129044771194458008e-01
7.733489871025085449e-01;4.092863202095031738e-01;-3.721523284912109375e-01
7.638339400291442871e-01;3.750371932983398438e-01;-1.761036515235900879e-01
7.267545461654663086e-01;3.410041332244873047e-01;-1.186419874429702759e-01
7.604647278785705566e-01;4.171828627586364746e-01;-1.594268828630447388e-01
7.559995651245117188e-01;4.146465659141540527e-01;-5.833101272583007812e-02
7.553388476371765137e-01;4.136110246181488037e-01;-3.667294979095458984e-03
7.553896307945251465e-01;4.141226112842559814e-01;4.053664207458496094e-02
2.926461994647979736e-01;-2.269138246774673462e-01;-1.172879040241241455e-01
4.053671658039093018e-01;-1.020265594124794006e-01;-1.992648839950561523e-01
2.101190090179443359e-01;-1.265989243984222412e-01;-5.775480717420578003e-02
4.500052034854888916e-01;-4.011815786361694336e-01;-3.398780524730682373e-02
5.803406834602355957e-01;-1.862535178661346436e-01;-2.508755922317504883e-01
4.597600698471069336e-01;-1.684212684631347656e-01;-1.515048556029796600e-02
4.197247922420501709e-01;-2.566390335559844971e-01;1.303514689207077026e-01
4.829923212528228760e-01;-1.688555926084518433e-01;1.908622831106185913e-01
4.198383688926696777e-01;6.817123293876647949e-02;-1.291587352752685547e-01
3.302709460258483887e-01;-4.280024766921997070e-02;1.661509573459625244e-01
2.618001699447631836e-01;-1.615419983863830566e-03;3.038129210472106934e-01
2.402984350919723511e-01;6.798416376113891602e-02;2.357758879661560059e-01
4.993934929370880127e-01;1.320322602987289429e-02;2.639355063438415527e-01
5.010356307029724121e-01;-2.882273495197296143e-02;3.078529238700866699e-01
3.464457690715789795e-01;2.011644840240478516e-02;2.448966503143310547e-01
3.970389366149902344e-01;1.385637521743774414e-01;2.001913785934448242e-01
3.853488862514495850e-01;1.357972770929336548e-01;3.393652737140655518e-01
4.218909740447998047e-01;1.508469730615615845e-01;3.408102691173553467e-01
2.825649976730346680e-01;3.057408332824707031e-01;3.358607292175292969e-01
4.860388338565826416e-01;2.426371872425079346e-01;1.846679747104644775e-01
-1.587174087762832642e-01;-8.496852219104766846e-02;-2.286306321620941162e-01
-1.853332519531250000e-01;4.083913937211036682e-02;-2.306777238845825195e-01
-2.626480460166931152e-01;4.637460224330425262e-03;4.213537275791168213e-02
-3.075829334557056427e-02;-1.037932485342025757e-01;-2.245580255985260010e-01
-4.260471090674400330e-02;-1.296850442886352539e-01;2.507760375738143921e-02
-6.012285128235816956e-02;1.728009432554244995e-02;-6.942019611597061157e-02
-1.055809557437896729e-01;-5.257254093885421753e-02;1.163640245795249939e-01
-3.211117535829544067e-02;-8.120903745293617249e-03;7.590913027524948120e-02
1.165865212678909302e-01;1.575532555580139160e-02;3.655012696981430054e-02
1.313171237707138062e-01;1.232763975858688354e-01;-1.774515584111213684e-02
-4.862500429153442383e-01;1.671249866485595703e-01;-1.861902624368667603e-01
-5.418775677680969238e-01;2.003037929534912109e-01;9.827200323343276978e-03
-3.644660711288452148e-01;3.218705952167510986e-02;-9.420661628246307373e-02
-2.626480460166931152e-01;4.637464880943298340e-03;4.213537275791168213e-02
-4.123643636703491211e-01;1.676638871431350708e-01;-4.391059279441833496e-02
-2.809139490127563477e-01;7.049436122179031372e-02;-1.238693147897720337e-01
-5.628084540367126465e-01;1.905070096254348755e-01;9.392040967941284180e-02
-2.666470110416412354e-01;3.387275338172912598e-01;3.560075163841247559e-02
-2.467225342988967896e-01;2.283467650413513184e-01;9.095931053161621094e-02
-1.969146579504013062e-01;2.692590951919555664e-01;6.803426891565322876e-03
7.130404114723205566e-01;-9.164212644100189209e-02;1.430210918188095093e-01
6.442543864250183105e-01;8.919203281402587891e-02;5.079855024814605713e-02
6.958104968070983887e-01;9.312506765127182007e-02;1.994514614343643188e-01
7.536324262619018555e-01;-1.626582145690917969e-01;-4.343587160110473633e-02
7.639527320861816406e-01;1.225191354751586914e-02;9.984485805034637451e-02
6.763772964477539062e-01;-5.233244597911834717e-02;2.837681472301483154e-01
7.516018748283386230e-01;1.435664147138595581e-01;8.832976967096328735e-02
7.633823156356811523e-01;1.581356823444366455e-01;2.512839436531066895e-01
7.723266482353210449e-01;1.747329235076904297e-01;2.519300282001495361e-01
7.728475928306579590e-01;1.562066525220870972e-01;2.816903293132781982e-01
-8.418692946434020996e-01;-1.556743085384368896e-01;3.271500170230865479e-01
-7.305999398231506348e-01;-1.797281503677368164e-01;2.291779667139053345e-01
-7.663058638572692871e-01;-1.482811570167541504e-02;2.423990219831466675e-01
-7.538502216339111328e-01;-9.405513107776641846e-02;3.768807053565979004e-01
-7.204495668411254883e-01;-7.556275278329849243e-02;3.722186684608459473e-01
-7.050629258155822754e-01;-1.933377981185913086e-02;3.589918911457061768e-01
-8.419129252433776855e-01;1.023403108119964600e-01;3.589821457862854004e-01
-6.073727607727050781e-01;9.604261815547943115e-02;3.589131832122802734e-01
-5.716215372085571289e-01;-8.398944139480590820e-02;2.319063395261764526e-01
-5.928641557693481445e-01;-1.649484038352966309e-02;4.076781272888183594e-01
1.420771479606628418e-01;1.392254084348678589e-01;-1.482352614402770996e-01
1.313171237707138062e-01;1.232763975858688354e-01;-1.774515584111213684e-02
2.388006299734115601e-01;1.992644518613815308e-01;-9.048175811767578125e-02
4.198383688926696777e-01;6.817123293876647949e-02;-1.291587352752685547e-01
4.380494356155395508e-01;1.739057302474975586e-01;-1.872183084487915039e-01
3.034403026103973389e-01;1.369318515062332153e-01;-2.729166112840175629e-02
4.059236943721771240e-01;1.755999326705932617e-01;-7.449632138013839722e-02
3.262907862663269043e-01;3.388982266187667847e-02;1.336846798658370972e-01
2.259468734264373779e-01;2.330466061830520630e-01;-3.622122108936309814e-02
3.186369240283966064e-01;2.335586249828338623e-01;-2.167596369981765747e-01
3.602996468544006348e-01;-4.006375670433044434e-01;2.931711673736572266e-01
2.195998430252075195e-01;-2.901992499828338623e-01;2.417299598455429077e-01
4.197247922420501709e-01;-2.566390335559844971e-01;1.303514689207077026e-01
4.829923212528228760e-01;-1.688555926084518433e-01;1.908622831106185913e-01
4.011049866676330566e-01;-2.858994305133819580e-01;3.460289239883422852e-01
3.762669563293457031e-01;-3.485457301139831543e-01;4.066795706748962402e-01
4.237604439258575439e-01;-2.322386354207992554e-01;3.381748199462890625e-01
3.670500814914703369e-01;-1.345801502466201782e-01;3.366256058216094971e-01
2.914185225963592529e-01;-6.896071135997772217e-02;3.578592240810394287e-01
5.010356307029724121e-01;-2.882273495197296143e-02;3.078529238700866699e-01
5.808545351028442383e-01;-3.708200752735137939e-01;-2.082856893539428711e-01
6.464651823043823242e-01;-4.056718051433563232e-01;-3.256991803646087646e-01
7.701128125190734863e-01;-4.056272506713867188e-01;-2.643711864948272705e-01
7.522501945495605469e-01;-4.075714945793151855e-01;-4.532086849212646484e-02
7.042891979217529297e-01;-3.330203294754028320e-01;-4.557125270366668701e-03
7.193264961242675781e-01;-4.069202244281768799e-01;7.702442258596420288e-02
7.595288157463073730e-01;-3.107840120792388916e-01;-8.043919503688812256e-02
7.585684657096862793e-01;-2.860096991062164307e-01;5.305828154087066650e-02
7.596723437309265137e-01;-1.241799592971801758e-01;-1.220262125134468079e-01
7.536324262619018555e-01;-1.626582145690917969e-01;-4.343587160110473633e-02
