-1.068648397922515869e-01;6.951463818550109863e-01;-4.054756462574005127e-01
-1.636413186788558960e-01;6.853958964347839355e-01;-4.054774343967437744e-01
-1.854476034641265869e-01;7.020372152328491211e-01;-4.054785072803497314e-01
1.209405809640884399e-02;6.912972927093505859e-01;-3.815908133983612061e-01
-2.484906017780303955e-01;6.518428325653076172e-01;-3.562402129173278809e-01
1.250587552785873413e-01;6.909991502761840820e-01;-3.708194792270660400e-01
-2.460405081510543823e-01;5.132646560668945312e-01;-3.380718529224395752e-01
9.544432163238525391e-02;6.494928002357482910e-01;-2.794368565082550049e-01
-3.485954999923706055e-01;7.174696922302246094e-01;-3.979308009147644043e-01
-2.376470863819122314e-01;5.164367556571960449e-01;-2.960245609283447266e-01
2.617338299751281738e-01;-4.010726884007453918e-02;9.158089011907577515e-02
2.493460774421691895e-01;8.220653980970382690e-03;6.973107159137725830e-02
2.593138813972473145e-01;-1.246923208236694336e-02;3.650778159499168396e-02
2.118341922760009766e-01;1.163883879780769348e-02;3.212331235408782959e-02
1.994451582431793213e-01;-6.543973833322525024e-02;9.683392941951751709e-03
2.597225904464721680e-01;-1.453087478876113892e-01;1.353397816419601440e-01
2.490609139204025269e-01;-7.690181583166122437e-02;2.132291644811630249e-01
2.603999972343444824e-01;-1.600132733583450317e-01;1.398605108261108398e-01
2.580207884311676025e-01;-1.339351683855056763e-01;2.141363918781280518e-03
2.090606391429901123e-01;7.288131117820739746e-02;-1.226793229579925537e-02
-4.927161633968353271e-01;-7.123299837112426758e-01;-4.998167455196380615e-01
-4.247218072414398193e-01;-7.100988626480102539e-01;-4.288491308689117432e-01
-3.480572998523712158e-01;-7.168642282485961914e-01;-4.157840907573699951e-01
-3.542812466621398926e-01;-7.708878517150878906e-01;-3.883079290390014648e-01
-3.992234766483306885e-01;-6.827751398086547852e-01;-3.400355279445648193e-01
-3.707931339740753174e-01;-5.697840452194213867e-01;-4.023347496986389160e-01
-3.020778298377990723e-01;-7.008159160614013672e-01;-3.044601678848266602e-01
-2.090892493724822998e-01;-7.150655388832092285e-01;-3.756620287895202637e-01
-2.782946825027465820e-01;-4.944278597831726074e-01;-3.448288738727569580e-01
-1.555345952510833740e-01;-7.598483562469482422e-01;-3.807519972324371338e-01
-4.411889910697937012e-01;7.024564743041992188e-01;5.151888728141784668e-01
-4.165182411670684814e-01;6.473601460456848145e-01;4.560254216194152832e-01
-4.163973927497863770e-01;5.590490102767944336e-01;4.393087625503540039e-01
-2.450699061155319214e-01;6.456716656684875488e-01;3.535900413990020752e-01
-1.881555318832397461e-01;7.095578312873840332e-01;4.384308755397796631e-01
-1.964574009180068970e-01;5.711838603019714355e-01;4.643136858940124512e-01
-3.625588715076446533e-01;4.149276614189147949e-01;3.817582130432128906e-01
-3.239824473857879639e-01;3.749466836452484131e-01;3.984093666076660156e-01
-1.840859651565551758e-01;4.730201065540313721e-01;3.563003838062286377e-01
-2.290463298559188843e-01;3.623162508010864258e-01;4.642590284347534180e-01
-1.256116777658462524e-01;-1.720593869686126709e-01;3.273068666458129883e-01
-1.447988450527191162e-01;-2.559537589550018311e-01;3.301100730895996094e-01
-1.652477085590362549e-01;-7.185509055852890015e-02;3.368819653987884521e-01
-1.847578585147857666e-01;-4.738155007362365723e-02;2.279587835073471069e-01
-5.738335847854614258e-02;-2.882787585258483887e-01;2.230397462844848633e-01
-1.166909784078598022e-01;-1.276879012584686279e-02;2.595258355140686035e-01
-4.817690700292587280e-02;-1.463424414396286011e-01;1.679102033376693726e-01
-2.020392715930938721e-01;-3.162305057048797607e-01;4.166052341461181641e-01
-2.847470045089721680e-01;-1.761430054903030396e-01;2.309052795171737671e-01
-1.335686594247817993e-01;3.028154373168945312e-02;3.274332880973815918e-01
-1.662384271621704102e-01;-2.080482840538024902e-01;-7.242330163717269897e-02
-1.770064979791641235e-01;-2.994075715541839600e-01;-8.025928586721420288e-02
-9.128589183092117310e-02;-2.486236989498138428e-01;-1.160520315170288086e-01
-1.410201638936996460e-01;-2.003378868103027344e-01;-1.716866344213485718e-01
-7.316999882459640503e-02;-2.925493419170379639e-01;-7.159870862960815430e-02
-1.702238619327545166e-02;-1.483336985111236572e-01;3.002407401800155640e-02
-6.102472543716430664e-04;-1.199769750237464905e-01;-1.850710064172744751e-02
-9.184791892766952515e-02;-1.668782979249954224e-01;-2.545101046562194824e-01
-2.157151252031326294e-01;-2.729738056659698486e-01;-2.617717385292053223e-01
-1.441313177347183228e-01;-1.650586724281311035e-03;-1.126524284482002258e-01
-2.439729720354080200e-01;-4.967659711837768555e-01;-2.971827387809753418e-01
-2.782946825027465820e-01;-4.944278597831726074e-01;-3.448288738727569580e-01
-2.846187055110931396e-01;-5.030089616775512695e-01;-2.458580285310745239e-01
-3.253698348999023438e-01;-4.246650934219360352e-01;-3.087075948715209961e-01
-2.549197077751159668e-01;-4.371952116489410400e-01;-4.057135581970214844e-01
-1.863148957490921021e-01;-6.337678432464599609e-01;-3.032883703708648682e-01
-1.088692098855972290e-01;-5.661535263061523438e-01;-2.483565658330917358e-01
-2.279624193906784058e-01;-3.310616612434387207e-01;-3.007070124149322510e-01
-3.707931339740753174e-01;-5.697840452194213867e-01;-4.023347496986389160e-01
-3.159762620925903320e-01;-3.636004328727722168e-01;-4.095625877380371094e-01
1.405905485153198242e-01;4.324626028537750244e-01;1.739562004804611206e-01
2.081243544816970825e-01;4.676548838615417480e-01;1.718170940876007080e-01
1.818816065788269043e-01;5.022820830345153809e-01;1.515649706125259399e-01
1.994774937629699707e-01;4.301031827926635742e-01;9.878612309694290161e-02
1.789396852254867554e-01;5.148064494132995605e-01;1.137962415814399719e-01
1.300119459629058838e-01;4.931787848472595215e-01;6.865623593330383301e-02
3.362939506769180298e-02;4.975579082965850830e-01;1.645240336656570435e-01
1.208033263683319092e-01;4.663578867912292480e-01;4.528537392616271973e-02
1.306489109992980957e-02;3.687317967414855957e-01;2.201748043298721313e-01
1.117990016937255859e-01;5.695782899856567383e-01;7.988759130239486694e-02
2.270360589027404785e-01;-3.501942157745361328e-01;-2.766319178044795990e-02
2.009326964616775513e-01;-3.252537250518798828e-01;-5.181722342967987061e-02
1.537161320447921753e-01;-3.256201446056365967e-01;-6.907358765602111816e-04
1.614108234643936157e-01;-3.565751016139984131e-01;3.479055315256118774e-02
2.478509098291397095e-01;-2.525170743465423584e-01;-2.713766880333423615e-02
2.088737636804580688e-01;-3.967772126197814941e-01;5.982590466737747192e-02
1.971762627363204956e-01;-4.296005666255950928e-01;3.258339315652847290e-02
2.375171035528182983e-01;-2.371057271957397461e-01;-8.459372818470001221e-02
2.112879604101181030e-01;-3.834587037563323975e-01;1.018790677189826965e-01
2.451436519622802734e-01;-2.519031763076782227e-01;-1.254909932613372803e-01
2.276097834110260010e-01;2.410040348768234253e-01;-7.923157513141632080e-02
2.359575331211090088e-01;1.434110701084136963e-01;-5.708841234445571899e-02
1.630428582429885864e-01;1.521449238061904907e-01;-6.814765185117721558e-02
2.459306567907333374e-01;1.250612288713455200e-01;-1.189891025424003601e-01
1.466296315193176270e-01;3.064940869808197021e-01;4.559308290481567383e-03
1.778054535388946533e-01;3.146346807479858398e-01;5.372364819049835205e-02
2.192711532115936279e-01;4.004628658294677734e-01;-9.860651940107345581e-02
2.223060876131057739e-01;1.462389081716537476e-01;5.284287035465240479e-02
1.245738565921783447e-01;1.126711517572402954e-01;-3.369694948196411133e-02
1.021139919757843018e-01;2.474880665540695190e-01;3.767739981412887573e-02
-4.405406769365072250e-03;6.435777544975280762e-01;8.457665890455245972e-02
-3.173253964632749557e-03;6.481314897537231445e-01;-3.269076347351074219e-02
1.117990016937255859e-01;5.695782899856567383e-01;7.988759130239486694e-02
-1.104818470776081085e-02;5.487257242202758789e-01;-2.222839742898941040e-02
3.362939506769180298e-02;4.975579082965850830e-01;1.645240336656570435e-01
-1.185912787914276123e-01;5.063509345054626465e-01;2.476993203163146973e-02
1.038217246532440186e-01;5.699101090431213379e-01;-6.060040742158889771e-02
1.300119459629058838e-01;4.931787848472595215e-01;6.865623593330383301e-02
1.070356070995330811e-01;5.306802988052368164e-01;-4.117832332849502563e-02
-5.297578498721122742e-02;5.196898579597473145e-01;2.423616051673889160e-01
-1.740297377109527588e-01;-4.925670921802520752e-01;3.764276802539825439e-01
-2.417585998773574829e-01;-4.582280218601226807e-01;3.677799105644226074e-01
-2.952488660812377930e-01;-5.567670464515686035e-01;3.465826213359832764e-01
-3.046310842037200928e-01;-3.918687105178833008e-01;3.890397548675537109e-01
-4.612973332405090332e-02;-5.096045732498168945e-01;2.508649826049804688e-01
-2.020392715930938721e-01;-3.162305057048797607e-01;4.166052341461181641e-01
-1.453045755624771118e-01;-4.985850155353546143e-01;1.920250356197357178e-01
-1.387766003608703613e-01;-6.673018336296081543e-01;4.643268287181854248e-01
-2.084395885467529297e-01;-3.657219409942626953e-01;2.252621203660964966e-01
-1.505138874053955078e-01;-6.999230980873107910e-01;4.087388515472412109e-01
1.944680660963058472e-01;-6.111276745796203613e-01;-1.523559093475341797e-01
1.270301192998886108e-01;-6.283965110778808594e-01;-1.837401390075683594e-01
1.135932505130767822e-01;-6.579588651657104492e-01;-1.002317667007446289e-01
2.046100646257400513e-01;-4.892068207263946533e-01;-1.539884358644485474e-01
1.031378135085105896e-01;-6.241755485534667969e-01;-6.452695280313491821e-02
1.695139259099960327e-01;-4.917613863945007324e-01;-8.037172257900238037e-02
2.192897200584411621e-01;-6.361625194549560547e-01;-3.139699995517730713e-01
9.068349748849868774e-02;-5.905047059059143066e-01;-1.904965937137603760e-02
1.777531206607818604e-01;-5.172740221023559570e-01;2.346619963645935059e-03
1.856327056884765625e-01;-7.636358141899108887e-01;-2.847465872764587402e-01
