-5.256146192550659180e-01;2.797347679734230042e-02;-4.169506728649139404e-01
-5.639088153839111328e-01;-5.023476108908653259e-02;-3.957901000976562500e-01
-5.639072656631469727e-01;-7.044856250286102295e-02;-4.169674515724182129e-01
-5.639177560806274414e-01;3.595677018165588379e-02;-3.160474002361297607e-01
-5.639181137084960938e-01;-5.695827305316925049e-03;-3.128617703914642334e-01
-5.639200210571289062e-01;7.834473997354507446e-02;-3.036965131759643555e-01
-5.639098286628723145e-01;1.521040052175521851e-01;-4.169387817382812500e-01
-4.911363422870635986e-01;1.027097105979919434e-01;-3.145611286163330078e-01
-5.559937953948974609e-01;1.864363700151443481e-01;-3.781668245792388916e-01
-5.639190077781677246e-01;1.916382610797882080e-01;-3.477978706359863281e-01
8.042235970497131348e-01;-4.087730050086975098e-01;3.885140717029571533e-01
8.137477636337280273e-01;-4.216122627258300781e-01;2.797090709209442139e-01
7.162989377975463867e-01;-3.893845975399017334e-01;3.034946918487548828e-01
7.736529111862182617e-01;-2.754255533218383789e-01;2.798511087894439697e-01
8.121377229690551758e-01;-2.176261395215988159e-01;3.457453250885009766e-01
8.093329071998596191e-01;-2.626889348030090332e-01;2.318526059389114380e-01
6.311956048011779785e-01;-2.421304881572723389e-01;3.030274510383605957e-01
8.122410178184509277e-01;-1.290980875492095947e-01;3.006973266601562500e-01
7.523468732833862305e-01;-1.075400412082672119e-01;2.794775962829589844e-01
7.874154448509216309e-01;-2.980269789695739746e-01;5.821245908737182617e-02
2.459767758846282959e-01;3.774171471595764160e-01;3.695533573627471924e-01
2.998454272747039795e-01;3.521328866481781006e-01;2.577369809150695801e-01
1.177726089954376221e-01;2.292567938566207886e-01;3.128007352352142334e-01
8.188974857330322266e-02;1.983630359172821045e-01;3.869874775409698486e-01
3.057861030101776123e-01;3.456863760948181152e-01;1.355308145284652710e-01
1.502397656440734863e-02;3.481523990631103516e-01;2.778508365154266357e-01
3.449926376342773438e-01;2.166147679090499878e-01;2.033338993787765503e-01
3.487860262393951416e-01;1.400579810142517090e-01;3.500794172286987305e-01
1.021320670843124390e-01;1.396639943122863770e-01;2.743000984191894531e-01
1.792521327733993530e-01;2.047918885946273804e-01;1.376245617866516113e-01
2.686415314674377441e-01;-3.069938123226165771e-01;-3.564324676990509033e-01
3.432886302471160889e-01;-4.161436855792999268e-01;-2.229228317737579346e-01
1.903239637613296509e-01;-1.172615885734558105e-01;-4.166556596755981445e-01
3.400936424732208252e-01;-1.676660180091857910e-01;-2.036431431770324707e-01
2.599509954452514648e-01;-3.128731250762939453e-01;-1.250687092542648315e-01
2.107938379049301147e-01;-7.947310805320739746e-02;-4.165946543216705322e-01
5.982586741447448730e-02;-2.711554467678070068e-01;-2.365184873342514038e-01
4.935719072818756104e-01;-2.073634713888168335e-01;-3.969593942165374756e-01
3.973279893398284912e-02;-2.051386833190917969e-01;-3.462241291999816895e-01
4.673343896865844727e-01;-1.446612179279327393e-01;-3.336222171783447266e-01
-5.637615323066711426e-01;4.188112318515777588e-01;2.870603501796722412e-01
-5.639598965644836426e-01;4.209647178649902344e-01;3.418474793434143066e-01
-5.639696121215820312e-01;3.693507313728332520e-01;3.192418217658996582e-01
-5.547076463699340820e-01;4.212674498558044434e-01;3.696841001510620117e-01
-5.639706254005432129e-01;3.397371172904968262e-01;2.393765002489089966e-01
-5.639455914497375488e-01;4.050653576850891113e-01;1.706928759813308716e-01
-5.639759898185729980e-01;2.958253026008605957e-01;3.586394488811492920e-01
-5.639551877975463867e-01;3.900984823703765869e-01;9.323029220104217529e-02
-3.608001172542572021e-01;3.831252157688140869e-01;3.698195815086364746e-01
-5.639714002609252930e-01;1.960972100496292114e-01;3.323403000831604004e-01
-1.349837183952331543e-01;1.645528362132608891e-03;1.304370015859603882e-01
-5.587998032569885254e-02;-8.849999308586120605e-02;7.026157528162002563e-02
-2.317602634429931641e-01;4.609753191471099854e-02;2.385131716728210449e-01
-2.919346988201141357e-01;1.445577200502157211e-02;1.883336305618286133e-01
-5.545374006032943726e-02;-2.189668826758861542e-03;2.785212099552154541e-01
-9.383495151996612549e-02;-9.177033603191375732e-02;2.739866375923156738e-01
-2.075458168983459473e-01;-1.282358076423406601e-02;-4.506045579910278320e-02
-2.401660084724426270e-01;1.501789242029190063e-01;2.034267038106918335e-01
-3.242474496364593506e-01;2.625223062932491302e-02;8.530506491661071777e-02
-3.319320082664489746e-02;-1.103914454579353333e-01;-1.848050951957702637e-02
-5.639632344245910645e-01;-9.000971168279647827e-02;4.147539660334587097e-02
-5.639678239822387695e-01;-1.833951026201248169e-01;5.183529481291770935e-02
-5.639654994010925293e-01;-1.858146041631698608e-01;1.156299933791160583e-02
-5.639665126800537109e-01;-9.440360963344573975e-02;1.517116576433181763e-01
-5.131410360336303711e-01;-2.118031680583953857e-01;8.450155705213546753e-02
-5.444020032882690430e-01;9.465254843235015869e-03;1.366732120513916016e-01
-5.639582276344299316e-01;4.324448853731155396e-02;-1.535195857286453247e-03
-5.639603734016418457e-01;-2.002705037593841553e-01;-5.268179252743721008e-02
-5.639471411705017090e-01;-7.984932512044906616e-02;-1.209871321916580200e-01
-5.639644861221313477e-01;-1.404158771038055420e-03;1.797655522823333740e-01
-5.638989806175231934e-01;4.120721220970153809e-01;-2.799235284328460693e-01
-5.639109611511230469e-01;3.538726270198822021e-01;-2.639640271663665771e-01
-5.312690734863281250e-01;3.525817394256591797e-01;-3.198334574699401855e-01
-5.639045834541320801e-01;3.777675628662109375e-01;-4.077806770801544189e-01
-5.639167428016662598e-01;4.210321605205535889e-01;-4.169057309627532959e-01
-5.639429092407226562e-01;4.210903942584991455e-01;-7.874135673046112061e-02
-5.639453530311584473e-01;2.328438907861709595e-01;-1.582353264093399048e-01
-5.299843549728393555e-01;2.067213952541351318e-01;-1.903792470693588257e-01
-5.639190077781677246e-01;1.916382610797882080e-01;-3.477978706359863281e-01
-5.559937953948974609e-01;1.864363700151443481e-01;-3.781668245792388916e-01
5.129282474517822266e-01;4.233841896057128906e-01;2.891809446737170219e-03
5.198766589164733887e-01;3.521484732627868652e-01;1.358774304389953613e-01
5.650935173034667969e-01;3.493947386741638184e-01;-1.333133876323699951e-01
7.276778221130371094e-01;4.300221800804138184e-01;-1.589889265596866608e-02
5.136684775352478027e-01;2.429822832345962524e-01;1.340435892343521118e-01
7.407479882240295410e-01;4.305984079837799072e-01;-3.770248591899871826e-02
7.390694618225097656e-01;3.675824105739593506e-01;-5.826929956674575806e-02
4.080937206745147705e-01;3.887451589107513428e-01;-2.297888547182083130e-01
3.057861030101776123e-01;3.456863760948181152e-01;1.355308145284652710e-01
4.403219521045684814e-01;4.228002130985260010e-01;-2.571361958980560303e-01
-8.045635372400283813e-02;-4.155042469501495361e-01;1.663267612457275391e-01
-8.667387068271636963e-02;-2.681434154510498047e-01;1.470324546098709106e-01
-2.315731346607208252e-01;-4.154946506023406982e-01;8.232650160789489746e-02
-1.861787587404251099e-01;-3.106888234615325928e-01;2.626093327999114990e-01
1.092310771346092224e-01;-4.157567024230957031e-01;1.258803755044937134e-01
9.393185377120971680e-03;-3.015182614326477051e-01;2.400088310241699219e-02
1.272922456264495850e-01;-4.158047437667846680e-01;1.418092697858810425e-01
-2.504457235336303711e-01;-4.154995381832122803e-01;4.229671508073806763e-02
6.654306501150131226e-02;-3.435851633548736572e-01;3.178493082523345947e-01
-9.057415276765823364e-02;-3.504746258258819580e-01;3.882382214069366455e-01
5.796508789062500000e-01;-7.692999392747879028e-02;3.338715732097625732e-01
5.557869672775268555e-01;6.381820887327194214e-02;2.701635062694549561e-01
6.311956048011779785e-01;-2.421304881572723389e-01;3.030274510383605957e-01
7.523468732833862305e-01;-1.075400337576866150e-01;2.794775962829589844e-01
5.472468733787536621e-01;1.062469109892845154e-01;2.552525103092193604e-01
4.446431994438171387e-01;-2.385834157466888428e-01;3.211637139320373535e-01
4.276416003704071045e-01;9.000162035226821899e-02;3.462095558643341064e-01
4.088007211685180664e-01;-1.737032681703567505e-01;2.021455913782119751e-01
3.479857742786407471e-01;-3.500432521104812622e-02;3.684067130088806152e-01
8.122410178184509277e-01;-1.290980875492095947e-01;3.006973266601562500e-01
4.096197485923767090e-01;8.928335458040237427e-02;2.024852856993675232e-02
3.264154493808746338e-01;1.083213686943054199e-01;-3.386922180652618408e-02
3.799342215061187744e-01;1.772948503494262695e-01;-3.698071464896202087e-02
5.842496752738952637e-01;6.247116997838020325e-02;5.259680002927780151e-02
3.991338014602661133e-01;7.093469053506851196e-02;-1.790897250175476074e-01
3.333377838134765625e-01;-3.766226023435592651e-02;1.615073531866073608e-01
3.414203822612762451e-01;2.499392628669738770e-02;2.036237269639968872e-01
5.136684775352478027e-01;2.429822683334350586e-01;1.340435892343521118e-01
4.202384948730468750e-01;1.398199349641799927e-01;-1.998054385185241699e-01
3.449926376342773438e-01;2.166147530078887939e-01;2.033338993787765503e-01
-5.639212131500244141e-01;-3.193095326423645020e-01;-4.169988632202148438e-01
-5.639215707778930664e-01;-3.334795534610748291e-01;-4.170007705688476562e-01
-5.639222264289855957e-01;-3.042058348655700684e-01;-3.843711316585540771e-01
-5.638735294342041016e-01;-4.116043746471405029e-01;-4.115708172321319580e-01
-5.018020272254943848e-01;-3.726156651973724365e-01;-3.681772649288177490e-01
-5.639312863349914551e-01;-4.152598083019256592e-01;-2.843082845211029053e-01
-5.175544023513793945e-01;-1.643974483013153076e-01;-3.116392195224761963e-01
-5.639240145683288574e-01;-1.392763108015060425e-01;-3.013841211795806885e-01
-3.738493025302886963e-01;-2.182537168264389038e-01;-4.169726669788360596e-01
-5.639422535896301270e-01;-2.995759546756744385e-01;-1.851663291454315186e-01
6.006568670272827148e-01;2.299618124961853027e-01;-3.772732913494110107e-01
6.746401786804199219e-01;2.570855021476745605e-01;-3.106670975685119629e-01
7.367032766342163086e-01;2.699009478092193604e-01;-3.269018232822418213e-01
7.579849958419799805e-01;3.336474001407623291e-01;-3.421030044555664062e-01
7.752406001091003418e-01;3.778328895568847656e-01;-3.167899847030639648e-01
7.819926738739013672e-01;3.864167630672454834e-01;-2.892241775989532471e-01
7.742672562599182129e-01;3.831659555435180664e-01;-2.403846383094787598e-01
7.635539174079895020e-01;3.850009739398956299e-01;-1.772997230291366577e-01
7.669636607170104980e-01;4.009639024734497070e-01;-1.259621679782867432e-01
7.739880681037902832e-01;4.162597060203552246e-01;-8.173686265945434570e-02
-5.120080709457397461e-01;-3.506619036197662354e-01;2.699034810066223145e-01
-4.809833467006683350e-01;-3.007991909980773926e-01;2.697609364986419678e-01
-4.763151407241821289e-01;-2.523949742317199707e-01;2.895589172840118408e-01
-4.675583839416503906e-01;-2.394375503063201904e-01;3.135004639625549316e-01
-4.541280865669250488e-01;-2.367487847805023193e-01;3.363343179225921631e-01
-4.512307643890380859e-01;-2.204790711402893066e-01;3.539719283580780029e-01
-4.515496492385864258e-01;-2.171171903610229492e-01;3.641867935657501221e-01
-4.493520557880401611e-01;-2.060923874378204346e-01;3.695048093795776367e-01
-4.335167109966278076e-01;-1.901752650737762451e-01;3.625484108924865723e-01
-3.810020685195922852e-01;-1.749772429466247559e-01;3.345259428024291992e-01
-1.849150359630584717e-01;2.951085865497589111e-01;-1.520628929138183594e-01
-1.306812018156051636e-01;2.929372787475585938e-01;-1.615918725728988647e-01
-1.162463650107383728e-01;3.221948146820068359e-01;-1.571288704872131348e-01
-1.125181093811988831e-01;3.382896184921264648e-01;-1.446748375892639160e-01
-1.077387034893035889e-01;3.630120158195495605e-01;-1.342415511608123779e-01
-9.559395909309387207e-02;3.728426098823547363e-01;-1.191538944840431213e-01
-7.334971427917480469e-02;3.849871754646301270e-01;-1.098211929202079773e-01
-3.643647581338882446e-02;3.898297250270843506e-01;-9.693885594606399536e-02
1.488983631134033203e-03;3.913750350475311279e-01;-7.867868244647979736e-02
4.042705893516540527e-02;4.043790698051452637e-01;-7.283604145050048828e-02
6.666121482849121094e-01;1.024742349982261658e-01;1.281220912933349609e-01
7.051616907119750977e-01;9.765448421239852905e-02;1.262774467468261719e-01
7.117931246757507324e-01;1.254267096519470215e-01;1.401241123676300049e-01
7.210357785224914551e-01;1.489759683609008789e-01;1.633124053478240967e-01
7.335677146911621094e-01;1.682759523391723633e-01;1.973474472761154175e-01
7.405984401702880859e-01;1.888154149055480957e-01;2.153742015361785889e-01
7.537076473236083984e-01;2.154787182807922363e-01;2.228203713893890381e-01
7.675842642784118652e-01;2.446143478155136108e-01;2.252233624458312988e-01
7.798234820365905762e-01;2.678312063217163086e-01;2.339376807212829590e-01
7.867280244827270508e-01;3.088322281837463379e-01;2.319490760564804077e-01
1.961970627307891846e-01;-3.739697337150573730e-01;2.571235895156860352e-01
2.550629973411560059e-01;-4.080451726913452148e-01;2.784859538078308105e-01
2.725221514701843262e-01;-3.736747503280639648e-01;2.663311958312988281e-01
2.650170624256134033e-01;-3.086368739604949951e-01;2.494204342365264893e-01
2.702372968196868896e-01;-2.665105164051055908e-01;2.792962789535522461e-01
2.997127771377563477e-01;-2.321698218584060669e-01;3.142951726913452148e-01
3.453544676303863525e-01;-2.120895236730575562e-01;3.202648460865020752e-01
3.863307833671569824e-01;-2.112247496843338013e-01;3.121556639671325684e-01
4.006217122077941895e-01;-2.061949223279953003e-01;3.199766874313354492e-01
4.003871977329254150e-01;-1.798956096172332764e-01;3.271572887897491455e-01
5.944460630416870117e-01;-4.012071788311004639e-01;-3.148795962333679199e-01
6.063914895057678223e-01;-3.583335876464843750e-01;-2.957540750503540039e-01
6.292469501495361328e-01;-3.520975112915039062e-01;-3.074873685836791992e-01
6.708542108535766602e-01;-3.839558660984039307e-01;-3.049468994140625000e-01
7.181008458137512207e-01;-4.038635492324829102e-01;-2.561018466949462891e-01
7.413809299468994141e-01;-3.896593153476715088e-01;-1.829263567924499512e-01
7.465620636940002441e-01;-3.543829321861267090e-01;-1.188174039125442505e-01
7.358491420745849609e-01;-3.149793148040771484e-01;-7.780191302299499512e-02
7.390797734260559082e-01;-2.840154170989990234e-01;-5.382393300533294678e-02
7.431015372276306152e-01;-2.326407283544540405e-01;-4.242455959320068359e-02
-4.700427651405334473e-01;-3.842462897300720215e-01;-2.669984102249145508e-01
-4.019060730934143066e-01;-3.716491460800170898e-01;-2.591202259063720703e-01
-3.567219078540802002e-01;-3.680027127265930176e-01;-2.431814223527908325e-01
-3.379043340682983398e-01;-3.581351935863494873e-01;-2.069709897041320801e-01
-3.260961771011352539e-01;-3.524084389209747314e-01;-1.797461360692977905e-01
-3.120914399623870850e-01;-3.458496332168579102e-01;-1.646423339843750000e-01
-2.905438840389251709e-01;-3.443093001842498779e-01;-1.542516499757766724e-01
-2.541056275367736816e-01;-3.425616621971130371e-01;-1.555802375078201294e-01
-2.254812568426132202e-01;-3.351102173328399658e-01;-1.543481647968292236e-01
-1.913800388574600220e-01;-3.286935091018676758e-01;-1.351504027843475342e-01
2.990667223930358887e-01;1.168452054262161255e-01;-3.375141322612762451e-01
3.472514450550079346e-01;1.388303637504577637e-01;-2.933684885501861572e-01
3.607542514801025391e-01;1.741911470890045166e-01;-2.709458768367767334e-01
3.442837595939636230e-01;2.302417010068893433e-01;-2.678128182888031006e-01
3.346561789512634277e-01;2.806786000728607178e-01;-2.672928571701049805e-01
3.466117680072784424e-01;3.072478771209716797e-01;-2.666821777820587158e-01
3.828210830688476562e-01;3.018299937248229980e-01;-2.555465102195739746e-01
4.144783318042755127e-01;2.920329868793487549e-01;-2.418568432331085205e-01
4.195042252540588379e-01;3.073342144489288330e-01;-2.358657568693161011e-01
4.427502155303955078e-01;3.294591903686523438e-01;-2.544932365417480469e-01
-2.133233696222305298e-01;-1.771029457449913025e-02;-2.931209802627563477e-01
-1.724978983402252197e-01;3.573596477508544922e-04;-2.808010876178741455e-01
-1.321726441383361816e-01;-1.733838021755218506e-02;-2.791512608528137207e-01
-1.012547910213470459e-01;-4.436733573675155640e-02;-2.797826826572418213e-01
-7.088630646467208862e-02;-5.158194899559020996e-02;-2.643201947212219238e-01
-6.208995729684829712e-02;-1.411784812808036804e-02;-2.566580474376678467e-01
-5.653975158929824829e-02;3.638733178377151489e-02;-2.486519068479537964e-01
-3.238793462514877319e-02;8.295072615146636963e-02;-2.424912005662918091e-01
1.522875577211380005e-02;1.170193776488304138e-01;-2.269298583269119263e-01
5.871072784066200256e-02;1.530071496963500977e-01;-1.910328567028045654e-01
5.250940322875976562e-01;-1.374495625495910645e-01;-3.476576209068298340e-01
5.497092604637145996e-01;-8.798886090517044067e-02;-3.224377632141113281e-01
6.112624406814575195e-01;-9.480295330286026001e-02;-3.081119954586029053e-01
6.493933796882629395e-01;-5.113527923822402954e-02;-3.128474950790405273e-01
6.655128002166748047e-01;-9.257216006517410278e-03;-3.154060244560241699e-01
6.905722618103027344e-01;2.667028456926345825e-03;-3.114260435104370117e-01
7.254843115806579590e-01;1.237355172634124756e-04;-3.087273836135864258e-01
7.560894489288330078e-01;1.123122870922088623e-03;-3.002750575542449951e-01
7.713481783866882324e-01;-5.691222846508026123e-03;-2.891484200954437256e-01
7.630409002304077148e-01;2.763304859399795532e-02;-3.020881712436676025e-01
2.776525616645812988e-01;-3.667075335979461670e-01;-1.403911411762237549e-01
3.039856553077697754e-01;-3.573057055473327637e-01;-9.508781135082244873e-02
3.708190321922302246e-01;-3.325645327568054199e-01;-1.253560185432434082e-01
4.455752372741699219e-01;-3.307946324348449707e-01;-1.292502284049987793e-01
4.542412757873535156e-01;-3.328993916511535645e-01;-6.054512783885002136e-02
4.445706903934478760e-01;-3.150165677070617676e-01;9.924389421939849854e-03
4.828013181686401367e-01;-3.047518730163574219e-01;3.442009538412094116e-02
5.898283720016479492e-01;-3.409550189971923828e-01;6.178427487611770630e-03
7.001250386238098145e-01;-3.880386948585510254e-01;-2.176034450531005859e-02
7.177848815917968750e-01;-3.562213480472564697e-01;1.529896259307861328e-02
-2.986048460006713867e-01;2.957278490066528320e-01;1.121526062488555908e-01
-2.456622719764709473e-01;2.882687151432037354e-01;1.140171512961387634e-01
-2.255219966173171997e-01;3.113580942153930664e-01;8.704689145088195801e-02
-2.156807184219360352e-01;3.309471011161804199e-01;8.371110260486602783e-02
-2.023135423660278320e-01;3.452444076538085938e-01;9.632059931755065918e-02
-1.960115730762481689e-01;3.622815012931823730e-01;1.211959496140480042e-01
-1.816444396972656250e-01;3.727382719516754150e-01;1.585221886634826660e-01
-1.546379327774047852e-01;3.721698224544525146e-01;1.923014819622039795e-01
-1.070096492767333984e-01;3.770940899848937988e-01;2.157679647207260132e-01
-4.457092285156250000e-02;3.947696983814239502e-01;2.196750938892364502e-01
-5.483713150024414062e-01;2.747694402933120728e-02;3.172315061092376709e-01
-5.302369594573974609e-01;4.499765485525131226e-02;3.233359754085540771e-01
-5.135530829429626465e-01;5.647342279553413391e-02;3.185482621192932129e-01
-5.001254677772521973e-01;6.416043639183044434e-02;3.107002079486846924e-01
-4.869597554206848145e-01;7.770861685276031494e-02;3.082611560821533203e-01
-4.734328091144561768e-01;9.978948533535003662e-02;3.109617233276367188e-01
-4.614499807357788086e-01;1.142003536224365234e-01;3.169037103652954102e-01
-4.410438537597656250e-01;1.316259205341339111e-01;3.261466920375823975e-01
-3.916468918323516846e-01;1.430445313453674316e-01;3.269442915916442871e-01
-3.368945717811584473e-01;1.765694618225097656e-01;3.198205232620239258e-01
7.219093441963195801e-01;-4.100753068923950195e-01;-4.180493950843811035e-02
7.327234745025634766e-01;-3.912011086940765381e-01;-3.167643398046493530e-02
7.382719516754150391e-01;-3.323663473129272461e-01;-3.654483705759048462e-02
7.300853729248046875e-01;-3.016161024570465088e-01;-3.340666741132736206e-02
7.458252906799316406e-01;-2.910690605640411377e-01;-4.845283925533294678e-03
7.647698521614074707e-01;-2.796874344348907471e-01;3.796882182359695435e-02
7.734005451202392578e-01;-2.589759528636932373e-01;9.124728292226791382e-02
7.818221449851989746e-01;-2.397914230823516846e-01;1.401160359382629395e-01
7.910779118537902832e-01;-2.180079966783523560e-01;1.719914078712463379e-01
7.942897677421569824e-01;-1.885959804058074951e-01;1.854654848575592041e-01
-5.620959401130676270e-01;-4.186518788337707520e-01;-4.778035730123519897e-02
-5.631700158119201660e-01;-3.979931771755218506e-01;2.658560872077941895e-03
-5.525751113891601562e-01;-3.951548337936401367e-01;4.584062844514846802e-02
-5.537747740745544434e-01;-4.010007679462432861e-01;8.604563772678375244e-02
-5.627862215042114258e-01;-3.947669267654418945e-01;1.275639235973358154e-01
-5.636559724807739258e-01;-3.865282535552978516e-01;1.600252687931060791e-01
-5.599004030227661133e-01;-3.659312725067138672e-01;1.800733208656311035e-01
-5.530870556831359863e-01;-3.410223424434661865e-01;1.767379045486450195e-01
-5.311760902404785156e-01;-3.325065970420837402e-01;1.608158200979232788e-01
-4.740871787071228027e-01;-3.540242314338684082e-01;1.511260420083999634e-01
5.026799440383911133e-02;1.060465499758720398e-01;9.976303204894065857e-03
8.865167945623397827e-02;1.383772343397140503e-01;-1.286775991320610046e-02
9.401930123567581177e-02;1.567630916833877563e-01;-8.812500163912773132e-03
8.796003460884094238e-02;1.900976896286010742e-01;1.809525117278099060e-02
8.548649400472640991e-02;2.125070691108703613e-01;4.343283921480178833e-02
8.788703382015228271e-02;2.274009585380554199e-01;5.374773219227790833e-02
1.124494969844818115e-01;2.293668389320373535e-01;5.144555866718292236e-02
1.528202146291732788e-01;2.223119735717773438e-01;4.905074462294578552e-02
1.884634494781494141e-01;2.280290871858596802e-01;5.840030685067176819e-02
2.099307924509048462e-01;2.470696568489074707e-01;6.030447408556938171e-02
-5.244383811950683594e-01;3.809256106615066528e-02;-1.653586924076080322e-01
-5.143037438392639160e-01;9.119068086147308350e-02;-1.678270399570465088e-01
-5.079360008239746094e-01;1.059625446796417236e-01;-1.675781607627868652e-01
-4.991281628608703613e-01;1.142123267054557800e-01;-1.613292098045349121e-01
-4.903919994831085205e-01;1.213183104991912842e-01;-1.484671384096145630e-01
-4.786007404327392578e-01;1.211778670549392700e-01;-1.427156478166580200e-01
-4.609258770942687988e-01;1.228293254971504211e-01;-1.396465152502059937e-01
-4.229004383087158203e-01;1.219639033079147339e-01;-1.348129808902740479e-01
-3.648009896278381348e-01;1.217845827341079712e-01;-1.136383190751075745e-01
-3.180043101310729980e-01;1.525401771068572998e-01;-7.659876346588134766e-02
-2.720646560192108154e-02;-3.066907525062561035e-01;-7.144150882959365845e-02
2.313056215643882751e-02;-3.238384723663330078e-01;-4.828786477446556091e-02
5.563508719205856323e-02;-3.107766509056091309e-01;-4.571685940027236938e-02
4.962811619043350220e-02;-2.713277339935302734e-01;-5.242355912923812866e-02
4.445375129580497742e-02;-2.394440770149230957e-01;-4.703690856695175171e-02
5.191290378570556641e-02;-2.145141512155532837e-01;-3.039523214101791382e-02
7.606477290391921997e-02;-2.035259306430816650e-01;-1.735832914710044861e-02
1.158684194087982178e-01;-2.050215303897857666e-01;-9.320301935076713562e-03
1.674355268478393555e-01;-1.922631859779357910e-01;-1.255178824067115784e-02
1.982572674751281738e-01;-1.555450558662414551e-01;-5.593778565526008606e-03
4.006095230579376221e-02;3.574947714805603027e-01;-1.834587901830673218e-01
1.079190522432327271e-01;3.278753757476806641e-01;-1.650121062994003296e-01
1.618342399597167969e-01;3.049100041389465332e-01;-1.638228446245193481e-01
1.990676969289779663e-01;3.114636838436126709e-01;-1.691690385341644287e-01
2.171713411808013916e-01;3.410706520080566406e-01;-1.740750968456268311e-01
2.260717153549194336e-01;3.734601438045501709e-01;-1.815755069255828857e-01
2.475945800542831421e-01;3.886556625366210938e-01;-1.889244168996810913e-01
2.911669015884399414e-01;3.849633336067199707e-01;-1.913510859012603760e-01
3.351165652275085449e-01;3.856782317161560059e-01;-1.862138509750366211e-01
3.863918781280517578e-01;3.847841918468475342e-01;-1.920385062694549561e-01
