-3.571340739727020264e-01;1.384775638580322266e-01;-4.269948899745941162e-01
-3.945072889328002930e-01;1.821432262659072876e-01;-4.646611213684082031e-01
-2.587727010250091553e-01;1.443454921245574951e-01;-4.441546797752380371e-01
-5.068144202232360840e-01;1.982143819332122803e-01;-5.120559930801391602e-01
-2.208947837352752686e-01;2.489830702543258667e-01;-3.535892367362976074e-01
-4.647134542465209961e-01;2.957133352756500244e-01;-3.998215496540069580e-01
-3.938455283641815186e-01;-5.765268206596374512e-02;-4.635215699672698975e-01
-3.594419062137603760e-01;-8.797661960124969482e-02;-4.057004749774932861e-01
-5.354714989662170410e-01;5.761660635471343994e-02;-5.556070804595947266e-01
-1.773152947425842285e-01;-9.754046797752380371e-03;-3.922449648380279541e-01
-5.167427659034729004e-01;-1.809913218021392822e-01;5.111355185508728027e-01
-5.024754405021667480e-01;-5.751003324985504150e-02;4.983929991722106934e-01
-3.971323072910308838e-01;-3.420020341873168945e-01;4.379186630249023438e-01
-4.419007301330566406e-01;-3.869603872299194336e-01;5.094041824340820312e-01
-4.369991421699523926e-01;5.698734521865844727e-02;5.086722970008850098e-01
-3.531856536865234375e-01;-3.432333469390869141e-02;3.860056400299072266e-01
-2.654787003993988037e-01;-1.397657692432403564e-01;4.843530058860778809e-01
-2.504621446132659912e-01;-2.599865198135375977e-01;3.756549060344696045e-01
-3.304641544818878174e-01;-4.094344377517700195e-01;4.045835733413696289e-01
-3.412548899650573730e-01;-4.301161170005798340e-01;4.002686738967895508e-01
-4.862467646598815918e-01;6.196209788322448730e-01;5.093486309051513672e-01
-4.290689527988433838e-01;6.796354651451110840e-01;5.186673402786254883e-01
-4.102947413921356201e-01;5.571267604827880859e-01;4.361458718776702881e-01
-3.411054611206054688e-01;5.641878843307495117e-01;3.299632370471954346e-01
-2.508491277694702148e-01;7.169986963272094727e-01;3.534862697124481201e-01
-2.348575592041015625e-01;7.884348034858703613e-01;3.754155933856964111e-01
-4.686781764030456543e-01;2.835700213909149170e-01;4.805643260478973389e-01
-2.006918787956237793e-01;4.514629542827606201e-01;4.371275007724761963e-01
-2.771990895271301270e-01;3.582142293453216553e-01;4.076490700244903564e-01
-2.532840669155120850e-01;3.846593797206878662e-01;3.763000965118408203e-01
-4.094458222389221191e-01;-7.842845916748046875e-01;4.274495840072631836e-01
-4.197307229042053223e-01;-6.612087488174438477e-01;4.459169805049896240e-01
-2.780651748180389404e-01;-7.926680445671081543e-01;4.848388731479644775e-01
-2.763290703296661377e-01;-7.272797822952270508e-01;3.242638707160949707e-01
-4.088953733444213867e-01;-5.651850104331970215e-01;4.166792035102844238e-01
-1.896403878927230835e-01;-7.856883406639099121e-01;4.843276143074035645e-01
-2.998223304748535156e-01;-5.724659562110900879e-01;4.855435192584991455e-01
-2.032213360071182251e-01;-5.667371153831481934e-01;3.662031292915344238e-01
-1.123282313346862793e-01;-6.690989136695861816e-01;3.035599887371063232e-01
-3.047091364860534668e-01;-4.747773706912994385e-01;3.215278983116149902e-01
-4.990174472332000732e-01;-3.589730560779571533e-01;-5.227105021476745605e-01
-5.196210145950317383e-01;-4.951131939888000488e-01;-5.418289303779602051e-01
-3.462438285350799561e-01;-3.851236402988433838e-01;-4.506010115146636963e-01
-3.970310986042022705e-01;-1.129439473152160645e-01;-4.772070348262786865e-01
-2.997322082519531250e-01;-1.908943653106689453e-01;-4.464889168739318848e-01
-3.915414810180664062e-01;-5.950017571449279785e-01;-4.401010572910308838e-01
-3.640353083610534668e-01;-1.135587841272354126e-01;-4.593785703182220459e-01
-2.011927068233489990e-01;-3.683371841907501221e-01;-3.962842822074890137e-01
-3.938455283641815186e-01;-5.765268206596374512e-02;-4.635215699672698975e-01
-3.594419062137603760e-01;-8.797660470008850098e-02;-4.057004749774932861e-01
2.494625449180603027e-01;-7.281025648117065430e-01;-4.441842138767242432e-01
2.481493353843688965e-01;-7.398606538772583008e-01;-4.198626875877380371e-01
2.462484389543533325e-01;-7.709032297134399414e-01;-4.331559240818023682e-01
2.292263656854629517e-01;-7.608057260513305664e-01;-4.001318514347076416e-01
2.316422462463378906e-01;-7.796973586082458496e-01;-3.947909474372863770e-01
2.440041601657867432e-01;-7.815499305725097656e-01;-3.890353143215179443e-01
1.627274304628372192e-01;-7.417087554931640625e-01;-4.441890716552734375e-01
2.435073107481002808e-01;-7.729461193084716797e-01;-3.651081025600433350e-01
2.391588538885116577e-01;-7.363786697387695312e-01;-3.307010531425476074e-01
2.404790371656417847e-01;-7.928190827369689941e-01;-3.441388309001922607e-01
-8.320247381925582886e-02;8.095743656158447266e-01;5.247778259217739105e-03
-9.869028627872467041e-02;8.051925897598266602e-01;-1.608956977725028992e-02
-7.004541158676147461e-02;8.136756420135498047e-01;3.251754865050315857e-02
9.561900049448013306e-02;7.137459516525268555e-01;-1.261833589524030685e-02
-2.427567541599273682e-02;6.204415559768676758e-01;6.922127306461334229e-02
-1.366719603538513184e-01;5.969726443290710449e-01;-3.666100278496742249e-02
1.021580472588539124e-01;6.853176951408386230e-01;2.055435441434383392e-02
-1.323561817407608032e-01;5.672810077667236328e-01;1.627725176513195038e-02
1.180512383580207825e-01;6.722855567932128906e-01;-7.346837967634201050e-02
-2.005698233842849731e-01;6.518496870994567871e-01;-1.698745042085647583e-01
2.388395369052886963e-01;2.737928926944732666e-01;-1.961515992879867554e-01
2.427737563848495483e-01;2.741551697254180908e-01;-1.934339702129364014e-01
2.410338968038558960e-01;1.949037313461303711e-01;-1.936840265989303589e-01
2.051268517971038818e-01;2.895632684230804443e-01;-1.059021204710006714e-01
1.807901412248611450e-01;3.274473249912261963e-01;-7.636673003435134888e-02
1.967510282993316650e-01;1.816552430391311646e-01;-8.349625766277313232e-02
1.353577375411987305e-01;1.925660669803619385e-01;-1.044489219784736633e-01
2.419805824756622314e-01;1.117178350687026978e-01;-1.917417943477630615e-01
1.249233037233352661e-01;2.841926813125610352e-01;-2.514794468879699707e-02
1.018564552068710327e-01;1.099204719066619873e-01;-1.982239037752151489e-01
-1.857895553112030029e-01;-2.044992595911026001e-01;-9.513301402330398560e-02
-2.233642190694808960e-01;-1.328234821557998657e-01;-1.853545308113098145e-01
-1.222794950008392334e-01;-1.002042591571807861e-01;-1.714693158864974976e-01
-5.720931291580200195e-02;-2.401366531848907471e-01;1.071453839540481567e-02
-2.199026048183441162e-01;-3.430924713611602783e-01;-1.945302486419677734e-01
-1.313192397356033325e-01;-2.729731798171997070e-01;-2.550654411315917969e-01
-2.170577049255371094e-01;-2.047844678163528442e-01;-3.147077262401580811e-01
2.830430865287780762e-03;-3.285692036151885986e-01;-6.043180078268051147e-02
-3.230977058410644531e-02;-2.371432930231094360e-01;7.874654978513717651e-02
2.661016583442687988e-02;-2.041482180356979370e-01;-1.960587054491043091e-01
-4.579252600669860840e-01;4.659027755260467529e-01;-4.757690131664276123e-01
-3.460471332073211670e-01;4.248612523078918457e-01;-4.221730828285217285e-01
-4.647134542465209961e-01;2.957133352756500244e-01;-3.998215496540069580e-01
-2.499874085187911987e-01;4.679082632064819336e-01;-4.441378414630889893e-01
-3.411016464233398438e-01;6.467955708503723145e-01;-4.313336014747619629e-01
-3.263269662857055664e-01;6.618619561195373535e-01;-3.865661621093750000e-01
-5.068144202232360840e-01;1.982143819332122803e-01;-5.120559930801391602e-01
-3.945072889328002930e-01;1.821432411670684814e-01;-4.646611213684082031e-01
-3.769001662731170654e-01;7.590217590332031250e-01;-4.620971381664276123e-01
-4.017564356327056885e-01;7.742604613304138184e-01;-3.871537148952484131e-01
-6.765446066856384277e-02;-8.294302225112915039e-01;5.353011656552553177e-03
-2.626733481884002686e-02;-8.385524153709411621e-01;-4.974342510104179382e-02
-1.234962418675422668e-02;-7.031178474426269531e-01;7.517860084772109985e-02
-3.515319898724555969e-02;-7.167631387710571289e-01;1.069105416536331177e-01
9.930309653282165527e-02;-6.126370429992675781e-01;1.144155412912368774e-01
9.402781724929809570e-02;-5.647639632225036621e-01;-9.094510227441787720e-03
1.725169569253921509e-01;-6.556270718574523926e-01;1.044610217213630676e-01
1.764754801988601685e-01;-6.835704445838928223e-01;-1.293138861656188965e-01
-9.156329184770584106e-02;-5.240665674209594727e-01;-7.176936417818069458e-02
1.122875958681106567e-01;-5.616741180419921875e-01;-1.810260489583015442e-02
6.328722089529037476e-02;5.877475142478942871e-01;-1.687439084053039551e-01
-4.035256803035736084e-03;5.388407707214355469e-01;-1.414041966199874878e-01
1.524112969636917114e-01;5.344956517219543457e-01;-1.664103418588638306e-01
1.579962819814682007e-01;6.289896368980407715e-01;-1.865181922912597656e-01
1.331203132867813110e-01;6.430735588073730469e-01;-6.458852440118789673e-02
1.180512309074401855e-01;6.722855567932128906e-01;-7.346837967634201050e-02
2.000988423824310303e-01;6.420272588729858398e-01;-1.637304425239562988e-01
2.161951661109924316e-01;5.155550837516784668e-01;-1.690072417259216309e-01
1.328583955764770508e-01;4.589308798313140869e-01;-8.410601317882537842e-02
1.896033585071563721e-01;5.668391585350036621e-01;-1.723355054855346680e-02
2.959736250340938568e-02;6.421244144439697266e-02;-1.894366145133972168e-01
-1.228542067110538483e-02;1.202466711401939392e-01;-1.628011316061019897e-01
1.018564552068710327e-01;1.099204644560813904e-01;-1.982239037752151489e-01
1.444384306669235229e-01;8.905799686908721924e-02;-1.200403347611427307e-01
6.115416437387466431e-02;1.216013655066490173e-01;-3.073069453239440918e-02
1.654279977083206177e-01;-5.712357163429260254e-02;-1.535237282514572144e-01
9.188981354236602783e-02;-1.076676845550537109e-01;-1.526856124401092529e-01
1.353577375411987305e-01;1.925660669803619385e-01;-1.044489219784736633e-01
4.450910910964012146e-02;7.777544856071472168e-02;4.754915833473205566e-03
-4.811926931142807007e-02;2.307164222002029419e-01;-1.060403659939765930e-01
2.368310242891311646e-01;-6.554130911827087402e-01;2.898217439651489258e-01
2.453593760728836060e-01;-7.743682265281677246e-01;4.736439585685729980e-01
2.453300058841705322e-01;-7.743944525718688965e-01;4.736395478248596191e-01
2.438174784183502197e-01;-7.850962281227111816e-01;3.991163372993469238e-01
2.453458309173583984e-01;-7.743816375732421875e-01;4.736354947090148926e-01
2.262665033340454102e-01;-7.845647335052490234e-01;3.377020359039306641e-01
2.453246563673019409e-01;-7.743754386901855469e-01;4.736277461051940918e-01
9.164190292358398438e-02;-7.791469097137451172e-01;4.516765773296356201e-01
2.453290373086929321e-01;-7.743732333183288574e-01;4.736615717411041260e-01
2.453381717205047607e-01;-7.743780612945556641e-01;4.736440181732177734e-01
2.393699884414672852e-01;7.799669504165649414e-01;3.436478376388549805e-01
2.254361808300018311e-01;7.415601611137390137e-01;4.712731540203094482e-01
2.254222035408020020e-01;7.415359020233154297e-01;4.712707400321960449e-01
2.455925345420837402e-01;7.572458982467651367e-01;4.057875871658325195e-01
2.254356890916824341e-01;7.415534257888793945e-01;4.712651073932647705e-01
1.761086881160736084e-01;6.501827239990234375e-01;2.931919693946838379e-01
2.254173159599304199e-01;7.415610551834106445e-01;4.712680578231811523e-01
1.905786693096160889e-01;7.235036492347717285e-01;4.758748114109039307e-01
2.254024446010589600e-01;7.415622472763061523e-01;4.712940156459808350e-01
2.254227846860885620e-01;7.415643930435180664e-01;4.712812602519989014e-01
-2.538846135139465332e-01;-6.685745716094970703e-01;-4.181400537490844727e-01
-2.263883352279663086e-01;-7.996300458908081055e-01;-3.792701363563537598e-01
-2.263254970312118530e-01;-7.996032238006591797e-01;-3.792527616024017334e-01
-1.972921639680862427e-01;-7.869539260864257812e-01;-4.484742879867553711e-01
-2.263698726892471313e-01;-7.995952963829040527e-01;-3.792380094528198242e-01
7.105113565921783447e-02;-7.867645025253295898e-01;-4.214087128639221191e-01
-2.263191044330596924e-01;-7.996229529380798340e-01;-3.792337179183959961e-01
-3.858572244644165039e-01;-7.940315008163452148e-01;-4.657369256019592285e-01
-2.263471782207489014e-01;-7.996306419372558594e-01;-3.792932629585266113e-01
-2.263550609350204468e-01;-7.996175885200500488e-01;-3.792572617530822754e-01
2.461397200822830200e-01;7.697424292564392090e-01;-3.632171452045440674e-01
2.545751631259918213e-01;7.609704732894897461e-01;-4.217860698699951172e-01
2.545663416385650635e-01;7.609620094299316406e-01;-4.217907488346099854e-01
2.488631159067153931e-01;7.585490345954895020e-01;-4.348831474781036377e-01
2.545717060565948486e-01;7.609627842903137207e-01;-4.217877388000488281e-01
2.505539357662200928e-01;7.546911239624023438e-01;-4.518269896507263184e-01
2.545526623725891113e-01;7.609711289405822754e-01;-4.217967391014099121e-01
2.116540372371673584e-01;7.517630457878112793e-01;-4.482120275497436523e-01
2.545573115348815918e-01;7.609704732894897461e-01;-4.217684864997863770e-01
2.545708119869232178e-01;7.609738111495971680e-01;-4.217793941497802734e-01
1.671532988548278809e-01;1.074203103780746460e-02;2.732380479574203491e-02
2.117674350738525391e-01;-6.306338310241699219e-02;1.222442090511322021e-01
2.117178887128829956e-01;-6.308734416961669922e-02;1.222193837165832520e-01
2.203224003314971924e-01;-1.763149350881576538e-02;2.093615233898162842e-01
2.117685675621032715e-01;-6.306923180818557739e-02;1.222158521413803101e-01
1.359621882438659668e-01;-1.416305303573608398e-01;4.060476273298263550e-02
2.117148339748382568e-01;-6.306180357933044434e-02;1.222259700298309326e-01
2.204209119081497192e-01;-1.669003069400787354e-01;1.448012292385101318e-01
2.117022722959518433e-01;-6.304412335157394409e-02;1.222722977399826050e-01
2.117242813110351562e-01;-6.305615603923797607e-02;1.222302466630935669e-01
-2.310798615217208862e-01;7.715453505516052246e-01;-4.259832799434661865e-01
-4.017108678817749023e-01;7.742689847946166992e-01;-3.871718347072601318e-01
-4.017909765243530273e-01;7.742344737052917480e-01;-3.871940970420837402e-01
-3.615749478340148926e-01;4.463025331497192383e-01;-4.371147751808166504e-01
-4.017426669597625732e-01;7.742264270782470703e-01;-3.872063457965850830e-01
-1.967850029468536377e-01;6.588659286499023438e-01;-1.811044216156005859e-01
-4.018124341964721680e-01;7.742679119110107422e-01;-3.871988654136657715e-01
-3.372538089752197266e-01;6.511955261230468750e-01;-4.216936230659484863e-01
-4.017853736877441406e-01;7.742710113525390625e-01;-3.871309757232666016e-01
-4.017594754695892334e-01;7.742630839347839355e-01;-3.871706426143646240e-01
-9.860068559646606445e-03;4.228138327598571777e-01;2.337483465671539307e-01
-1.643882393836975098e-01;3.586515784263610840e-01;1.633344888687133789e-01
-1.644666045904159546e-01;3.586108386516571045e-01;1.633123457431793213e-01
-2.700923085212707520e-01;2.277552336454391479e-01;3.065558075904846191e-01
-1.644211709499359131e-01;3.586161136627197266e-01;1.632977724075317383e-01
-6.415656208992004395e-02;5.674019455909729004e-01;1.332665085792541504e-01
-1.644864976406097412e-01;3.586466014385223389e-01;1.633013486862182617e-01
-2.070695757865905762e-01;2.454277575016021729e-01;2.563395798206329346e-01
-1.644678115844726562e-01;3.586539924144744873e-01;1.633754968643188477e-01
-1.644414514303207397e-01;3.586462438106536865e-01;1.633290797472000122e-01
1.155812889337539673e-01;-4.473782777786254883e-01;2.657322958111763000e-02
9.413160383701324463e-02;-5.647625923156738281e-01;-9.107071906328201294e-03
9.395199269056320190e-02;-5.648461580276489258e-01;-9.157061576843261719e-03
1.412484049797058105e-01;-5.516878366470336914e-01;-3.766803070902824402e-03
9.406542778015136719e-02;-5.648288130760192871e-01;-9.179722517728805542e-03
1.723319292068481445e-01;-5.140463709831237793e-01;-1.007531881332397461e-01
9.397317469120025635e-02;-5.647915005683898926e-01;-9.167745709419250488e-03
9.173274785280227661e-02;-5.522423982620239258e-01;8.993825316429138184e-02
9.397742152214050293e-02;-5.647566318511962891e-01;-9.029628708958625793e-03
9.401067346334457397e-02;-5.648025274276733398e-01;-9.145120158791542053e-03
-1.155153661966323853e-01;-2.150711566209793091e-01;3.802610635757446289e-01
-1.233851835131645203e-01;-3.201860487461090088e-01;3.470690846443176270e-01
-1.234054565429687500e-01;-3.201907277107238770e-01;3.470613956451416016e-01
-3.210650980472564697e-01;-4.152813255786895752e-01;3.924860358238220215e-01
-1.233885288238525391e-01;-3.201844692230224609e-01;3.470621407032012939e-01
-7.036638259887695312e-02;-3.055323958396911621e-01;2.396826893091201782e-01
-1.234000697731971741e-01;-3.201921880245208740e-01;3.470608890056610107e-01
-2.480256110429763794e-01;-2.600256800651550293e-01;3.720116019248962402e-01
-1.234019249677658081e-01;-3.201811313629150391e-01;3.470723032951354980e-01
-1.234054341912269592e-01;-3.201895356178283691e-01;3.470566570758819580e-01
1.995280236005783081e-01;4.868070185184478760e-01;9.064485877752304077e-02
2.327416539192199707e-01;4.056971967220306396e-01;1.948377639055252075e-01
2.327115088701248169e-01;4.056757986545562744e-01;1.948231160640716553e-01
2.208944559097290039e-01;4.773625135421752930e-01;1.832581907510757446e-01
2.327426671981811523e-01;4.056931436061859131e-01;1.948197633028030396e-01
2.104211896657943726e-01;3.330954313278198242e-01;1.146544590592384338e-01
2.327086776494979858e-01;4.056980609893798828e-01;1.948292255401611328e-01
2.362799495458602905e-01;2.331262677907943726e-01;1.968028098344802856e-01
2.326909005641937256e-01;4.057087004184722900e-01;1.948620527982711792e-01
2.327142655849456787e-01;4.057045876979827881e-01;1.948354840278625488e-01
2.272525727748870850e-01;-2.121074795722961426e-01;-1.457341909408569336e-01
2.442917823791503906e-01;-2.797980010509490967e-01;-2.061718851327896118e-01
2.442639321088790894e-01;-2.798136472702026367e-01;-2.061799168586730957e-01
2.434263974428176880e-01;-2.793005704879760742e-01;-2.069419324398040771e-01
2.442834526300430298e-01;-2.797952890396118164e-01;-2.061804085969924927e-01
1.483982950448989868e-01;-3.527905344963073730e-01;-1.295964121818542480e-01
2.442780286073684692e-01;-2.798023521900177002e-01;-2.061688750982284546e-01
1.936591565608978271e-01;-2.518054544925689697e-01;-4.431870579719543457e-02
2.442517727613449097e-01;-2.797891199588775635e-01;-2.061559557914733887e-01
2.442631721496582031e-01;-2.797996103763580322e-01;-2.061810940504074097e-01
-2.578659355640411377e-01;4.691220521926879883e-01;-4.456018209457397461e-01
-1.280933469533920288e-01;3.678991496562957764e-01;-2.587798535823822021e-01
-1.282220333814620972e-01;3.678321540355682373e-01;-2.588074207305908203e-01
-4.091180860996246338e-02;2.266698181629180908e-01;-1.082242131233215332e-01
-1.281525045633316040e-01;3.678306341171264648e-01;-2.588249742984771729e-01
-2.364814281463623047e-05;5.367593765258789062e-01;-1.416137814521789551e-01
-1.282440274953842163e-01;3.678848147392272949e-01;-2.588260471820831299e-01
-2.254239916801452637e-01;2.466708421707153320e-01;-3.530623614788055420e-01
-1.282238662242889404e-01;3.678934574127197266e-01;-2.586989104747772217e-01
-1.281764656305313110e-01;3.678769171237945557e-01;-2.587793767452239990e-01
-4.444341659545898438e-01;2.889050245285034180e-01;4.669307470321655273e-01
-3.417253792285919189e-01;2.692199349403381348e-01;4.653191864490509033e-01
-3.417447507381439209e-01;2.691874504089355469e-01;4.653165340423583984e-01
-2.572574913501739502e-01;1.770506948232650757e-01;3.740143179893493652e-01
-3.417363464832305908e-01;2.692164182662963867e-01;4.653156399726867676e-01
-2.511553168296813965e-01;3.815142512321472168e-01;3.826054632663726807e-01
-3.417360484600067139e-01;2.692128121852874756e-01;4.653260111808776855e-01
-4.646155238151550293e-01;1.448628902435302734e-01;5.365669131278991699e-01
-3.417632579803466797e-01;2.692179679870605469e-01;4.653344750404357910e-01
-3.417475521564483643e-01;2.692176699638366699e-01;4.653206169605255127e-01
-2.072666287422180176e-01;-5.666058659553527832e-01;3.675225675106048584e-01
-1.123028919100761414e-01;-6.690884232521057129e-01;3.035475313663482666e-01
-1.123364046216011047e-01;-6.691126227378845215e-01;3.035394549369812012e-01
1.929199695587158203e-02;-7.855945229530334473e-01;4.396585822105407715e-01
-1.123182550072669983e-01;-6.691074371337890625e-01;3.035362064838409424e-01
5.905091762542724609e-02;-6.175938844680786133e-01;2.061335444450378418e-01
-1.123565733432769775e-01;-6.690948009490966797e-01;3.035300076007843018e-01
-2.730820178985595703e-01;-7.283870577812194824e-01;3.185277581214904785e-01
-1.123483479022979736e-01;-6.690920591354370117e-01;3.035716712474822998e-01
-1.123323142528533936e-01;-6.690931916236877441e-01;3.035492599010467529e-01
-6.819376349449157715e-02;7.675567865371704102e-01;4.851333796977996826e-01
-2.347290515899658203e-01;7.884543538093566895e-01;3.753736317157745361e-01
-2.349394410848617554e-01;7.883459329605102539e-01;3.753251433372497559e-01
-2.237116098403930664e-01;5.146875381469726562e-01;3.637424707412719727e-01
-2.348178774118423462e-01;7.883480191230773926e-01;3.752892613410949707e-01
-1.545482426881790161e-01;5.972377061843872070e-01;2.610171735286712646e-01
-2.349486798048019409e-01;7.884215712547302246e-01;3.752996027469635010e-01
-4.223915338516235352e-01;5.812120437622070312e-01;4.363155961036682129e-01
-2.349273264408111572e-01;7.884470224380493164e-01;3.754881620407104492e-01
-2.348658740520477295e-01;7.884130477905273438e-01;3.753616213798522949e-01
-2.155297398567199707e-01;-2.017520964145660400e-01;-3.154852986335754395e-01
-2.011779248714447021e-01;-3.683425486087799072e-01;-3.962749242782592773e-01
-2.011934518814086914e-01;-3.683480918407440186e-01;-3.962821066379547119e-01
-2.679002881050109863e-01;-6.060349941253662109e-01;-4.244410991668701172e-01
-2.011809647083282471e-01;-3.683305978775024414e-01;-3.962854146957397461e-01
-1.297463178634643555e-01;-2.706050574779510498e-01;-2.541001439094543457e-01
-2.011814862489700317e-01;-3.683436214923858643e-01;-3.962672054767608643e-01
-3.420194983482360840e-01;-3.831920921802520752e-01;-4.490957558155059814e-01
-2.012043744325637817e-01;-3.683306276798248291e-01;-3.962777256965637207e-01
-2.012054622173309326e-01;-3.683394789695739746e-01;-3.962886929512023926e-01
-2.830806970596313477e-01;1.633300185203552246e-01;3.799711763858795166e-01
-2.835403978824615479e-01;-1.045686774887144566e-03;3.043920993804931641e-01
-2.835722565650939941e-01;-1.068047829903662205e-03;3.043783903121948242e-01
-1.692823320627212524e-01;-1.214640289545059204e-01;1.849420666694641113e-01
-2.835431098937988281e-01;-1.053839572705328465e-03;3.043719530105590820e-01
-2.066161334514617920e-01;9.204041212797164917e-02;2.334315925836563110e-01
-2.835862636566162109e-01;-1.042083487845957279e-03;3.043823242187500000e-01
-2.042643874883651733e-01;-5.656263604760169983e-02;3.670005798339843750e-01
-2.835953533649444580e-01;-1.034587738104164600e-03;3.044217526912689209e-01
-2.835688889026641846e-01;-1.035267370752990246e-03;3.043942153453826904e-01
2.230949699878692627e-01;-3.241519331932067871e-01;1.525117456912994385e-01
2.334320545196533203e-01;-4.313949942588806152e-01;2.111758142709732056e-01
2.333381772041320801e-01;-4.314482808113098145e-01;2.111491858959197998e-01
9.234417974948883057e-02;-4.686486124992370605e-01;1.100733503699302673e-01
2.333986908197402954e-01;-4.314290285110473633e-01;2.111390680074691772e-01
1.886750012636184692e-01;-4.876968562602996826e-01;1.097011119127273560e-01
2.333316355943679810e-01;-4.314025342464447021e-01;2.111508846282958984e-01
2.350787669420242310e-01;-5.818926095962524414e-01;2.724137306213378906e-01
2.333235740661621094e-01;-4.313882887363433838e-01;2.112367749214172363e-01
2.333628982305526733e-01;-4.313986599445343018e-01;2.111749351024627686e-01
-3.496833443641662598e-01;-3.766337037086486816e-01;-4.571066796779632568e-01
-3.914426267147064209e-01;-5.949842929840087891e-01;-4.401373863220214844e-01
-3.916163742542266846e-01;-5.950758457183837891e-01;-4.401807188987731934e-01
-2.723290026187896729e-01;-8.015371561050415039e-01;-4.054725170135498047e-01
-3.915061354637145996e-01;-5.950730443000793457e-01;-4.402087330818176270e-01
-2.442005872726440430e-01;-6.662580370903015137e-01;-4.140546023845672607e-01
-3.916413486003875732e-01;-5.950038433074951172e-01;-4.402086734771728516e-01
-1.956185549497604370e-01;-4.142318964004516602e-01;-4.015570878982543945e-01
-3.916104733943939209e-01;-5.949840545654296875e-01;-4.400332868099212646e-01
-3.915523588657379150e-01;-5.950119495391845703e-01;-4.401472508907318115e-01
