2.156184613704681396e-02;-7.845103740692138672e-01;4.396148324012756348e-01
1.397361457347869873e-01;-7.419160604476928711e-01;4.265004396438598633e-01
9.022970497608184814e-02;-7.789818644523620605e-01;4.518052637577056885e-01
2.225479930639266968e-01;-7.902567982673645020e-01;3.418499231338500977e-01
2.408256828784942627e-01;-7.934792041778564453e-01;3.839914202690124512e-01
2.401695400476455688e-01;-7.839295268058776855e-01;3.491331636905670166e-01
2.417638599872589111e-01;-7.871779799461364746e-01;4.057064354419708252e-01
2.453408837318420410e-01;-7.743752598762512207e-01;4.736552536487579346e-01
2.445056140422821045e-01;-7.756140232086181641e-01;4.625508487224578857e-01
2.342951148748397827e-01;-6.583849191665649414e-01;2.736488282680511475e-01
1.638569086790084839e-01;6.320653557777404785e-01;2.856825590133666992e-01
1.676521450281143188e-01;7.006174325942993164e-01;2.569258213043212891e-01
2.382169216871261597e-01;7.829914689064025879e-01;3.732489049434661865e-01
2.371564358472824097e-01;7.892171144485473633e-01;3.508023619651794434e-01
2.419240772724151611e-01;7.719805240631103516e-01;4.192722737789154053e-01
2.422609627246856689e-01;7.596160769462585449e-01;4.098223149776458740e-01
2.414401471614837646e-01;7.539070248603820801e-01;3.956421017646789551e-01
2.254259139299392700e-01;7.415539622306823730e-01;4.712840914726257324e-01
2.337546944618225098e-01;7.483714222908020020e-01;4.499998986721038818e-01
2.342619448900222778e-01;7.956266999244689941e-01;3.287167549133300781e-01
-3.992224037647247314e-01;-7.896711826324462891e-01;-4.658765196800231934e-01
-3.681241273880004883e-01;-7.966299057006835938e-01;-4.231031537055969238e-01
-3.312533795833587646e-01;-7.854492664337158203e-01;-2.885625660419464111e-01
-1.950941532850265503e-01;-7.868742942810058594e-01;-4.441935122013092041e-01
-2.263574153184890747e-01;-7.996308803558349609e-01;-3.792763352394104004e-01
-3.915414810180664062e-01;-5.950017571449279785e-01;-4.401010572910308838e-01
-2.400487512350082397e-01;-6.694617271423339844e-01;-4.046629965305328369e-01
4.329718649387359619e-02;-7.739493250846862793e-01;-4.441896080970764160e-01
9.155856072902679443e-02;-7.858260869979858398e-01;-3.781827688217163086e-01
1.246157139539718628e-01;-7.464794516563415527e-01;-4.203825294971466064e-01
1.955211758613586426e-01;7.454241514205932617e-01;-4.441834688186645508e-01
2.472057044506072998e-01;6.929336786270141602e-01;-4.441843926906585693e-01
2.486932277679443359e-01;7.611730694770812988e-01;-4.190329909324645996e-01
2.462029010057449341e-01;7.600331902503967285e-01;-4.210490584373474121e-01
2.465342581272125244e-01;7.591279745101928711e-01;-4.325821697711944580e-01
2.491539120674133301e-01;7.693446874618530273e-01;-3.739604949951171875e-01
2.418091595172882080e-01;7.727539539337158203e-01;-3.601226508617401123e-01
2.412586808204650879e-01;7.731316685676574707e-01;-3.601967692375183105e-01
2.545708417892456055e-01;7.609665989875793457e-01;-4.217792749404907227e-01
2.540594935417175293e-01;7.583332657814025879e-01;-4.441834092140197754e-01
8.340553939342498779e-02;-6.622933596372604370e-02;2.121750712394714355e-01
2.106547802686691284e-01;-2.030912637710571289e-01;1.143987104296684265e-01
2.252913266420364380e-01;-1.547596454620361328e-01;1.471541672945022583e-01
2.445433884859085083e-01;-1.587876826524734497e-01;2.401753067970275879e-01
1.938250958919525146e-01;-1.122978031635284424e-01;9.907492250204086304e-02
2.117428034543991089e-01;-6.305900961160659790e-02;1.222396343946456909e-01
1.813571900129318237e-01;-6.043563783168792725e-02;2.602468430995941162e-01
1.627410650253295898e-01;9.040340781211853027e-03;2.965517342090606689e-02
2.088246494531631470e-01;8.014117926359176636e-02;1.122128143906593323e-01
2.418111264705657959e-01;2.651184797286987305e-03;2.077675014734268188e-01
-4.579252600669860840e-01;4.659027755260467529e-01;-4.757690131664276123e-01
-3.460471332073211670e-01;4.248612523078918457e-01;-4.221730828285217285e-01
-3.769001662731170654e-01;7.590217590332031250e-01;-4.620971381664276123e-01
-3.411016464233398438e-01;6.467955708503723145e-01;-4.313336014747619629e-01
-4.017564356327056885e-01;7.742604613304138184e-01;-3.871537148952484131e-01
-3.263269662857055664e-01;6.618619561195373535e-01;-3.865661621093750000e-01
-3.173859417438507080e-01;7.844008803367614746e-01;-3.930436968803405762e-01
-2.499874085187911987e-01;4.679082632064819336e-01;-4.441378414630889893e-01
-2.295300811529159546e-01;7.801219224929809570e-01;-4.144401252269744873e-01
-2.005698233842849731e-01;6.518496870994567871e-01;-1.698745042085647583e-01
-2.663434147834777832e-01;2.296402901411056519e-01;3.135685622692108154e-01
-2.934533953666687012e-01;2.889220118522644043e-01;2.371170520782470703e-01
-2.030394673347473145e-01;2.424178123474121094e-01;2.560473680496215820e-01
-1.644365638494491577e-01;3.586440086364746094e-01;1.633500158786773682e-01
-5.107692629098892212e-02;3.744174838066101074e-01;2.448503524065017700e-01
-2.532840669155120850e-01;3.846593797206878662e-01;3.763000965118408203e-01
-1.204265728592872620e-01;5.049615502357482910e-01;3.258794844150543213e-01
-7.209944725036621094e-02;5.753813982009887695e-01;1.432119011878967285e-01
6.787227094173431396e-02;2.799029350280761719e-01;1.745076328516006470e-01
8.324727416038513184e-03;4.334889352321624756e-01;2.302081435918807983e-01
4.459653049707412720e-02;-5.524839758872985840e-01;-1.350032240152359009e-01
1.797760874032974243e-01;-5.148687362670898438e-01;-9.733149409294128418e-02
9.402781724929809570e-02;-5.647639632225036621e-01;-9.094510227441787720e-03
1.122875958681106567e-01;-5.616741180419921875e-01;-1.810260489583015442e-02
1.143860071897506714e-01;-5.410507917404174805e-01;2.497807517647743225e-02
8.645957708358764648e-02;-5.542631745338439941e-01;8.119955658912658691e-02
9.930308908224105835e-02;-6.126370429992675781e-01;1.144155412912368774e-01
1.848232746124267578e-01;-5.397799611091613770e-01;-7.242346648126840591e-03
1.204348355531692505e-01;-4.580579698085784912e-01;3.198289871215820312e-02
9.610113501548767090e-02;-4.696712791919708252e-01;9.709337353706359863e-02
-3.047091364860534668e-01;-4.747773706912994385e-01;3.215278983116149902e-01
-1.868397146463394165e-01;-3.333871364593505859e-01;1.452715098857879639e-01
-2.680951356887817383e-01;-2.840189635753631592e-01;3.090466558933258057e-01
-3.304641544818878174e-01;-4.094344377517700195e-01;4.045835733413696289e-01
-7.726078480482101440e-02;-2.995352745056152344e-01;2.431461215019226074e-01
-4.282357543706893921e-02;-4.107661545276641846e-01;2.521706223487854004e-01
-1.233974173665046692e-01;-3.201812207698822021e-01;3.470619618892669678e-01
-2.504621446132659912e-01;-2.599865198135375977e-01;3.756549060344696045e-01
-1.150583028793334961e-01;-2.168438583612442017e-01;3.829432725906372070e-01
-5.079416185617446899e-02;-1.160887181758880615e-01;3.265830874443054199e-01
1.344988495111465454e-01;4.192342460155487061e-01;1.675003319978713989e-01
2.359122335910797119e-01;2.274054735898971558e-01;1.939233988523483276e-01
2.082721889019012451e-01;3.363958299160003662e-01;1.159000098705291748e-01
2.195125818252563477e-01;4.131746888160705566e-01;1.613880544900894165e-01
2.327246665954589844e-01;4.056967794895172119e-01;1.948395371437072754e-01
1.600687503814697266e-01;4.983438253402709961e-01;7.747723162174224854e-02
1.997887492179870605e-01;4.901082813739776611e-01;9.507036209106445312e-02
2.143076509237289429e-01;5.910376906394958496e-01;1.384143233299255371e-01
2.212530374526977539e-01;4.821920394897460938e-01;1.794194877147674561e-01
2.347521036863327026e-01;5.072982311248779297e-01;2.523673176765441895e-01
7.382468879222869873e-02;-3.067363202571868896e-01;-1.452415436506271362e-01
1.481899917125701904e-01;-3.534628152847290039e-01;-1.294265687465667725e-01
1.330865174531936646e-01;-2.337354421615600586e-01;-3.466758131980895996e-02
1.663556247949600220e-01;-2.727560102939605713e-01;-6.015950441360473633e-02
2.442719787359237671e-01;-2.797954976558685303e-01;-2.061737477779388428e-01
2.274884283542633057e-01;-2.356681525707244873e-01;-1.095295548439025879e-01
1.949964165687561035e-01;-2.554619908332824707e-01;-4.555913805961608887e-02
1.694886386394500732e-01;-2.168665677309036255e-01;-1.668100655078887939e-01
1.894114315509796143e-01;-2.047760337591171265e-01;-8.063721656799316406e-02
2.288634926080703735e-01;-2.104756981134414673e-01;-1.463030129671096802e-01
-2.208947837352752686e-01;2.489830702543258667e-01;-3.535892367362976074e-01
-2.511672675609588623e-01;3.510980904102325439e-01;-2.051360905170440674e-01
-1.228542625904083252e-02;1.202466785907745361e-01;-1.628011316061019897e-01
-1.281714886426925659e-01;3.678803443908691406e-01;-2.587479352951049805e-01
-4.811926931142807007e-02;2.307164222002029419e-01;-1.060403585433959961e-01
-3.460471332073211670e-01;4.248612523078918457e-01;-4.221730828285217285e-01
-2.499874085187911987e-01;4.679082632064819336e-01;-4.441378414630889893e-01
-4.035256803035736084e-03;5.388407707214355469e-01;-1.414041966199874878e-01
-1.159458011388778687e-01;5.324696898460388184e-01;-1.202481985092163086e-02
3.539836406707763672e-02;3.667710423469543457e-01;-2.049187719821929932e-01
-5.112835764884948730e-01;1.628763079643249512e-01;5.743546485900878906e-01
-4.686781764030456543e-01;2.835700213909149170e-01;4.805643260478973389e-01
-2.934533953666687012e-01;2.889220118522644043e-01;2.371170520782470703e-01
-2.793999612331390381e-01;1.617988497018814087e-01;3.774628043174743652e-01
-2.482508718967437744e-01;1.829191446304321289e-01;3.743203580379486084e-01
-2.663434147834777832e-01;2.296402901411056519e-01;3.135685622692108154e-01
-3.417440354824066162e-01;2.692106366157531738e-01;4.653313159942626953e-01
-2.771990895271301270e-01;3.582142293453216553e-01;4.076490700244903564e-01
-2.532840669155120850e-01;3.846593797206878662e-01;3.763000965118408203e-01
-2.006918638944625854e-01;4.514629542827606201e-01;4.371275007724761963e-01
-2.763290703296661377e-01;-7.272797822952270508e-01;3.242638707160949707e-01
-3.515319526195526123e-02;-7.167631387710571289e-01;1.069105416536331177e-01
-1.234962046146392822e-02;-7.031178474426269531e-01;7.517859339714050293e-02
-1.123282164335250854e-01;-6.690989136695861816e-01;3.035599887371063232e-01
2.156184613704681396e-02;-7.845103740692138672e-01;4.396148324012756348e-01
-1.896403878927230835e-01;-7.856883406639099121e-01;4.843276143074035645e-01
-2.032213360071182251e-01;-5.667371153831481934e-01;3.662031292915344238e-01
-4.282358288764953613e-02;-4.107661545276641846e-01;2.521706223487854004e-01
8.440338075160980225e-02;-6.232942342758178711e-01;2.428320199251174927e-01
4.257957637310028076e-02;-4.999468028545379639e-01;1.987505555152893066e-01
-3.411054611206054688e-01;5.641878843307495117e-01;3.299632370471954346e-01
-4.102947413921356201e-01;5.571267604827880859e-01;4.361458718776702881e-01
-4.862467646598815918e-01;6.196209788322448730e-01;5.093486309051513672e-01
-4.290689527988433838e-01;6.796354651451110840e-01;5.186673402786254883e-01
-1.204265728592872620e-01;5.049615502357482910e-01;3.258794844150543213e-01
-1.682746857404708862e-01;5.935367345809936523e-01;2.663577497005462646e-01
-2.508491277694702148e-01;7.169986963272094727e-01;3.534862697124481201e-01
-2.348575592041015625e-01;7.884348034858703613e-01;3.754155933856964111e-01
-4.282417893409729004e-02;5.974282622337341309e-01;1.868028491735458374e-01
-6.462374329566955566e-02;7.639850974082946777e-01;4.843258559703826904e-01
-3.915414810180664062e-01;-5.950017571449279785e-01;-4.401010572910308838e-01
-3.462438285350799561e-01;-3.851236402988433838e-01;-4.506010115146636963e-01
-2.400487512350082397e-01;-6.694617271423339844e-01;-4.046629965305328369e-01
-2.011926919221878052e-01;-3.683371841907501221e-01;-3.962842822074890137e-01
-2.199026048183441162e-01;-3.430924713611602783e-01;-1.945302486419677734e-01
-2.997322082519531250e-01;-1.908943653106689453e-01;-4.464889168739318848e-01
-3.640353083610534668e-01;-1.135587990283966064e-01;-4.593785703182220459e-01
-1.738606989383697510e-01;-1.597752571105957031e-01;-3.933210074901580811e-01
-2.170577049255371094e-01;-2.047844678163528442e-01;-3.147077262401580811e-01
-1.313192397356033325e-01;-2.729731798171997070e-01;-2.550654411315917969e-01
-3.531856536865234375e-01;-3.432333096861839294e-02;3.860056400299072266e-01
-1.693875938653945923e-01;-1.186053156852722168e-01;1.777416914701461792e-01
-2.835597097873687744e-01;-1.048693084158003330e-03;3.043992817401885986e-01
-1.891010105609893799e-01;-5.849737673997879028e-02;3.566726446151733398e-01
-2.654787003993988037e-01;-1.397657692432403564e-01;4.843530058860778809e-01
-1.478460580110549927e-01;9.870502352714538574e-02;1.638879477977752686e-01
-2.116795927286148071e-01;9.395919740200042725e-02;2.329305559396743774e-01
-2.482508718967437744e-01;1.829191446304321289e-01;3.743203580379486084e-01
-2.793999612331390381e-01;1.617988497018814087e-01;3.774628043174743652e-01
-1.602630168199539185e-01;5.802404880523681641e-02;3.517341613769531250e-01
9.610113501548767090e-02;-4.696712791919708252e-01;9.709337353706359863e-02
2.143885344266891479e-01;-6.235114932060241699e-01;1.763447821140289307e-01
2.362506091594696045e-01;-5.822616815567016602e-01;2.675878703594207764e-01
1.897896528244018555e-01;-4.920704066753387451e-01;1.074025034904479980e-01
2.241601347923278809e-01;-5.119057297706604004e-01;1.638552397489547729e-01
2.401508837938308716e-01;-5.793298482894897461e-01;2.873357236385345459e-01
2.333741784095764160e-01;-4.314028620719909668e-01;2.111932784318923950e-01
1.669486612081527710e-01;-3.561683595180511475e-01;7.390461862087249756e-02
2.231075912714004517e-01;-3.251090645790100098e-01;1.505343914031982422e-01
2.438496649265289307e-01;-2.470159381628036499e-01;2.483106404542922974e-01
-3.992224037647247314e-01;-7.896711826324462891e-01;-4.658765196800231934e-01
-3.681241273880004883e-01;-7.966299057006835938e-01;-4.231031537055969238e-01
-3.312533795833587646e-01;-7.854492664337158203e-01;-2.885625660419464111e-01
-3.915414810180664062e-01;-5.950017571449279785e-01;-4.401010572910308838e-01
-5.196210145950317383e-01;-4.951131939888000488e-01;-5.418289303779602051e-01
-4.990174472332000732e-01;-3.589730560779571533e-01;-5.227105021476745605e-01
-3.462438285350799561e-01;-3.851236402988433838e-01;-4.506010115146636963e-01
-2.263574153184890747e-01;-7.996308803558349609e-01;-3.792763352394104004e-01
-1.950941532850265503e-01;-7.868742942810058594e-01;-4.441935122013092041e-01
-2.400487512350082397e-01;-6.694617271423339844e-01;-4.046629965305328369e-01
