-3.463838398456573486e-01;-4.757944345474243164e-01;5.430743098258972168e-01
-2.712255418300628662e-01;4.075598716735839844e-02;-5.123376250267028809e-01
-3.371766507625579834e-01;7.733049243688583374e-02;-5.073043704032897949e-01
-3.306157886981964111e-01;-3.506457805633544922e-01;5.146587491035461426e-01
2.256667613983154297e-01;-1.548748016357421875e-01;-4.369112662971019745e-03
2.268337756395339966e-01;-1.635027378797531128e-01;2.739586494863033295e-02
2.293295413255691528e-01;2.407908737659454346e-01;-1.918805204331874847e-02
2.440404146909713745e-01;5.058738216757774353e-02;-7.119152694940567017e-02
-2.851987183094024658e-01;-3.537874519824981689e-01;4.615805447101593018e-01
-3.058824837207794189e-01;-9.585082530975341797e-02;4.375523626804351807e-01
2.309133410453796387e-01;3.225982487201690674e-01;-1.704897545278072357e-02
2.365525364875793457e-01;2.486239671707153320e-01;6.592730432748794556e-02
2.462910711765289307e-01;-2.075152248144149780e-01;-7.662528753280639648e-02
-2.905916869640350342e-01;3.381503522396087646e-01;4.687248766422271729e-01
-2.234027087688446045e-01;-1.220949217677116394e-01;-3.791236281394958496e-01
-3.001083731651306152e-01;-1.651688516139984131e-01;5.300245881080627441e-01
-1.572210192680358887e-01;3.045360930263996124e-02;3.485307097434997559e-01
-3.660918474197387695e-01;1.576272249221801758e-01;4.981127977371215820e-01
2.307536453008651733e-01;-3.746116161346435547e-01;1.204363070428371429e-02
2.462394684553146362e-01;2.132433056831359863e-01;9.587315469980239868e-02
-2.615843713283538818e-01;5.619227886199951172e-01;5.244146585464477539e-01
2.508709728717803955e-01;2.933096587657928467e-01;-9.026969224214553833e-02
-2.977054715156555176e-01;9.200611710548400879e-02;4.186165332794189453e-01
2.436969727277755737e-01;-2.791901528835296631e-01;8.739055693149566650e-02
1.407921761274337769e-01;-4.087374731898307800e-02;-5.243553593754768372e-02
1.535568684339523315e-01;9.640868008136749268e-02;7.935693860054016113e-02
1.437723934650421143e-01;1.868935674428939819e-02;7.372328639030456543e-02
-2.285739779472351074e-01;-3.494748845696449280e-02;4.833426475524902344e-01
-1.584621965885162354e-01;2.823750674724578857e-02;-3.018741309642791748e-01
-1.673745810985565186e-01;3.998205065727233887e-02;-4.141909182071685791e-01
-2.344017922878265381e-01;-1.579082459211349487e-01;-5.100750923156738281e-01
-2.618607878684997559e-01;5.444694757461547852e-01;-4.439222216606140137e-01
-3.146691918373107910e-01;6.640222668647766113e-01;5.324032902717590332e-01
2.339757382869720459e-01;-4.616494774818420410e-01;7.653500884771347046e-03
-2.343035787343978882e-01;-4.468556940555572510e-01;-4.741064608097076416e-01
-3.872393071651458740e-01;5.684342384338378906e-01;-5.241470932960510254e-01
-2.960078120231628418e-01;-2.633173167705535889e-01;-4.244863688945770264e-01
-1.551296114921569824e-01;-2.462513148784637451e-01;-3.424192667007446289e-01
2.570957541465759277e-01;-1.619717180728912354e-01;1.256437599658966064e-01
-4.326247274875640869e-01;-2.331619895994663239e-02;5.392788052558898926e-01
-6.882034242153167725e-02;1.093246489763259888e-01;2.820109724998474121e-01
-3.702022433280944824e-01;4.091704487800598145e-01;4.928098320960998535e-01
-1.672585904598236084e-01;2.341468632221221924e-01;3.182899057865142822e-01
-4.511521756649017334e-01;-1.974438130855560303e-01;-5.648206472396850586e-01
1.685971510596573353e-03;-3.711365908384323120e-02;-2.494360655546188354e-01
9.713478386402130127e-02;1.704896539449691772e-01;-1.319138556718826294e-01
3.177889063954353333e-02;-7.930996268987655640e-02;-1.670729219913482666e-01
-1.910082101821899414e-01;-3.443315252661705017e-02;-4.638057649135589600e-01
-2.688121199607849121e-01;2.270954698324203491e-01;-3.734119832515716553e-01
-1.613856405019760132e-01;4.049855172634124756e-01;-3.505977690219879150e-01
-2.178511023521423340e-01;2.287554740905761719e-01;-3.231999874114990234e-01
7.690726965665817261e-02;2.181902974843978882e-01;-1.027185246348381042e-01
-1.948403418064117432e-01;1.663505434989929199e-01;4.772483706474304199e-01
2.413598895072937012e-01;5.180509686470031738e-01;7.353737950325012207e-02
2.571345567703247070e-01;-4.200547635555267334e-01;-1.198271736502647400e-01
-2.231160253286361694e-01;-5.364581942558288574e-01;-5.098600983619689941e-01
-7.062447816133499146e-02;2.150397449731826782e-01;3.291590213775634766e-01
1.171651259064674377e-01;-1.332973986864089966e-01;1.794392615556716919e-01
5.289419367909431458e-02;-2.584383189678192139e-01;-1.657715737819671631e-01
6.599285453557968140e-02;4.748620837926864624e-02;2.214749902486801147e-01
2.681368291378021240e-01;-1.922114193439483643e-01;-1.547984182834625244e-01
-7.773069292306900024e-02;2.866544425487518311e-01;3.345827758312225342e-01
-2.732947468757629395e-01;-6.640076637268066406e-01;-4.578152596950531006e-01
-2.228137105703353882e-01;-6.626106500625610352e-01;5.225773453712463379e-01
2.485047280788421631e-01;5.328001976013183594e-01;1.066772341728210449e-01
2.399256229400634766e-01;6.059746146202087402e-01;-4.034714400768280029e-02
-1.719415187835693359e-01;-5.460559725761413574e-01;-3.877421319484710693e-01
-8.278401941061019897e-02;-2.449302673339843750e-01;2.334762513637542725e-01
8.982115238904953003e-02;-3.547842800617218018e-01;1.203558444976806641e-01
-1.360742449760437012e-01;-2.136043310165405273e-01;4.269441068172454834e-01
-1.238455697894096375e-01;7.546304166316986084e-02;-2.165613621473312378e-01
-1.412516236305236816e-01;3.292442262172698975e-01;-4.140077531337738037e-01
1.864400953054428101e-01;3.801727294921875000e-01;-1.565653383731842041e-01
-3.790139853954315186e-01;3.460827767848968506e-01;-4.557673037052154541e-01
-2.760317623615264893e-01;-2.379380762577056885e-01;3.564946055412292480e-01
-2.250545471906661987e-01;4.390586018562316895e-01;-3.317069709300994873e-01
-3.172223865985870361e-01;-4.055733382701873779e-01;4.011564254760742188e-01
-4.384799674153327942e-02;1.102931424975395203e-01;1.604858934879302979e-01
8.681148290634155273e-03;-2.132170647382736206e-01;1.273247003555297852e-01
-1.830623596906661987e-01;1.463418304920196533e-01;2.672438919544219971e-01
2.356349527835845947e-01;6.259219646453857422e-01;1.873573288321495056e-02
-8.113874495029449463e-02;2.286583483219146729e-01;-3.679180145263671875e-01
-2.397873699665069580e-01;-5.854375362396240234e-01;3.869902193546295166e-01
8.711487054824829102e-02;2.214665524661540985e-03;-2.409170269966125488e-01
-5.181990191340446472e-02;3.752482831478118896e-01;2.427344620227813721e-01
2.903796732425689697e-03;-2.562406659126281738e-01;-1.294109374284744263e-01
-2.038905173540115356e-01;-2.751975953578948975e-01;-5.097644925117492676e-01
1.285990178585052490e-01;2.706561982631683350e-01;1.950586736202239990e-01
-7.124273478984832764e-02;-5.483886599540710449e-02;3.782709538936614990e-01
4.344552010297775269e-02;2.442802041769027710e-01;3.796969726681709290e-02
8.231361955404281616e-02;2.030767053365707397e-01;2.233364433050155640e-01
-6.328896433115005493e-02;1.216038390994071960e-01;-1.690368652343750000e-01
-1.796059310436248779e-01;5.141508579254150391e-01;4.757077395915985107e-01
-2.662230134010314941e-01;-4.642691463232040405e-02;-3.283521533012390137e-01
-1.938160508871078491e-01;6.912409067153930664e-01;-4.820164144039154053e-01
-1.775503754615783691e-01;-5.326431393623352051e-01;-3.286209404468536377e-01
6.141548603773117065e-02;4.477602839469909668e-01;1.753137819468975067e-02
2.635869085788726807e-01;-3.595183491706848145e-01;1.659177690744400024e-01
-1.181437969207763672e-01;-1.063020005822181702e-01;-2.093783766031265259e-01
6.501623243093490601e-02;-4.624930918216705322e-01;6.419400125741958618e-02
-1.741717159748077393e-01;3.815845847129821777e-01;4.776771068572998047e-01
-2.945015728473663330e-01;6.179003119468688965e-01;4.021889567375183105e-01
-1.952990442514419556e-01;6.435530781745910645e-01;4.808491766452789307e-01
-9.169724583625793457e-02;-3.927064538002014160e-01;2.285157740116119385e-01
-1.181174293160438538e-01;-3.032639324665069580e-01;-2.230305075645446777e-01
1.977350115776062012e-01;-4.707912728190422058e-02;1.973801851272583008e-01
-1.684592515230178833e-01;4.149892330169677734e-01;-4.633493721485137939e-01
8.324883878231048584e-02;-1.684375405311584473e-01;-2.514614462852478027e-01
2.641614675521850586e-01;4.321200549602508545e-01;1.750428229570388794e-01
-4.636037647724151611e-01;-5.262287855148315430e-01;-6.056203842163085938e-01
1.561408042907714844e-01;-6.263226270675659180e-01;3.775622323155403137e-02
9.795957244932651520e-03;-2.007556855678558350e-01;3.031354844570159912e-01
-9.999866597354412079e-03;1.971831023693084717e-01;-9.515079855918884277e-02
1.077717989683151245e-01;5.103485584259033203e-01;-1.466034948825836182e-01
-1.444689035415649414e-01;3.488471508026123047e-01;-2.301403880119323730e-01
-6.857117265462875366e-02;-3.496535718441009521e-01;3.730917572975158691e-01
2.114551886916160583e-02;4.635986983776092529e-01;1.536034494638442993e-01
7.116901129484176636e-02;4.453446865081787109e-01;-2.211325019598007202e-01
6.090116500854492188e-02;5.815902948379516602e-01;6.610763072967529297e-02
2.747153043746948242e-01;6.614174228161573410e-03;-1.950758993625640869e-01
6.148136779665946960e-02;-5.676978230476379395e-01;-7.328201830387115479e-02
3.178675472736358643e-02;-5.176018476486206055e-01;-1.695828437805175781e-01
6.993892602622509003e-03;-4.575403630733489990e-01;-2.700397074222564697e-01
-2.320937216281890869e-01;6.106788516044616699e-01;-3.297164738178253174e-01
-1.242637112736701965e-01;-4.584763944149017334e-01;2.350050061941146851e-01
2.747682034969329834e-01;1.548112183809280396e-01;-1.981316953897476196e-01
-3.205123543739318848e-01;7.495936155319213867e-01;-4.639487564563751221e-01
1.774828433990478516e-01;-5.964933633804321289e-01;1.480249762535095215e-01
-9.252960979938507080e-02;-1.937439888715744019e-01;-1.545968055725097656e-01
2.731501162052154541e-01;3.068888187408447266e-01;-2.040895074605941772e-01
2.428081780672073364e-01;7.100062370300292969e-01;-7.054693251848220825e-02
1.507536619901657104e-01;7.044941782951354980e-01;-3.660960122942924500e-02
6.989799439907073975e-02;4.810036420822143555e-01;2.236821800470352173e-01
8.848254382610321045e-02;6.001780033111572266e-01;1.456767618656158447e-01
-3.429063856601715088e-01;7.372988462448120117e-01;4.484905898571014404e-01
-1.462752372026443481e-01;6.278544664382934570e-01;2.988789975643157959e-01
-1.204031854867935181e-01;-6.014400124549865723e-01;4.318710267543792725e-01
-2.918167710304260254e-01;6.715574115514755249e-02;3.292681574821472168e-01
-7.706206291913986206e-02;7.384394407272338867e-01;5.224886536598205566e-01
3.722520917654037476e-02;5.792297124862670898e-01;-2.056782245635986328e-01
-3.603420853614807129e-01;-5.799858570098876953e-01;4.243880808353424072e-01
2.665286660194396973e-01;-5.132175087928771973e-01;2.022665590047836304e-01
1.873008608818054199e-01;5.966572165489196777e-01;-1.902506798505783081e-01
-3.921417593955993652e-01;7.371283173561096191e-01;-5.503332018852233887e-01
1.749863624572753906e-01;7.971342206001281738e-01;-4.667914938181638718e-03
-4.741265904158353806e-03;-5.376731753349304199e-01;-2.744646072387695312e-01
2.678675949573516846e-01;-5.587835907936096191e-01;-2.034295797348022461e-01
-2.143014371395111084e-01;7.494202852249145508e-01;3.702585101127624512e-01
2.010397166013717651e-01;5.013163089752197266e-01;-2.146687656641006470e-01
1.075616255402565002e-01;7.857491970062255859e-01;2.650878578424453735e-02
2.094459086656570435e-01;-7.628489732742309570e-01;-7.923450320959091187e-03
2.407772280275821686e-02;-7.102060317993164062e-01;-5.097506642341613770e-01
1.298858225345611572e-01;-4.592789709568023682e-01;-2.275500744581222534e-01
2.349445819854736328e-01;8.003710508346557617e-01;-4.651797935366630554e-02
-1.661864519119262695e-01;-3.602018952369689941e-01;5.224893689155578613e-01
2.396569699048995972e-01;-7.422178387641906738e-01;-5.777432769536972046e-02
-5.561664327979087830e-02;-6.122084856033325195e-01;-3.498542606830596924e-01
2.329710423946380615e-01;-7.810028791427612305e-01;1.625362038612365723e-02
1.878959536552429199e-01;6.738519668579101562e-01;-1.668010056018829346e-01
2.305643558502197266e-01;8.035702705383300781e-01;1.585130393505096436e-02
-2.791141867637634277e-01;-6.569549441337585449e-01;-3.532462120056152344e-01
2.297022789716720581e-01;-7.656315565109252930e-01;-7.688829302787780762e-02
2.332747429609298706e-01;-7.809364199638366699e-01;2.649869769811630249e-02
-1.384902298450469971e-01;6.952776908874511719e-01;4.452715814113616943e-01
2.257766276597976685e-01;7.882233858108520508e-01;-6.747717410326004028e-02
-1.902714557945728302e-02;-5.480632185935974121e-01;1.166874393820762634e-01
2.424075305461883545e-01;-7.726368308067321777e-01;-9.798160940408706665e-02
2.508053183555603027e-01;-7.330058217048645020e-01;-1.258660405874252319e-01
2.333775609731674194e-01;8.010035157203674316e-01;6.260573118925094604e-02
-1.633984297513961792e-01;-7.278115153312683105e-01;3.632717132568359375e-01
-1.240171119570732117e-01;9.100430645048618317e-03;-4.570823311805725098e-01
-2.389946766197681427e-02;-3.691786825656890869e-01;2.399016730487346649e-02
-1.832272484898567200e-02;-5.215496420860290527e-01;-8.911607414484024048e-02
2.379610538482666016e-01;-7.770566940307617188e-01;7.845804095268249512e-02
2.709638178348541260e-01;4.669191539287567139e-01;2.279646992683410645e-01
-3.636693060398101807e-01;-7.032420039176940918e-01;4.193189740180969238e-01
1.501726359128952026e-01;1.165824085474014282e-01;2.631457149982452393e-01
1.890107840299606323e-01;7.892773151397705078e-01;-9.955035895109176636e-02
-2.658685483038425446e-02;4.248567223548889160e-01;3.666390776634216309e-01
-3.932793438434600830e-01;-7.489481568336486816e-02;4.380218088626861572e-01
-1.168950721621513367e-01;-7.171460390090942383e-01;5.224878787994384766e-01
2.293106764554977417e-01;-7.563638687133789062e-01;-1.270407736301422119e-01
2.463990151882171631e-01;-7.693726420402526855e-01;-1.192589178681373596e-01
-2.943242155015468597e-02;9.531202167272567749e-02;-2.838792279362678528e-02
7.331003248691558838e-02;-4.131657779216766357e-01;2.795501649379730225e-01
2.564437091350555420e-01;7.095702290534973145e-01;1.667186319828033447e-01
-2.294525131583213806e-02;5.642834305763244629e-01;-1.192704513669013977e-01
-1.281131356954574585e-01;-7.294303178787231445e-01;-3.767979741096496582e-01
-2.655357308685779572e-02;-3.890939652919769287e-01;-1.804583147168159485e-02
2.931140176951885223e-02;-7.462490200996398926e-01;-7.425950467586517334e-02
-1.175953522324562073e-01;-6.499644368886947632e-02;-4.574511945247650146e-01
1.635427772998809814e-01;2.953979969024658203e-01;2.541217803955078125e-01
2.265621721744537354e-01;-7.614133954048156738e-01;1.083872020244598389e-01
1.369384974241256714e-01;-3.644807338714599609e-01;2.585794329643249512e-01
2.518666088581085205e-01;7.871190309524536133e-01;-1.407356262207031250e-01
2.546511590480804443e-01;-7.599570155143737793e-01;-1.626106947660446167e-01
-2.760813236236572266e-01;4.823282659053802490e-01;3.147153258323669434e-01
-3.223653137683868408e-02;-1.528778951615095139e-02;4.980711266398429871e-02
2.423013746738433838e-01;7.960348725318908691e-01;1.100484952330589294e-01
-4.242122918367385864e-02;6.798141598701477051e-01;-3.838417530059814453e-01
-2.805531919002532959e-01;2.511750757694244385e-01;-5.136969089508056641e-01
-2.783139944076538086e-01;1.102980822324752808e-01;-5.131121873855590820e-01
1.940579563379287720e-01;-1.084230002015829086e-02;1.634497381746768951e-02
2.097632437944412231e-01;-1.717916727066040039e-01;4.620497301220893860e-02
1.861129105091094971e-01;2.648515813052654266e-02;-2.886249125003814697e-02
1.869875192642211914e-01;1.252337396144866943e-01;-3.350883722305297852e-02
2.265269011259078979e-01;2.050956636667251587e-01;7.522269338369369507e-02
2.213905304670333862e-01;-4.074495285749435425e-02;-8.739889413118362427e-02
-2.888818383216857910e-01;-3.068430423736572266e-01;4.383572041988372803e-01
-1.881611347198486328e-01;4.219476133584976196e-02;4.035903215408325195e-01
1.834054738283157349e-01;2.529287040233612061e-01;1.752063399180769920e-03
2.233237326145172119e-01;1.470411717891693115e-01;-9.284371137619018555e-02
1.778701692819595337e-01;-2.641013264656066895e-01;-2.281492762267589569e-02
1.864363700151443481e-01;-3.058545589447021484e-01;1.579047925770282745e-02
1.982822567224502563e-01;-2.694593667984008789e-01;-6.976122409105300903e-02
2.448620796203613281e-01;-8.128604292869567871e-02;1.071466282010078430e-01
-2.375869899988174438e-01;-3.688744008541107178e-01;4.187751710414886475e-01
2.447212487459182739e-01;-2.465303093194961548e-01;1.093392521142959595e-01
-1.984915882349014282e-01;3.071588873863220215e-01;4.088462591171264648e-01
2.289321273565292358e-01;-2.798129618167877197e-01;-1.122900769114494324e-01
-2.190192639827728271e-01;-6.921588629484176636e-02;-5.097637772560119629e-01
1.781015843152999878e-01;4.126185774803161621e-01;-4.083352908492088318e-02
-3.826070725917816162e-01;-4.398731514811515808e-02;4.810226857662200928e-01
2.400117367506027222e-01;-3.342217803001403809e-01;1.092077642679214478e-01
2.586103081703186035e-01;3.818032145500183105e-02;1.396578252315521240e-01
-1.360358148813247681e-01;-9.436969459056854248e-02;3.915820419788360596e-01
-2.190867811441421509e-01;-4.816419780254364014e-01;4.127163290977478027e-01
-1.733779311180114746e-01;3.789632320404052734e-01;4.012177288532257080e-01
2.151074409484863281e-01;-3.961149156093597412e-01;-1.050525456666946411e-01
-2.068580985069274902e-01;-2.128358334302902222e-01;-5.098748803138732910e-01
1.704032719135284424e-01;-4.692282378673553467e-01;-1.393508445471525192e-02
-4.500346481800079346e-01;-3.250297605991363525e-01;-5.940899848937988281e-01
1.783540397882461548e-01;4.975508749485015869e-01;-5.497055873274803162e-02
1.718891859054565430e-01;5.360231399536132812e-01;2.701197052374482155e-03
2.185321748256683350e-01;4.487848281860351562e-01;-1.165502816438674927e-01
-2.610642313957214355e-01;-6.781575679779052734e-01;-5.114339590072631836e-01
-3.923109173774719238e-01;-1.550305038690567017e-01;4.889381229877471924e-01
2.590479254722595215e-01;-3.859574720263481140e-02;-1.535963863134384155e-01
2.565893530845642090e-01;-1.967799663543701172e-01;-1.576782315969467163e-01
1.994099766016006470e-01;-5.516387224197387695e-01;6.349062919616699219e-02
2.333262413740158081e-01;4.966498017311096191e-01;1.160123348236083984e-01
-3.763421177864074707e-01;2.422880530357360840e-01;4.777458608150482178e-01
-2.063586115837097168e-01;-2.839383184909820557e-01;-5.098220705986022949e-01
2.589277923107147217e-01;2.090400159358978271e-01;-1.665555685758590698e-01
-9.486598521471023560e-02;1.443883627653121948e-01;3.853289783000946045e-01
2.494699507951736450e-01;4.436621665954589844e-01;1.491415798664093018e-01
-1.146568581461906433e-01;-3.698027729988098145e-01;3.885386288166046143e-01
-1.839025765657424927e-01;4.584266543388366699e-01;-5.097337961196899414e-01
1.703831255435943604e-01;-5.905781388282775879e-01;-6.171376258134841919e-02
2.191765904426574707e-01;-5.221710801124572754e-01;-1.372570544481277466e-01
2.520424127578735352e-01;-3.656706809997558594e-01;-1.750304698944091797e-01
2.470474541187286377e-01;5.250365138053894043e-01;1.551018208265304565e-01
-1.022322177886962891e-01;4.609786570072174072e-01;3.882966637611389160e-01
1.673439741134643555e-01;6.463256478309631348e-01;-6.873205304145812988e-02
-4.158932566642761230e-01;5.082640647888183594e-01;-5.637701153755187988e-01
2.700313329696655273e-01;1.461376845836639404e-01;1.931848526000976562e-01
1.999277323484420776e-01;6.635445952415466309e-01;8.448306471109390259e-02
2.219510823488235474e-01;6.012209653854370117e-01;-1.549978405237197876e-01
-1.395431458950042725e-01;-7.244203090667724609e-01;-4.657098948955535889e-01
-2.674641907215118408e-01;-7.278910279273986816e-01;-4.342493712902069092e-01
-3.894718736410140991e-02;-9.287112206220626831e-02;3.764035701751708984e-01
1.504015028476715088e-01;-6.798551678657531738e-01;-4.148456733673810959e-03
1.878442913293838501e-01;-6.536182165145874023e-01;-1.165127009153366089e-01
2.650878727436065674e-01;3.121607899665832520e-01;-2.056000232696533203e-01
2.563292980194091797e-01;-5.409828424453735352e-01;1.888110041618347168e-01
-2.539535164833068848e-01;7.440388798713684082e-01;3.745109140872955322e-01
1.474894732236862183e-01;7.264459133148193359e-01;7.835371419787406921e-03
1.944196969270706177e-01;-6.911603808403015137e-01;8.794954419136047363e-02
1.140118762850761414e-01;-7.646068334579467773e-01;-6.779054645448923111e-03
1.465292274951934814e-01;-7.191991209983825684e-01;-5.641137063503265381e-02
1.071844920516014099e-01;-7.627503275871276855e-01;-2.361531555652618408e-02
1.008881554007530212e-01;-7.623906135559082031e-01;1.573932357132434845e-02
9.105242043733596802e-02;-7.603198289871215820e-01;-1.375250611454248428e-02
1.167156100273132324e-01;7.872413992881774902e-01;-2.573489397764205933e-02
-1.878605484962463379e-01;7.503677010536193848e-01;-4.539470076560974121e-01
1.279360502958297729e-01;7.771015167236328125e-01;-2.826716564595699310e-02
6.135264411568641663e-02;7.773628234863281250e-01;3.496865183115005493e-02
1.442421376705169678e-01;-7.686397433280944824e-01;4.622316360473632812e-02
5.636147409677505493e-02;7.762934565544128418e-01;4.317591339349746704e-02
1.442653387784957886e-01;7.728231549263000488e-01;3.301411867141723633e-02
1.293284893035888672e-01;7.892518043518066406e-01;-3.589202463626861572e-02
2.037090510129928589e-01;-6.679231524467468262e-01;-1.511255204677581787e-01
2.290523424744606018e-02;-7.102757096290588379e-01;-5.097507834434509277e-01
-2.010512501001358032e-01;-7.266900539398193359e-01;3.880105614662170410e-01
-2.519369423389434814e-01;-7.176509499549865723e-01;-3.431529700756072998e-01
-1.962670981884002686e-01;7.530539631843566895e-01;-3.904186785221099854e-01
-3.537926971912384033e-01;-7.232088446617126465e-01;-4.830553233623504639e-01
1.860375106334686279e-01;7.158378958702087402e-01;-1.278202980756759644e-01
1.043748334050178528e-01;-7.602416872978210449e-01;-6.999867409467697144e-02
1.384082585573196411e-01;7.903275489807128906e-01;-4.528076201677322388e-02
1.248175799846649170e-01;-7.627324461936950684e-01;-7.806646823883056641e-02
1.345809847116470337e-01;7.888807058334350586e-01;7.696422189474105835e-02
4.881418868899345398e-02;7.745558023452758789e-01;-1.220883429050445557e-02
-1.495883166790008545e-01;6.978360414505004883e-01;-5.097575783729553223e-01
2.566137015819549561e-01;-5.890591144561767578e-01;2.001991271972656250e-01
-2.533614039421081543e-01;7.362264990806579590e-01;3.271111845970153809e-01
-6.846928596496582031e-02;-5.934303402900695801e-01;3.892098665237426758e-01
1.053289398550987244e-01;7.813313007354736328e-01;-9.156459569931030273e-02
1.696229130029678345e-01;-7.704796195030212402e-01;7.925114035606384277e-02
1.010523885488510132e-01;-7.588244080543518066e-01;-7.773841917514801025e-02
