-5.029919743537902832e-01;8.142437040805816650e-02;-3.911992311477661133e-01
-5.043147802352905273e-01;1.568234562873840332e-01;-3.882454633712768555e-01
-5.745229125022888184e-01;2.193969115614891052e-02;-3.416630029678344727e-01
-5.745177268981933594e-01;1.539760679006576538e-01;-4.236231148242950439e-01
-5.608374476432800293e-01;-2.021034061908721924e-02;-3.939316570758819580e-01
-5.745297074317932129e-01;5.466527864336967468e-02;-2.927302420139312744e-01
-5.745334625244140625e-01;1.752783954143524170e-01;-2.919000685214996338e-01
-4.469196796417236328e-01;4.060990735888481140e-02;-2.506655752658843994e-01
-5.745151042938232422e-01;-7.301123440265655518e-02;-4.236523509025573730e-01
-5.434490442276000977e-01;1.837784349918365479e-01;-2.491383552551269531e-01
8.136324286460876465e-01;4.321113526821136475e-01;-3.889500200748443604e-01
8.019317388534545898e-01;3.808665871620178223e-01;-3.749343156814575195e-01
8.261259794235229492e-01;3.783565461635589600e-01;-3.134306371212005615e-01
7.092311978340148926e-01;3.177510797977447510e-01;-3.305822312831878662e-01
8.249354958534240723e-01;4.057861268520355225e-01;-1.877303272485733032e-01
7.938798069953918457e-01;4.381094276905059814e-01;-1.374007165431976318e-01
5.991616845130920410e-01;2.103948593139648438e-01;-4.027747213840484619e-01
5.121620297431945801e-01;4.328908324241638184e-01;-2.724982202053070068e-01
7.338950037956237793e-01;4.371799230575561523e-01;-7.187423110008239746e-02
7.544257640838623047e-01;3.737482726573944092e-01;-5.780649185180664062e-02
1.049204990267753601e-01;2.370571345090866089e-01;3.963290154933929443e-01
7.868607342243194580e-02;1.583394110202789307e-01;3.203297853469848633e-01
6.863749772310256958e-02;2.135512381792068481e-01;2.821620702743530273e-01
4.239668697118759155e-02;3.180655241012573242e-01;2.986413538455963135e-01
2.468700408935546875e-01;3.612031936645507812e-01;3.565264046192169189e-01
2.515073418617248535e-01;3.837789893150329590e-01;3.785412907600402832e-01
2.775401175022125244e-01;1.192471310496330261e-01;3.637610673904418945e-01
1.449073255062103271e-01;2.407978028059005737e-01;1.878879219293594360e-01
2.046617716550827026e-01;1.200123131275177002e-02;3.570612668991088867e-01
3.337234258651733398e-03;2.554937303066253662e-01;1.691857427358627319e-01
-5.745139122009277344e-01;-4.171116650104522705e-01;3.254906237125396729e-01
-5.745728015899658203e-01;-4.247736334800720215e-01;2.655104696750640869e-01
-5.745792984962463379e-01;-3.281382620334625244e-01;2.886693179607391357e-01
-4.895050525665283203e-01;-4.248929321765899658e-01;2.391113638877868652e-01
-5.745896100997924805e-01;-4.246871471405029297e-01;1.198242306709289551e-01
-5.745816826820373535e-01;-2.169584333896636963e-01;2.580533325672149658e-01
-4.088686704635620117e-01;-2.865025103092193604e-01;3.788269758224487305e-01
-4.439698159694671631e-01;-2.462919652462005615e-01;2.493712306022644043e-01
-4.219488501548767090e-01;-2.800218760967254639e-01;4.301734268665313721e-01
-4.761217236518859863e-01;-2.081916332244873047e-01;3.586005568504333496e-01
-5.745687484741210938e-01;4.281943440437316895e-01;3.502833545207977295e-01
-5.745615959167480469e-01;4.270471334457397461e-01;3.524750173091888428e-01
-5.376880764961242676e-01;4.285860061645507812e-01;3.226554691791534424e-01
-5.502908825874328613e-01;3.564444482326507568e-01;3.056062757968902588e-01
-5.745789408683776855e-01;3.405489921569824219e-01;2.571042180061340332e-01
-5.745851993560791016e-01;3.005612790584564209e-01;3.674099147319793701e-01
-5.745542049407958984e-01;4.119781255722045898e-01;1.757181733846664429e-01
-5.745604634284973145e-01;4.282902777194976807e-01;1.352615952491760254e-01
-4.107908010482788086e-01;2.708037495613098145e-01;3.721593618392944336e-01
-3.354661762714385986e-01;3.991920351982116699e-01;3.788359165191650391e-01
2.880126610398292542e-02;4.286766946315765381e-01;-2.346938848495483398e-01
-2.907712757587432861e-02;3.514424562454223633e-01;-2.844893336296081543e-01
-9.460981190204620361e-02;3.537462353706359863e-01;-2.473394274711608887e-01
-1.111261099576950073e-01;4.286597371101379395e-01;-1.693212687969207764e-01
1.016803830862045288e-02;4.286989271640777588e-01;-4.780746996402740479e-02
-8.514155447483062744e-02;3.588749766349792480e-01;-8.773586153984069824e-02
2.204666286706924438e-01;4.288854002952575684e-01;-1.605412811040878296e-01
-1.774685829877853394e-01;3.182559609413146973e-01;-1.508428454399108887e-01
1.866441071033477783e-01;2.440025359392166138e-01;-1.113553419709205627e-01
2.407302111387252808e-01;2.433707714080810547e-01;-2.173111438751220703e-01
-5.745202898979187012e-01;-4.128651916980743408e-01;-1.930116564035415649e-01
-5.745313763618469238e-01;-4.016250669956207275e-01;-1.611200720071792603e-01
-5.745535492897033691e-01;-3.140704929828643799e-01;-1.558523327112197876e-01
-5.745535492897033691e-01;-3.140704929828643799e-01;-1.558523327112197876e-01
-5.745587348937988281e-01;-3.083894252777099609e-01;-1.363628506660461426e-01
-5.745192766189575195e-01;-3.801578879356384277e-01;-3.233197033405303955e-01
-4.190805554389953613e-01;-4.249346256256103516e-01;-1.810976862907409668e-01
-5.745713710784912109e-01;-3.866090476512908936e-01;-3.039906919002532959e-02
-4.115387201309204102e-01;-3.517840206623077393e-01;-1.336278170347213745e-01
-5.745822191238403320e-01;-3.987466990947723389e-01;-7.746547460556030273e-03
-5.745711326599121094e-01;4.172385856509208679e-02;6.325161457061767578e-02
-5.745670795440673828e-01;4.294734820723533630e-02;5.813688039779663086e-05
-5.745742321014404297e-01;-6.506551802158355713e-02;1.387492120265960693e-01
-5.745735764503479004e-01;-5.424760282039642334e-03;1.897489279508590698e-01
-5.745721459388732910e-01;-9.296217560768127441e-02;4.392579570412635803e-02
-5.298790335655212402e-01;-2.342947199940681458e-02;1.766435056924819946e-01
-5.745761990547180176e-01;1.515255123376846313e-01;1.623179614543914795e-01
-5.745755434036254883e-01;2.158306837081909180e-01;4.709247499704360962e-02
-5.745544433593750000e-01;5.190875753760337830e-02;-1.194440722465515137e-01
-5.745761990547180176e-01;-1.111865788698196411e-01;1.758662760257720947e-01
-1.971965283155441284e-01;2.797440886497497559e-01;8.330034464597702026e-02
-1.288514286279678345e-01;2.477299273014068604e-01;-1.186798512935638428e-02
-3.197601437568664551e-01;2.057671397924423218e-01;7.077621668577194214e-02
-2.540818750858306885e-01;3.503605127334594727e-01;-3.389185667037963867e-02
-1.007664278149604797e-01;3.936436176300048828e-01;1.178972721099853516e-01
-1.655365973711013794e-01;4.286294877529144287e-01;1.075307950377464294e-01
-1.679667681455612183e-01;2.929185926914215088e-01;2.425084710121154785e-01
-3.191803991794586182e-01;3.902665376663208008e-01;-2.240911871194839478e-02
-2.331900447607040405e-01;4.286480545997619629e-01;-4.697612673044204712e-02
-1.124739646911621094e-03;3.546380996704101562e-01;5.916809663176536560e-02
4.245735704898834229e-01;-4.261373281478881836e-01;-3.417424857616424561e-02
2.502875030040740967e-01;-3.909039497375488281e-01;-4.485763609409332275e-02
3.507583439350128174e-01;-4.255949854850769043e-01;-2.257410585880279541e-01
6.513838171958923340e-01;-4.302585124969482422e-01;4.282352328300476074e-02
3.856923580169677734e-01;-2.855814993381500244e-01;1.850898414850234985e-01
6.360101103782653809e-01;-4.319300055503845215e-01;-2.157751768827438354e-01
3.611648380756378174e-01;-1.458305716514587402e-01;-4.885910451412200928e-02
1.779273450374603271e-01;-3.135243654251098633e-01;-1.519871652126312256e-01
1.473183631896972656e-01;-3.488920629024505615e-01;1.051081866025924683e-01
1.246020495891571045e-01;-4.252551496028900146e-01;8.186656236648559570e-02
8.226127624511718750e-01;-5.117512773722410202e-03;1.050082370638847351e-01
7.488615512847900391e-01;6.998544186353683472e-02;1.389376223087310791e-01
7.877630591392517090e-01;-1.082038879394531250e-01;-3.137407451868057251e-02
8.292706608772277832e-01;-7.899076491594314575e-02;2.781797945499420166e-01
6.333729028701782227e-01;3.829684853553771973e-02;6.791732460260391235e-02
6.764846444129943848e-01;-1.401165574789047241e-01;1.314025372266769409e-01
7.855142354965209961e-01;2.223923802375793457e-01;1.034341156482696533e-01
8.262417912483215332e-01;-2.168735414743423462e-01;2.143219262361526489e-01
7.541040778160095215e-01;1.651979386806488037e-01;2.661040127277374268e-01
8.165733218193054199e-01;-9.516265988349914551e-02;-1.264695525169372559e-01
7.288061082363128662e-02;-3.917400538921356201e-01;8.363007754087448120e-02
1.246020644903182983e-01;-4.252551496028900146e-01;8.186656236648559570e-02
1.473183631896972656e-01;-3.488920629024505615e-01;1.051081866025924683e-01
-1.656104624271392822e-02;-3.916938602924346924e-01;1.595374196767807007e-02
-6.724007427692413330e-02;-4.249919950962066650e-01;8.992406725883483887e-02
8.078111708164215088e-02;-2.175246030092239380e-01;6.913065910339355469e-03
2.502875030040740967e-01;-3.909039497375488281e-01;-4.485762864351272583e-02
-1.150440424680709839e-01;-3.563358783721923828e-01;-5.396995693445205688e-02
6.573460251092910767e-02;-3.113586008548736572e-01;3.114187419414520264e-01
2.363037317991256714e-01;-2.784610390663146973e-01;2.486424148082733154e-01
-1.608041524887084961e-01;6.945726461708545685e-03;2.456441968679428101e-01
-1.370444744825363159e-01;5.194498226046562195e-04;1.346601098775863647e-01
-7.201394438743591309e-02;-1.486661564558744431e-02;3.226311802864074707e-01
-1.356327980756759644e-01;-1.050758063793182373e-01;2.812162041664123535e-01
-1.568330526351928711e-01;1.241572126746177673e-01;2.860241532325744629e-01
-2.709201574325561523e-01;2.455751411616802216e-03;1.596202552318572998e-01
-2.277634888887405396e-01;1.519544869661331177e-01;2.837922275066375732e-01
-7.922300696372985840e-02;-7.310723513364791870e-02;3.788745999336242676e-01
-2.065122276544570923e-01;-1.007147505879402161e-01;3.788756430149078369e-01
-3.358516693115234375e-01;-3.311005234718322754e-02;2.190037816762924194e-01
7.979171872138977051e-01;-2.356337904930114746e-01;3.282296955585479736e-01
8.306719660758972168e-01;-4.311577379703521729e-01;2.868757545948028564e-01
8.305354118347167969e-01;-4.312342703342437744e-01;2.868422865867614746e-01
8.269045948982238770e-01;-4.219783544540405273e-01;2.982503473758697510e-01
8.306189775466918945e-01;-4.312208890914916992e-01;2.868245840072631836e-01
7.643376588821411133e-01;-3.536408543586730957e-01;6.963615119457244873e-02
8.305168151855468750e-01;-4.311746954917907715e-01;2.868210077285766602e-01
7.041932344436645508e-01;-3.597382307052612305e-01;3.192726075649261475e-01
8.305327892303466797e-01;-4.311580359935760498e-01;2.869651615619659424e-01
8.305826187133789062e-01;-4.311808049678802490e-01;2.868686914443969727e-01
2.869770526885986328e-01;-3.914132118225097656e-01;-2.164239585399627686e-01
3.052269816398620605e-01;-2.984057664871215820e-01;-3.904667794704437256e-01
3.052321970462799072e-01;-2.984169721603393555e-01;-3.904630839824676514e-01
3.104710280895233154e-01;-3.016698658466339111e-01;-3.848984241485595703e-01
3.052228093147277832e-01;-2.983954250812530518e-01;-3.904600441455841064e-01
5.268433094024658203e-01;-1.880063712596893311e-01;-4.023666083812713623e-01
3.052489161491394043e-01;-2.984162569046020508e-01;-3.904526233673095703e-01
1.972742676734924316e-01;-1.222842633724212646e-01;-4.086714684963226318e-01
3.052189052104949951e-01;-2.984060347080230713e-01;-3.904643058776855469e-01
3.052191138267517090e-01;-2.984142005443572998e-01;-3.904778659343719482e-01
5.724831819534301758e-01;3.548141717910766602e-01;2.260519564151763916e-01
8.007022738456726074e-01;4.116705656051635742e-01;4.094205796718597412e-01
8.006327152252197266e-01;4.116412103176116943e-01;4.093952178955078125e-01
7.979893684387207031e-01;4.121082425117492676e-01;4.055021703243255615e-01
8.006857633590698242e-01;4.116439521312713623e-01;4.093909263610839844e-01
7.923455834388732910e-01;4.027078747749328613e-01;1.378674507141113281e-01
8.006352186203002930e-01;4.116566479206085205e-01;4.093870520591735840e-01
7.868018150329589844e-01;1.790700256824493408e-01;2.903237342834472656e-01
8.006541132926940918e-01;4.116769731044769287e-01;4.094375073909759521e-01
8.006578087806701660e-01;4.116531908512115479e-01;4.093958139419555664e-01
-1.246783435344696045e-01;1.414318382740020752e-02;9.181191027164459229e-02
-1.112607121467590332e-01;-1.420779228210449219e-01;-3.121055103838443756e-02
-1.113217324018478394e-01;-1.420903652906417847e-01;-3.121655620634555817e-02
-1.363055855035781860e-01;-1.155064851045608521e-01;1.241116002202033997e-01
-1.113017350435256958e-01;-1.421274840831756592e-01;-3.122673369944095612e-02
7.439576089382171631e-02;-1.940480023622512817e-01;-1.040342077612876892e-02
-1.113440319895744324e-01;-1.420915722846984863e-01;-3.125187009572982788e-02
-1.081313788890838623e-01;-1.127677559852600098e-01;-2.168787121772766113e-01
-1.112916097044944763e-01;-1.420916467905044556e-01;-3.118578903377056122e-02
-1.112867891788482666e-01;-1.421047747135162354e-01;-3.121529519557952881e-02
3.874382674694061279e-01;-1.558828912675380707e-02;1.899903118610382080e-01
4.719063639640808105e-01;2.586297318339347839e-02;7.154572010040283203e-02
4.717169702053070068e-01;2.577895671129226685e-02;7.150299102067947388e-02
3.984999060630798340e-01;1.692124158143997192e-01;-5.582741647958755493e-02
4.718241095542907715e-01;2.572859264910221100e-02;7.146286219358444214e-02
6.418097019195556641e-01;3.975401073694229126e-02;6.883204728364944458e-02
4.716535210609436035e-01;2.585090510547161102e-02;7.144388556480407715e-02
3.033625185489654541e-01;6.575600057840347290e-02;-3.520432859659194946e-02
4.717733263969421387e-01;2.584397420287132263e-02;7.164070755243301392e-02
4.718153178691864014e-01;2.581925690174102783e-02;7.153054326772689819e-02
7.670311331748962402e-01;-3.573929667472839355e-01;-6.157565116882324219e-02
8.026505708694458008e-01;-4.318124055862426758e-01;-2.533461749553680420e-01
8.024921417236328125e-01;-4.319074153900146484e-01;-2.533760964870452881e-01
8.033760786056518555e-01;-4.298310875892639160e-01;-2.557752132415771484e-01
8.025714159011840820e-01;-4.318892955780029297e-01;-2.533955574035644531e-01
6.995824575424194336e-01;-4.327518343925476074e-01;-3.764352500438690186e-01
8.024910092353820801e-01;-4.318424165248870850e-01;-2.533977925777435303e-01
6.179847121238708496e-01;-2.808777093887329102e-01;-2.827587127685546875e-01
8.024920821189880371e-01;-4.318252503871917725e-01;-2.532432079315185547e-01
8.025462031364440918e-01;-4.318535923957824707e-01;-2.533561587333679199e-01
3.556785881519317627e-01;-1.974463313817977905e-01;3.552063405513763428e-01
3.464948832988739014e-01;-3.704730272293090820e-01;4.296495616436004639e-01
3.465884029865264893e-01;-3.704172670841217041e-01;4.296788871288299561e-01
3.345914185047149658e-01;-4.276434183120727539e-01;3.165606856346130371e-01
3.465170264244079590e-01;-3.704506158828735352e-01;4.296938180923461914e-01
4.007112383842468262e-01;-2.828323543071746826e-01;1.922344714403152466e-01
3.465787768363952637e-01;-3.704663813114166260e-01;4.296701550483703613e-01
1.835685223340988159e-01;-2.851931750774383545e-01;2.551470398902893066e-01
3.466069102287292480e-01;-3.704896271228790283e-01;4.295926392078399658e-01
3.465679585933685303e-01;-3.704749345779418945e-01;4.296567142009735107e-01
-1.532147079706192017e-01;-9.778594970703125000e-02;3.388701081275939941e-01
-1.179368197917938232e-01;-3.528781831264495850e-01;3.657990396022796631e-01
-1.179958656430244446e-01;-3.529167771339416504e-01;3.657972514629364014e-01
-9.270703047513961792e-02;-4.102480113506317139e-01;1.309014260768890381e-01
-1.179746165871620178e-01;-3.529279828071594238e-01;3.657856881618499756e-01
5.522295087575912476e-02;-3.468855023384094238e-01;3.070494532585144043e-01
-1.180146485567092896e-01;-3.528891503810882568e-01;3.657774031162261963e-01
-2.529055476188659668e-01;-3.296410441398620605e-01;2.475268542766571045e-01
-1.179790943861007690e-01;-3.528973162174224854e-01;3.658360242843627930e-01
-1.179654374718666077e-01;-3.529032170772552490e-01;3.658023178577423096e-01
-1.067640930414199829e-01;-4.218500256538391113e-01;-2.764548659324645996e-01
-1.991890221834182739e-01;-4.249200522899627686e-01;-4.237305521965026855e-01
-1.992880553007125854e-01;-4.249703586101531982e-01;-4.237523674964904785e-01
-1.998318433761596680e-01;-4.235837161540985107e-01;-4.220076501369476318e-01
-1.992362439632415771e-01;-4.249655008316040039e-01;-4.237652122974395752e-01
-3.288444876670837402e-02;-3.255930542945861816e-01;-3.302360773086547852e-01
-1.992826163768768311e-01;-4.249382615089416504e-01;-4.237568974494934082e-01
-2.884669303894042969e-01;-2.134610861539840698e-01;-3.656885921955108643e-01
-1.992812901735305786e-01;-4.249224066734313965e-01;-4.236749112606048584e-01
-1.992570906877517700e-01;-4.249475896358489990e-01;-4.237484633922576904e-01
3.382056951522827148e-01;3.322153389453887939e-01;-3.311764001846313477e-01
3.127332031726837158e-01;1.518555134534835815e-01;-4.229740500450134277e-01
3.125880360603332520e-01;1.517857909202575684e-01;-4.230157434940338135e-01
2.387969493865966797e-01;-4.341867566108703613e-02;-4.037212133407592773e-01
3.126828074455261230e-01;1.517987400293350220e-01;-4.230335652828216553e-01
4.829224050045013428e-01;9.154905378818511963e-02;-3.618201017379760742e-01
3.125790953636169434e-01;1.518458575010299683e-01;-4.230222404003143311e-01
4.122195243835449219e-01;1.785189211368560791e-01;-1.914491951465606689e-01
3.125837743282318115e-01;1.518654078245162964e-01;-4.228863418102264404e-01
3.126321136951446533e-01;1.518380045890808105e-01;-4.229933321475982666e-01
-4.029296636581420898e-01;3.532506525516510010e-01;-9.843505918979644775e-03
-5.745630860328674316e-01;4.283045530319213867e-01;-7.865828275680541992e-02
-5.745426416397094727e-01;4.283272325992584229e-01;-7.865928113460540771e-02
-5.591405034065246582e-01;1.950886845588684082e-01;-7.916376739740371704e-02
-5.745588541030883789e-01;4.283404052257537842e-01;-7.864167541265487671e-02
-5.717687606811523438e-01;4.077762961387634277e-01;1.068663969635963440e-01
-5.745013952255249023e-01;4.282947480678558350e-01;-7.864663749933242798e-02
-5.683988928794860840e-01;4.029433131217956543e-01;-2.805002033710479736e-01
-5.745353102684020996e-01;4.283148348331451416e-01;-7.868713140487670898e-02
-5.745533704757690430e-01;4.283044040203094482e-01;-7.867050915956497192e-02
7.347010970115661621e-01;-6.177256628870964050e-02;-1.866198778152465820e-01
6.820132136344909668e-01;-4.777198284864425659e-02;-3.351267874240875244e-01
6.818363070487976074e-01;-4.783173650503158569e-02;-3.351754844188690186e-01
5.595661997795104980e-01;-1.618773341178894043e-01;-3.499484360218048096e-01
6.819388866424560547e-01;-4.784248024225234985e-02;-3.351950645446777344e-01
8.098328113555908203e-01;4.611064866185188293e-02;-3.500331044197082520e-01
6.818482279777526855e-01;-4.780433699488639832e-02;-3.352014124393463135e-01
5.506394505500793457e-01;4.424253478646278381e-02;-3.629905283451080322e-01
6.818947196006774902e-01;-4.777116328477859497e-02;-3.350641727447509766e-01
6.819068789482116699e-01;-4.782399162650108337e-02;-3.351740241050720215e-01
5.542418360710144043e-01;3.437728285789489746e-01;1.891016513109207153e-01
5.088868141174316406e-01;4.304647147655487061e-01;5.745613574981689453e-02
5.088863968849182129e-01;4.304543733596801758e-01;5.745289102196693420e-02
5.367801189422607422e-01;3.327846229076385498e-01;-1.309551894664764404e-01
5.088869929313659668e-01;4.304539263248443604e-01;5.744773522019386292e-02
7.489846944808959961e-01;4.053885638713836670e-01;7.138941437005996704e-03
5.088825821876525879e-01;4.304649829864501953e-01;5.745778977870941162e-02
2.935158312320709229e-01;3.373745083808898926e-01;1.223072111606597900e-01
5.088829398155212402e-01;4.304589033126831055e-01;5.746351182460784912e-02
5.088888406753540039e-01;4.304640293121337891e-01;5.745429545640945435e-02
-5.679479837417602539e-01;1.748762726783752441e-01;3.608154952526092529e-01
-5.169217586517333984e-01;6.848488748073577881e-02;4.301555156707763672e-01
-5.171561837196350098e-01;6.836701184511184692e-02;4.301041960716247559e-01
-5.758652091026306152e-01;-4.116769880056381226e-02;3.883412182331085205e-01
-5.170181989669799805e-01;6.836167722940444946e-02;4.300612509250640869e-01
-4.769310951232910156e-01;6.788256764411926270e-02;3.691765069961547852e-01
-5.171944499015808105e-01;6.845653802156448364e-02;4.300609230995178223e-01
-5.831824541091918945e-01;7.452721893787384033e-02;3.523201644420623779e-01
-5.171372890472412109e-01;6.847643107175827026e-02;4.302827119827270508e-01
-5.170740485191345215e-01;6.843853741884231567e-02;4.301395714282989502e-01
-2.175412625074386597e-01;3.088588714599609375e-01;-3.743270635604858398e-01
-4.086965322494506836e-01;4.287238717079162598e-01;-4.236801862716674805e-01
-4.092110693454742432e-01;4.284729957580566406e-01;-4.238068461418151855e-01
-5.499491095542907715e-01;2.349360287189483643e-01;-3.698337972164154053e-01
-4.089035093784332275e-01;4.284651279449462891e-01;-4.238858520984649658e-01
-2.672614455223083496e-01;2.154148519039154053e-01;-3.886985480785369873e-01
-4.092682898044586182e-01;4.286630451679229736e-01;-4.238919615745544434e-01
-5.601565837860107422e-01;3.835102915763854980e-01;-3.720379471778869629e-01
-4.091569483280181885e-01;4.287138283252716064e-01;-4.233979582786560059e-01
-4.090133011341094971e-01;4.286243915557861328e-01;-4.237248599529266357e-01
-2.730714082717895508e-01;-3.472514152526855469e-01;2.332955598831176758e-01
-2.981571555137634277e-01;-4.249360859394073486e-01;4.722719639539718628e-02
-2.981751263141632080e-01;-4.249309003353118896e-01;4.721911624073982239e-02
-1.522481888532638550e-01;-4.211821854114532471e-01;1.081875264644622803e-01
-2.981733679771423340e-01;-4.249382019042968750e-01;4.723224043846130371e-02
-1.588314622640609741e-01;-3.710089623928070068e-01;-6.952358782291412354e-02
-2.981535792350769043e-01;-4.249496459960937500e-01;4.721916466951370239e-02
-4.902531504631042480e-01;-3.598113656044006348e-01;-1.050348952412605286e-02
-2.981472313404083252e-01;-4.249403476715087891e-01;4.721664637327194214e-02
-2.981652915477752686e-01;-4.249593615531921387e-01;4.720319807529449463e-02
1.143813207745552063e-01;1.739907562732696533e-01;-1.246064081788063049e-01
2.408161386847496033e-02;9.466949105262756348e-02;-2.301405072212219238e-01
2.404565550386905670e-02;9.462144970893859863e-02;-2.301388084888458252e-01
-4.771293699741363525e-02;-2.130754292011260986e-02;-2.878526747226715088e-01
2.405552193522453308e-02;9.465418756008148193e-02;-2.301531434059143066e-01
2.199866473674774170e-01;2.031731307506561279e-01;-1.447680294513702393e-01
2.404641360044479370e-02;9.465457499027252197e-02;-2.301490455865859985e-01
-7.726500928401947021e-02;2.857082188129425049e-01;-2.588085234165191650e-01
2.402777783572673798e-02;9.466034919023513794e-02;-2.301086932420730591e-01
2.404934912919998169e-02;9.465602785348892212e-02;-2.301403284072875977e-01
3.882896304130554199e-01;1.088894456624984741e-01;3.671389520168304443e-01
3.555855751037597656e-01;-3.685683012008666992e-02;3.773654699325561523e-01
3.555319905281066895e-01;-3.688207268714904785e-02;3.773552179336547852e-01
3.762204349040985107e-01;-1.651276648044586182e-01;3.536788523197174072e-01
3.555586934089660645e-01;-3.687398135662078857e-02;3.773501217365264893e-01
3.774687647819519043e-01;1.975409686565399170e-03;2.274068742990493774e-01
3.555374443531036377e-01;-3.686778247356414795e-02;3.773534297943115234e-01
2.413640916347503662e-01;-7.633307576179504395e-02;3.711867928504943848e-01
3.555353283882141113e-01;-3.685842826962471008e-02;3.773882687091827393e-01
3.555441796779632568e-01;-3.687329590320587158e-02;3.773568868637084961e-01
5.621563792228698730e-01;3.469512462615966797e-01;-1.462548971176147461e-01
5.122295022010803223e-01;4.329015314579010010e-01;-2.725205421447753906e-01
5.121008157730102539e-01;4.328320920467376709e-01;-2.725663781166076660e-01
4.090521931648254395e-01;3.323324024677276611e-01;-3.535370826721191406e-01
5.121895074844360352e-01;4.328299462795257568e-01;-2.725892066955566406e-01
7.239021062850952148e-01;3.407975435256958008e-01;-3.280888795852661133e-01
5.120760798454284668e-01;4.328884184360504150e-01;-2.725844085216522217e-01
3.517892360687255859e-01;4.140686392784118652e-01;-2.593583166599273682e-01
5.121105909347534180e-01;4.329022169113159180e-01;-2.724412679672241211e-01
5.121542215347290039e-01;4.328823089599609375e-01;-2.725348472595214844e-01
