-4.584389626979827881e-01;2.712593227624893188e-02;-4.021988213062286377e-01
7.736948728561401367e-01;1.218469142913818359e-01;-2.909949421882629395e-01
-3.470758199691772461e-01;1.058563664555549622e-01;3.358067572116851807e-01
3.786917328834533691e-01;2.469855733215808868e-02;1.960797458887100220e-01
5.446128249168395996e-01;2.347303330898284912e-01;1.290493905544281006e-01
-6.575271487236022949e-01;-3.297819495201110840e-01;2.370980195701122284e-02
-7.002175450325012207e-01;4.069160223007202148e-01;2.744206488132476807e-01
2.445069700479507446e-01;2.170759737491607666e-01;-2.345357239246368408e-01
3.708743155002593994e-01;-3.575315698981285095e-02;1.554480344057083130e-01
-7.900010794401168823e-02;2.568343579769134521e-01;-3.665795028209686279e-01
7.105117291212081909e-02;9.100072085857391357e-02;-2.195535600185394287e-01
-4.232999403029680252e-03;-1.609026337973773479e-03;2.685782611370086670e-01
-6.926519274711608887e-01;-1.773143708705902100e-01;2.054822444915771484e-01
7.704612612724304199e-01;3.929217755794525146e-01;2.659874260425567627e-01
4.990771114826202393e-01;-1.388980299234390259e-01;-3.246243000030517578e-01
-4.459483921527862549e-01;-2.040845751762390137e-01;8.173848688602447510e-02
-1.679247766733169556e-01;3.387750685214996338e-01;6.612280011177062988e-02
-1.773513108491897583e-01;7.483431696891784668e-02;-2.027970701456069946e-01
-3.307492733001708984e-01;-1.871835142374038696e-01;-2.304392307996749878e-01
7.553921341896057129e-01;-1.349835097789764404e-01;9.960224479436874390e-02
1.721596270799636841e-01;-4.006966650485992432e-01;1.366664171218872070e-01
5.943211317062377930e-01;-2.657051682472229004e-01;-2.802670300006866455e-01
4.428428784012794495e-02;1.717699021100997925e-01;1.456040292978286743e-01
1.485759615898132324e-01;1.517550647258758545e-01;-1.968647688627243042e-01
3.088974058628082275e-01;-2.314004674553871155e-02;-2.388430237770080566e-01
-5.088510513305664062e-01;1.464287638664245605e-01;2.679323554039001465e-01
7.723067402839660645e-01;-2.656402289867401123e-01;2.680006027221679688e-01
7.558479160070419312e-02;4.071280658245086670e-01;1.431102603673934937e-01
-1.302902400493621826e-01;-2.993420362472534180e-01;2.534134984016418457e-01
-1.825658082962036133e-01;1.453423202037811279e-01;1.961851865053176880e-01
-5.789204239845275879e-01;-2.935481816530227661e-02;1.705927550792694092e-01
-6.351835280656814575e-02;-1.396567523479461670e-01;-2.269662618637084961e-01
5.572523474693298340e-01;1.188516467809677124e-01;-3.217058777809143066e-01
1.283140629529953003e-01;1.919885277748107910e-01;3.730882406234741211e-01
1.067287027835845947e-01;-2.612789571285247803e-01;-2.284337580204010010e-01
7.297347187995910645e-01;1.795735657215118408e-01;2.368622869253158569e-01
4.618262052536010742e-01;8.745940774679183960e-02;3.343612253665924072e-01
-4.369000717997550964e-02;-2.993634939193725586e-01;-1.500351428985595703e-01
-5.494616031646728516e-01;-5.201966315507888794e-02;-3.710180222988128662e-01
-6.242126226425170898e-01;3.874328732490539551e-02;-2.843753993511199951e-01
5.661744475364685059e-01;-2.280883938074111938e-01;-2.626534402370452881e-01
-2.637478709220886230e-01;2.569306269288063049e-02;8.230236917734146118e-02
-3.966291546821594238e-01;-1.082547158002853394e-01;2.362677305936813354e-01
5.505437254905700684e-01;3.400336802005767822e-01;1.306549310684204102e-01
3.811248242855072021e-01;-1.204597502946853638e-01;3.742790520191192627e-01
-9.362258948385715485e-03;-3.301066458225250244e-01;-2.976611852645874023e-01
-3.436337038874626160e-02;-2.582931816577911377e-01;1.418030858039855957e-01
-8.107772469520568848e-02;2.018347615376114845e-03;1.257303953170776367e-01
-2.381187677383422852e-01;-2.616184055805206299e-01;1.952571272850036621e-01
-5.851422548294067383e-01;2.010068893432617188e-01;1.298691052943468094e-02
3.441461324691772461e-01;3.340488672256469727e-01;1.302347481250762939e-01
-6.548127532005310059e-01;3.407042920589447021e-01;-2.524732947349548340e-01
8.723432570695877075e-02;-1.976259350776672363e-01;-3.343063592910766602e-01
4.426047801971435547e-01;3.754364252090454102e-01;-2.224771976470947266e-01
-5.418856143951416016e-01;3.385956883430480957e-01;3.059968352317810059e-01
7.142655849456787109e-01;-1.396396607160568237e-01;-1.098271012306213379e-01
-4.352920055389404297e-01;-3.594146966934204102e-01;-3.550193905830383301e-01
3.907801210880279541e-01;-4.007304012775421143e-01;3.726337254047393799e-01
7.655001282691955566e-01;9.904307872056961060e-02;1.127903535962104797e-01
-2.259127944707870483e-01;1.994026899337768555e-01;9.981120377779006958e-02
-7.302953600883483887e-01;-9.223420172929763794e-02;3.385506570339202881e-01
-3.463508794084191322e-03;2.661460936069488525e-01;-1.894530355930328369e-01
-5.735021829605102539e-01;-2.336378991603851318e-01;-1.284739524126052856e-01
3.187397718429565430e-01;-3.694341480731964111e-01;-4.090939462184906006e-02
-4.639013409614562988e-01;3.404020071029663086e-01;-3.085925877094268799e-01
-3.328594267368316650e-01;1.148351728916168213e-01;-1.387184858322143555e-01
3.812981247901916504e-01;2.239412218332290649e-01;-3.356327712535858154e-01
2.426282316446304321e-01;-9.985925257205963135e-02;-2.339983917772769928e-02
-4.124626144766807556e-02;-8.806257694959640503e-02;2.642583250999450684e-01
2.264332473278045654e-01;2.330303192138671875e-01;-3.830478340387344360e-02
1.708455234766006470e-01;-2.631321735680103302e-02;8.456932008266448975e-02
6.943647861480712891e-01;2.829313091933727264e-02;-2.802499532699584961e-01
-1.275045126676559448e-01;3.740733861923217773e-01;1.778801083564758301e-01
-7.600245475769042969e-01;-3.800597190856933594e-01;2.550111711025238037e-01
4.544381797313690186e-01;1.353282183408737183e-01;-1.935354173183441162e-01
-1.657280921936035156e-01;3.020987808704376221e-01;1.926791220903396606e-01
7.512326836585998535e-01;-1.962308883666992188e-01;-3.120270930230617523e-02
6.071539521217346191e-01;3.767782449722290039e-01;2.731883227825164795e-01
-1.512169837951660156e-01;-1.202422194182872772e-02;-4.356652870774269104e-02
-3.615235984325408936e-01;-3.664790987968444824e-01;-1.138340234756469727e-01
-7.007878422737121582e-01;-3.037856221199035645e-01;-3.662701845169067383e-01
-4.761497080326080322e-01;9.448243305087089539e-03;1.320253759622573853e-01
1.178288832306861877e-01;-1.509808450937271118e-01;-1.208865866065025330e-01
6.044432520866394043e-01;-7.817971706390380859e-02;-3.487981259822845459e-01
6.816521286964416504e-01;1.828187853097915649e-01;8.770543150603771210e-03
-1.048861443996429443e-01;2.365202903747558594e-01;-4.681083932518959045e-02
-3.793743997812271118e-02;-3.376640677452087402e-01;3.745884895324707031e-01
-7.292560338973999023e-01;-7.827186584472656250e-02;2.599837481975555420e-01
5.771466493606567383e-01;1.027776747941970825e-01;2.472729086875915527e-01
7.737280130386352539e-01;-1.001309901475906372e-01;2.701134979724884033e-01
3.858694732189178467e-01;1.357601135969161987e-01;3.373623192310333252e-01
-2.324939519166946411e-01;1.435428671538829803e-02;1.817029416561126709e-01
-1.786549985408782959e-01;-1.204600855708122253e-01;-2.163842916488647461e-01
7.581889629364013672e-01;3.534182906150817871e-01;-5.725880339741706848e-02
6.368757784366607666e-02;3.364700973033905029e-01;2.677578628063201904e-01
-3.158676326274871826e-01;8.755299448966979980e-02;-2.345580309629440308e-01
3.640075027942657471e-01;1.049843281507492065e-01;-3.320869430899620056e-02
-3.503502607345581055e-01;-2.633910477161407471e-01;4.056020379066467285e-01
3.081580698490142822e-01;-2.958256006240844727e-01;-3.443163633346557617e-01
-1.405528336763381958e-01;3.021559417247772217e-01;-1.804905980825424194e-01
-4.608827829360961914e-01;4.613632336258888245e-02;3.731368482112884521e-01
4.437370300292968750e-01;-1.669110506772994995e-01;1.947188973426818848e-01
7.010039091110229492e-01;-3.327528536319732666e-01;6.662847846746444702e-02
1.707362011075019836e-02;-1.061094850301742554e-01;-1.800941489636898041e-02
-1.350553333759307861e-01;1.369665265083312988e-01;3.018940985202789307e-01
-3.446148931980133057e-01;2.005035281181335449e-01;2.987797260284423828e-01
-5.278777480125427246e-01;-4.913185723125934601e-03;-2.758957743644714355e-01
-4.505186378955841064e-01;-1.584747135639190674e-01;-3.005208075046539307e-01
3.000776171684265137e-01;-2.655931413173675537e-01;2.606667876243591309e-01
-2.677126526832580566e-01;3.754541873931884766e-01;1.157693285495042801e-02
-4.625251591205596924e-01;1.996940076351165771e-01;-1.836285591125488281e-01
-7.975141406059265137e-01;-8.019787818193435669e-02;3.781870305538177490e-01
-3.289182782173156738e-01;-3.331205844879150391e-01;-3.180301561951637268e-02
7.737791538238525391e-01;1.304197609424591064e-01;3.235337436199188232e-01
7.574014663696289062e-01;2.799531817436218262e-01;1.455722302198410034e-01
5.935785174369812012e-01;3.369726836681365967e-01;-1.301769912242889404e-01
4.443393051624298096e-01;8.664187788963317871e-02;1.899126358330249786e-02
3.771778345108032227e-01;-1.612835824489593506e-01;-1.970127075910568237e-01
2.994972467422485352e-01;-2.792006731033325195e-02;3.370756804943084717e-01
1.628844439983367920e-01;2.217762768268585205e-01;3.014680445194244385e-01
-7.592251300811767578e-01;-1.807371675968170166e-01;5.125270038843154907e-02
-6.868006587028503418e-01;7.290569692850112915e-02;-1.468158662319183350e-01
2.999208271503448486e-01;-3.013882935047149658e-01;-1.210292726755142212e-01
2.522101998329162598e-01;-7.633846253156661987e-02;-4.024049639701843262e-01
8.904299139976501465e-02;2.277104705572128296e-01;1.043219789862632751e-01
-4.016740322113037109e-01;-1.954721063375473022e-01;3.378971815109252930e-01
1.136306971311569214e-01;-3.309828341007232666e-01;3.065629899501800537e-01
1.308739781379699707e-01;-1.063132658600807190e-01;-2.554775178432464600e-01
-7.721604108810424805e-01;3.755609095096588135e-01;8.978945016860961914e-02
4.234370887279510498e-01;3.368385136127471924e-01;-3.006522357463836670e-01
-5.672610402107238770e-01;-1.781714260578155518e-01;1.629919931292533875e-02
6.778700947761535645e-01;1.782801188528537750e-02;-1.314105242490768433e-01
3.385142982006072998e-01;3.403403460979461670e-01;2.481728345155715942e-01
6.105552911758422852e-01;-7.358184456825256348e-02;3.213213384151458740e-01
-7.283428311347961426e-01;8.942577987909317017e-02;1.370418071746826172e-01
-6.169362664222717285e-01;-2.083772979676723480e-02;3.743939399719238281e-01
7.650379538536071777e-01;3.315053880214691162e-01;-1.638491749763488770e-01
-7.615912556648254395e-01;-2.988508045673370361e-01;-1.777579933404922485e-01
5.464242100715637207e-01;-3.338347077369689941e-01;-1.613949537277221680e-01
-5.947095751762390137e-01;1.995359957218170166e-01;3.028770089149475098e-01
4.156137704849243164e-01;1.715009659528732300e-01;-3.627777472138404846e-02
-7.604959011077880859e-01;2.131843417882919312e-01;-1.444531828165054321e-01
-6.512436270713806152e-01;-3.007267415523529053e-01;-1.465920656919479370e-01
1.477879285812377930e-01;1.353079676628112793e-01;2.643595635890960693e-01
-5.227758288383483887e-01;3.067994117736816406e-01;2.405401021242141724e-01
2.171763032674789429e-01;-1.839755102992057800e-02;9.828166663646697998e-02
-3.355049788951873779e-01;1.030165925621986389e-01;-7.014235109090805054e-02
8.603399246931076050e-02;3.387279808521270752e-01;5.507958307862281799e-02
-6.614323854446411133e-01;1.767184734344482422e-01;-3.358882665634155273e-01
7.282860279083251953e-01;3.444024622440338135e-01;-3.831877708435058594e-01
2.466079965233802795e-02;-2.949433624744415283e-01;-2.938311398029327393e-01
-7.652929425239562988e-01;-7.713330537080764771e-02;1.490264087915420532e-01
-1.547549366950988770e-01;1.593988537788391113e-01;-2.188566327095031738e-01
-2.668999135494232178e-01;-1.277920603752136230e-01;-1.151161640882492065e-01
-4.561969339847564697e-01;1.571710854768753052e-01;-4.788109287619590759e-02
3.820620775222778320e-01;2.095458060503005981e-01;1.957135051488876343e-01
7.408148646354675293e-01;-3.705613687634468079e-02;-3.430618941783905029e-01
-5.942303538322448730e-01;-3.082665801048278809e-01;-4.020287692546844482e-01
-6.113104820251464844e-01;-3.462134003639221191e-01;2.455435246229171753e-01
3.706818521022796631e-01;-1.980547606945037842e-01;3.331450819969177246e-01
2.841272354125976562e-01;1.890632212162017822e-01;-1.071890294551849365e-01
2.275959253311157227e-01;-2.594074010848999023e-01;8.283705264329910278e-02
-6.028174757957458496e-01;-9.467761963605880737e-02;5.248663574457168579e-02
-5.980166792869567871e-01;2.828914225101470947e-01;9.003294259309768677e-02
6.125959753990173340e-01;6.068254634737968445e-02;5.051075667142868042e-02
-1.896413415670394897e-01;8.644618093967437744e-02;-3.047047555446624756e-01
4.253546595573425293e-01;-2.037895023822784424e-01;-6.104857474565505981e-02
7.685043215751647949e-01;1.522763371467590332e-01;1.549483090639114380e-01
-4.877640306949615479e-01;1.800500601530075073e-01;-3.648054003715515137e-01
2.220919579267501831e-01;1.981060355901718140e-01;1.323889493942260742e-01
4.341122806072235107e-01;6.889031082391738892e-02;-1.734764128923416138e-01
-2.846272885799407959e-01;-5.047400668263435364e-02;2.752364873886108398e-01
-1.744032651185989380e-01;4.492177814245223999e-02;2.300725132226943970e-01
7.738789916038513184e-01;-3.899926841259002686e-01;3.739558756351470947e-01
1.228423416614532471e-01;-2.229178100824356079e-01;-3.562553972005844116e-02
-4.761400166898965836e-03;-8.496301621198654175e-02;6.763742119073867798e-02
-1.443530768156051636e-01;3.394214808940887451e-01;1.002858132123947144e-01
4.049468934535980225e-01;-2.316332012414932251e-01;1.932219564914703369e-01
-2.667259238660335541e-02;3.386758267879486084e-01;3.804540634155273438e-02
2.407878786325454712e-01;6.793242692947387695e-02;2.337507009506225586e-01
-7.476441860198974609e-01;-4.009724557399749756e-01;-1.936822533607482910e-01
9.058370254933834076e-03;3.565778955817222595e-02;-2.647993266582489014e-01
1.495872288942337036e-01;1.733345240354537964e-01;2.049856446683406830e-02
-4.054031670093536377e-01;1.896628439426422119e-01;1.707364171743392944e-01
4.147049486637115479e-01;4.290304332971572876e-02;2.572520077228546143e-01
-2.638799371197819710e-03;-2.853349409997463226e-02;3.346973955631256104e-01
-2.215530164539813995e-02;2.988395094871520996e-01;-2.501763999462127686e-01
-5.877238512039184570e-01;-1.110332682728767395e-01;2.614810764789581299e-01
-2.254647463560104370e-01;-2.203002423048019409e-01;-2.977964580059051514e-01
5.855591893196105957e-01;6.196023523807525635e-02;2.615736424922943115e-01
-4.251081943511962891e-01;9.929079562425613403e-02;-3.034517765045166016e-01
3.267571628093719482e-01;3.402812480926513672e-01;-2.008153796195983887e-01
-1.880534291267395020e-01;2.263331562280654907e-01;2.706630229949951172e-01
-3.005684725940227509e-02;-1.976631134748458862e-01;-3.342499136924743652e-01
5.826201289892196655e-02;-2.905041575431823730e-01;2.302112244069576263e-02
-7.286778092384338379e-01;-8.999763429164886475e-02;-1.265399307012557983e-01
7.495648264884948730e-01;3.110149204730987549e-01;-2.292098104953765869e-01
-3.584782779216766357e-01;-2.611203491687774658e-01;2.162453532218933105e-01
7.733722329139709473e-01;-2.200232893228530884e-01;3.128376603126525879e-01
3.138019144535064697e-02;3.035326004028320312e-01;-3.349481150507926941e-02
7.564970254898071289e-01;4.145641624927520752e-01;-5.643406510353088379e-02
-2.546907365322113037e-01;-9.655030816793441772e-02;-4.023186266422271729e-01
7.425175905227661133e-01;-3.744760155677795410e-01;2.912222445011138916e-01
-9.705054014921188354e-02;-4.006418883800506592e-01;-2.777354121208190918e-01
7.655840516090393066e-01;1.996583044528961182e-01;2.898268997669219971e-01
-8.417638540267944336e-01;5.799970403313636780e-02;2.905649831518530846e-03
5.272647142410278320e-01;-1.996546685695648193e-01;-3.835864663124084473e-01
-8.416030406951904297e-01;-1.945616006851196289e-01;3.264400362968444824e-01
-2.645545899868011475e-01;-4.004831612110137939e-01;2.315304279327392578e-01
3.434152305126190186e-01;4.073148369789123535e-01;-2.851297259330749512e-01
1.190880686044692993e-01;4.070476889610290527e-01;-2.169552743434906006e-01
-8.416996598243713379e-01;-3.869674205780029297e-01;-2.888927757740020752e-01
-2.829890139400959015e-02;-4.004813432693481445e-01;1.604657173156738281e-01
2.866136729717254639e-01;3.647907376289367676e-01;3.560962677001953125e-01
7.703112959861755371e-01;2.099297195672988892e-01;1.945783346891403198e-01
-7.850773334503173828e-01;4.068329334259033203e-01;3.086518310010433197e-02
-8.265133500099182129e-01;-4.006315767765045166e-01;2.543583810329437256e-01
7.719848155975341797e-01;-2.413470298051834106e-01;2.416012585163116455e-01
7.697715163230895996e-01;-1.125716567039489746e-01;-1.595397293567657471e-01
-4.737226665019989014e-01;-4.006449282169342041e-01;4.769135266542434692e-02
-8.417197465896606445e-01;-3.920178413391113281e-01;-1.713432371616363525e-01
7.739528417587280273e-01;4.093078374862670898e-01;-3.743079900741577148e-01
-8.416557908058166504e-01;1.022959500551223755e-01;3.569833934307098389e-01
7.569874525070190430e-01;4.137749075889587402e-01;2.479425221681594849e-01
-5.685084685683250427e-02;4.069881737232208252e-01;-1.619133353233337402e-01
-8.418276906013488770e-01;-1.587183475494384766e-01;-2.910540401935577393e-01
3.851997554302215576e-01;-3.313172608613967896e-02;3.551588952541351318e-01
6.202157139778137207e-01;-4.055546522140502930e-01;-3.584152758121490479e-01
-1.873507499694824219e-01;1.163726225495338440e-01;-4.024150967597961426e-01
-4.861859977245330811e-01;4.069907367229461670e-01;3.568282723426818848e-01
-7.066336274147033691e-01;2.724817767739295959e-02;3.569736480712890625e-01
4.518202692270278931e-02;-4.006671011447906494e-01;-1.131325662136077881e-01
2.565252780914306641e-01;4.072563052177429199e-01;-1.535528451204299927e-01
-6.202132105827331543e-01;1.339789181947708130e-01;3.569021522998809814e-01
-1.334228068590164185e-01;-1.695316284894943237e-01;-4.023937582969665527e-01
-3.645958900451660156e-01;-2.708324193954467773e-01;3.570214807987213135e-01
3.074268996715545654e-01;-9.217092767357826233e-03;-4.023080468177795410e-01
2.919189631938934326e-01;-6.904184818267822266e-02;3.558602631092071533e-01
-8.418777585029602051e-01;7.749450206756591797e-02;-2.923905849456787109e-01
-1.648500263690948486e-01;-3.906267583370208740e-01;-4.023517966270446777e-01
-8.417215943336486816e-01;-1.797979325056076050e-01;-2.039228752255439758e-02
7.610658407211303711e-01;4.172060787677764893e-01;-1.615368872880935669e-01
7.062361836433410645e-01;-4.064420163631439209e-01;-6.989257037639617920e-02
7.563169002532958984e-01;4.134922027587890625e-01;-2.326319366693496704e-02
-1.741807907819747925e-01;-4.005507230758666992e-01;7.951289415359497070e-02
7.591691613197326660e-01;-2.861374616622924805e-01;5.099388211965560913e-02
2.194320857524871826e-01;-1.269320845603942871e-01;-4.024526774883270264e-01
-7.465756535530090332e-01;4.067758619785308838e-01;-2.794654071331024170e-01
4.782970547676086426e-01;-2.293237745761871338e-01;3.101485073566436768e-01
5.425499081611633301e-01;4.087151587009429932e-01;3.659117035567760468e-03
-1.632969826459884644e-01;-3.868890106678009033e-01;-4.023534357547760010e-01
-2.548102736473083496e-01;-4.006766080856323242e-01;-1.884225010871887207e-01
-5.129845067858695984e-02;4.070602953433990479e-01;3.167787492275238037e-01
-2.989222109317779541e-01;3.701523840427398682e-01;3.567506074905395508e-01
-2.321585714817047119e-01;-3.885628655552864075e-02;-4.023460447788238525e-01
6.614665389060974121e-01;-4.043533802032470703e-01;4.161868244409561157e-02
-5.933012366294860840e-01;-4.006457328796386719e-01;1.193176507949829102e-01
7.702261805534362793e-01;-4.062631130218505859e-01;2.596847116947174072e-01
7.417832016944885254e-01;-4.042572677135467529e-01;-3.296596109867095947e-01
-6.907137036323547363e-01;-6.440369039773941040e-02;-4.020161628723144531e-01
-6.688218712806701660e-01;4.068448841571807861e-01;-8.522309362888336182e-02
3.500900566577911377e-01;-4.007095098495483398e-01;3.233582973480224609e-01
7.613669037818908691e-01;3.565005362033843994e-01;1.264613121747970581e-01
-6.044468283653259277e-01;2.801206111907958984e-01;3.568363189697265625e-01
7.707159519195556641e-01;-4.057806730270385742e-01;-2.665037214756011963e-01
-1.800802201032638550e-01;4.070026278495788574e-01;2.999823540449142456e-02
7.737965583801269531e-01;-1.247508600354194641e-01;3.007469177246093750e-01
-1.924196779727935791e-01;-4.005751609802246094e-01;4.089879244565963745e-02
-6.012595295906066895e-01;4.067913889884948730e-01;-4.021849334239959717e-01
6.602558493614196777e-01;-2.324970960617065430e-01;2.916249930858612061e-01
1.797739788889884949e-02;4.070635735988616943e-01;-4.922230914235115051e-02
-4.143409729003906250e-01;-4.005432128906250000e-01;2.249302566051483154e-01
3.801042735576629639e-01;-4.010305404663085938e-01;-2.149029970169067383e-01
-8.417213559150695801e-01;1.115436851978302002e-01;1.567750722169876099e-01
-1.405417323112487793e-01;-1.320412307977676392e-01;3.568891584873199463e-01
7.737892866134643555e-01;6.020992621779441833e-02;-3.831833600997924805e-01
7.645545601844787598e-01;1.218821853399276733e-02;9.779050946235656738e-02
4.720070660114288330e-01;4.080160558223724365e-01;-2.490048110485076904e-01
1.547193825244903564e-01;-4.006624817848205566e-01;1.213073357939720154e-01
4.105719327926635742e-01;1.325839310884475708e-01;-4.019257426261901855e-01
-7.147424221038818359e-01;4.069256782531738281e-01;3.321231901645660400e-01
-8.518136106431484222e-03;-2.339875139296054840e-02;3.567327260971069336e-01
-8.394912481307983398e-01;-3.590306937694549561e-01;-4.018480777740478516e-01
-3.689506649971008301e-01;-1.874428391456604004e-01;3.569792211055755615e-01
6.168428063392639160e-01;2.000630795955657959e-01;-3.831911385059356689e-01
-8.416711688041687012e-01;3.908218741416931152e-01;1.618563979864120483e-01
-8.418332338333129883e-01;1.303739845752716064e-01;-1.498782932758331299e-01
4.948584735393524170e-01;-4.016110897064208984e-01;-2.126225456595420837e-02
-7.928625941276550293e-01;1.455040127038955688e-01;-4.019934535026550293e-01
7.716101408004760742e-01;3.669733703136444092e-01;-2.859067320823669434e-01
-2.654249593615531921e-02;-4.006400108337402344e-01;-1.496281474828720093e-01
7.580508589744567871e-01;3.791777491569519043e-01;7.252811640501022339e-02
-2.386666387319564819e-01;4.068605601787567139e-01;-4.024670720100402832e-01
7.601296901702880859e-01;-3.109170794486999512e-01;-8.253224939107894897e-02
-7.161663174629211426e-01;-4.010105133056640625e-01;-4.019230306148529053e-01
-4.575462341308593750e-01;-1.675654202699661255e-03;3.569146096706390381e-01
-7.113518118858337402e-01;-4.007323980331420898e-01;-1.429268252104520798e-02
-8.419501185417175293e-01;3.672186732292175293e-01;-3.953105509281158447e-01
-3.164709806442260742e-01;-1.973668932914733887e-01;-4.022544920444488525e-01
-8.416450619697570801e-01;-3.692411482334136963e-01;-2.430144511163234711e-02
