-3.964876532554626465e-01;7.492416538298130035e-03;5.053263902664184570e-01
-4.316092729568481445e-01;-4.137207865715026855e-01;5.212608575820922852e-01
-3.716717362403869629e-01;3.756559491157531738e-01;4.968513548374176025e-01
-4.272358119487762451e-01;5.285564064979553223e-01;-4.824537932872772217e-01
-3.623630404472351074e-01;1.524330675601959229e-01;-4.386458098888397217e-01
-3.166146278381347656e-01;-1.172097921371459961e-01;-4.224281609058380127e-01
-3.425638973712921143e-01;2.515109479427337646e-01;-4.549951553344726562e-01
-3.800660073757171631e-01;2.412367761135101318e-01;4.525287747383117676e-01
-3.032162189483642578e-01;-1.071990206837654114e-01;4.522489309310913086e-01
1.795361787080764771e-01;9.988010674715042114e-02;4.943141341209411621e-02
2.006821185350418091e-01;-5.125197023153305054e-02;-4.680337756872177124e-02
2.023275196552276611e-01;-2.420719563961029053e-01;-5.048860982060432434e-02
-2.582995295524597168e-01;-1.807673871517181396e-01;3.746182620525360107e-01
1.911176741123199463e-01;-2.868333756923675537e-01;-3.056605719029903412e-02
1.832693815231323242e-01;3.598738312721252441e-01;-2.513323910534381866e-03
2.182826250791549683e-01;1.788531988859176636e-01;1.124913766980171204e-01
8.871313184499740601e-02;1.020160615444183350e-01;7.592830061912536621e-02
7.174436002969741821e-02;-1.285105198621749878e-01;3.226777166128158569e-02
9.501548856496810913e-02;8.994332700967788696e-02;-6.510107964277267456e-02
1.883714944124221802e-01;-3.960470259189605713e-01;5.198943987488746643e-02
-2.741350531578063965e-01;3.101383149623870850e-02;-4.109448194503784180e-01
5.885629728436470032e-02;1.695757498964667320e-03;-8.408255875110626221e-03
1.076742336153984070e-01;-1.315855234861373901e-01;1.052257493138313293e-01
-2.485750317573547363e-01;1.055460795760154724e-01;-2.720033526420593262e-01
-4.152294695377349854e-01;1.337613761425018311e-01;4.473699033260345459e-01
5.494240298867225647e-02;9.193507581949234009e-02;-2.784540411084890366e-04
1.069356575608253479e-01;-2.819895446300506592e-01;-6.530176848173141479e-02
-2.407391816377639771e-01;3.481023311614990234e-01;3.454883098602294922e-01
1.026917472481727600e-01;2.138663530349731445e-01;1.144248545169830322e-01
-2.773089110851287842e-01;-3.849096000194549561e-01;-3.788183033466339111e-01
-4.033792018890380859e-01;-4.157876968383789062e-01;-4.048815965652465820e-01
2.338234335184097290e-01;-4.514694586396217346e-02;-1.082797646522521973e-01
-1.610483229160308838e-01;-3.827250003814697266e-02;-2.727631628513336182e-01
-1.517769545316696167e-01;9.882269054651260376e-02;3.071930408477783203e-01
-3.341667950153350830e-01;1.940539181232452393e-01;3.615504205226898193e-01
-2.784582674503326416e-01;3.592175543308258057e-01;-4.089603722095489502e-01
-2.510161399841308594e-01;3.880109488964080811e-01;3.723801970481872559e-01
2.337552011013031006e-01;1.340524405241012573e-01;-1.132556945085525513e-01
6.781504303216934204e-02;3.750029802322387695e-01;4.336931183934211731e-02
1.989878565073013306e-01;4.788697063922882080e-01;-3.419523686170578003e-02
-2.622152864933013916e-01;-3.706710040569305420e-01;4.055704474449157715e-01
-1.319998651742935181e-01;1.020165085792541504e-01;-2.496199160814285278e-01
-4.038255810737609863e-01;4.980816841125488281e-01;-3.985766172409057617e-01
8.338277786970138550e-02;-3.912965655326843262e-01;-3.886686637997627258e-02
1.435091793537139893e-01;-8.508443832397460938e-02;-1.181149557232856750e-01
-1.425338238477706909e-01;-1.048418059945106506e-01;2.983072996139526367e-01
-4.454604685306549072e-01;4.308536350727081299e-01;-4.301711022853851318e-01
2.183463722467422485e-01;4.458422958850860596e-01;1.180726215243339539e-01
-3.522506356239318848e-01;-1.364174038171768188e-01;3.527509272098541260e-01
-3.941697254776954651e-02;-9.637007862329483032e-02;1.575088351964950562e-01
-3.970104455947875977e-01;-8.628143370151519775e-02;4.026961922645568848e-01
2.093026190996170044e-01;5.044014453887939453e-01;9.181710332632064819e-02
6.062464416027069092e-02;2.937040030956268311e-01;-1.062078773975372314e-01
6.516265124082565308e-02;-4.673040509223937988e-01;3.433432802557945251e-02
1.923652738332748413e-01;-5.253083705902099609e-01;-1.145497988909482956e-02
2.350066602230072021e-01;-2.924520373344421387e-01;-1.215038597583770752e-01
-8.254227228462696075e-03;2.275326699018478394e-01;6.722316890954971313e-02
1.761923730373382568e-01;-1.499124914407730103e-01;1.721306443214416504e-01
1.928714662790298462e-01;-7.596242427825927734e-01;4.813866913318634033e-01
-2.005790621042251587e-01;1.081190630793571472e-01;2.270844578742980957e-01
-4.019788205623626709e-01;5.707796216011047363e-01;4.310557246208190918e-01
-4.463957548141479492e-01;1.645264029502868652e-02;-3.916363716125488281e-01
-1.642032526433467865e-02;-3.437351584434509277e-01;-2.816935069859027863e-02
-6.889070570468902588e-02;-1.871726363897323608e-01;1.648528575897216797e-01
1.378237307071685791e-01;4.181094169616699219e-01;-1.178229004144668579e-01
-1.245261519216001034e-03;3.976289927959442139e-01;9.483522921800613403e-02
-1.061067432165145874e-01;-2.380416095256805420e-01;-1.535406559705734253e-01
-2.658428251743316650e-01;-5.477412343025207520e-01;-4.123743176460266113e-01
2.528118491172790527e-01;-7.592545747756958008e-01;4.707875847816467285e-01
-7.656656205654144287e-02;6.335240602493286133e-02;-9.786900132894515991e-02
2.522002756595611572e-01;-7.600923180580139160e-01;-4.366450011730194092e-01
-1.374201625585556030e-01;-1.493211537599563599e-01;3.435076773166656494e-01
-4.535737335681915283e-01;7.037274837493896484e-01;-4.989538192749023438e-01
1.945114433765411377e-01;6.039849519729614258e-01;3.280620649456977844e-02
2.105070948600769043e-01;-5.782629847526550293e-01;9.615659713745117188e-02
2.448293864727020264e-01;9.569224715232849121e-02;-1.554924994707107544e-01
1.584429591894149780e-01;-2.999869287014007568e-01;1.819374412298202515e-01
9.077476710081100464e-02;1.667124927043914795e-01;-1.666520535945892334e-01
-2.452802062034606934e-01;-5.797318816184997559e-01;4.043615460395812988e-01
-1.133031174540519714e-01;2.851826548576354980e-01;-2.797386050224304199e-01
-4.673511162400245667e-02;-2.261345237493515015e-01;7.430347613990306854e-03
-1.583137512207031250e-01;1.249079927802085876e-01;-1.465395241975784302e-01
-2.714690864086151123e-01;1.645517945289611816e-01;4.814422428607940674e-01
1.735233962535858154e-01;-5.196198355406522751e-03;2.091758698225021362e-01
-1.348581910133361816e-01;3.644892275333404541e-01;1.962536722421646118e-01
-3.881976939737796783e-03;5.560053586959838867e-01;-2.972514554858207703e-02
2.526626288890838623e-01;7.742334008216857910e-01;4.591075778007507324e-01
-2.256995588541030884e-01;5.256261229515075684e-01;2.908489704132080078e-01
2.315887510776519775e-01;5.457882285118103027e-01;1.689153164625167847e-01
-1.562154591083526611e-01;-4.570231139659881592e-01;-2.490676343441009521e-01
9.152332693338394165e-02;-2.123585790395736694e-01;2.091821134090423584e-01
2.433233857154846191e-01;7.642429471015930176e-01;-4.318366050720214844e-01
-4.548086971044540405e-02;-2.327892333269119263e-01;-2.316566109657287598e-01
2.520867288112640381e-01;7.796872854232788086e-01;-4.040855169296264648e-01
-1.416481286287307739e-01;2.015992701053619385e-01;-1.257659941911697388e-01
2.278093695640563965e-01;-5.601489543914794922e-01;-1.251928657293319702e-01
-1.880220510065555573e-02;-5.761668682098388672e-01;-1.359557174146175385e-02
-2.238765209913253784e-01;-3.163110911846160889e-01;4.370397925376892090e-01
-1.007167473435401917e-01;-1.177839040756225586e-01;-9.956464916467666626e-02
-1.240845248103141785e-01;-2.257970273494720459e-01;-3.084274232387542725e-01
-2.319138199090957642e-01;3.999780416488647461e-01;4.389994442462921143e-01
2.412138432264328003e-01;4.242599606513977051e-01;-1.591347157955169678e-01
-3.193087279796600342e-01;7.938936948776245117e-01;4.846508502960205078e-01
1.940969824790954590e-01;7.796005010604858398e-01;4.475997388362884521e-01
-2.367204800248146057e-02;-7.651870846748352051e-01;4.813902676105499268e-01
-3.818976879119873047e-01;-7.773377299308776855e-01;4.999001920223236084e-01
3.798568621277809143e-02;-5.262194871902465820e-01;1.476790308952331543e-01
2.503025829792022705e-01;-7.722713351249694824e-01;4.154821932315826416e-01
-3.089884519577026367e-01;7.344323396682739258e-01;4.243307411670684814e-01
2.034164667129516602e-01;-7.713921070098876953e-01;4.215639233589172363e-01
-7.553572952747344971e-02;-4.176703095436096191e-01;-9.368364512920379639e-02
2.497519850730895996e-01;7.868406176567077637e-01;4.159180223941802979e-01
2.401075959205627441e-01;-7.459433078765869141e-01;-4.258729517459869385e-01
3.338107094168663025e-02;-1.913970708847045898e-01;-1.998929381370544434e-01
-5.737984180450439453e-02;5.010533928871154785e-01;1.414164155721664429e-01
-1.902612447738647461e-01;-7.740379571914672852e-01;-4.476993381977081299e-01
-5.044322460889816284e-02;-2.988140881061553955e-01;-2.437856048345565796e-01
5.075906217098236084e-02;3.690662682056427002e-01;2.140936255455017090e-01
2.491800040006637573e-01;7.878352999687194824e-01;-3.708692193031311035e-01
-1.055211573839187622e-01;-1.823216676712036133e-01;1.048327982425689697e-01
-1.815266460180282593e-01;-5.891441702842712402e-01;-3.007513582706451416e-01
2.338341325521469116e-01;-7.577019333839416504e-01;-3.852052688598632812e-01
2.035079300403594971e-01;7.684044837951660156e-01;4.813843369483947754e-01
-2.911907061934471130e-02;-7.648513317108154297e-01;-4.476960301399230957e-01
2.486162781715393066e-01;7.901693582534790039e-01;-3.647492527961730957e-01
8.658111095428466797e-02;5.207519531250000000e-01;-1.527021974325180054e-01
-1.477577630430459976e-02;-5.857073068618774414e-01;1.209151446819305420e-01
2.513347268104553223e-01;1.222796589136123657e-01;2.276780158281326294e-01
1.843397617340087891e-01;-9.658298641443252563e-02;-1.939500719308853149e-01
-9.695443511009216309e-02;-2.856867015361785889e-01;-5.074338987469673157e-02
-6.775561720132827759e-02;-2.062454819679260254e-01;3.207635581493377686e-01
-3.584601730108261108e-02;-3.971631824970245361e-01;2.496198117733001709e-01
-3.102305531501770020e-02;-5.127169489860534668e-01;-1.608564257621765137e-01
2.365440130233764648e-01;-7.605800032615661621e-01;-3.701519966125488281e-01
-2.386318147182464600e-01;-5.713080763816833496e-01;-2.383447438478469849e-01
2.015758454799652100e-01;6.773145198822021484e-01;-2.380800992250442505e-02
-2.537275850772857666e-01;-2.909435033798217773e-01;2.279498130083084106e-01
1.368796676397323608e-01;6.634873151779174805e-01;1.493835598230361938e-01
2.478021383285522461e-01;7.924162745475769043e-01;3.927254676818847656e-01
-1.026980355381965637e-01;9.676981717348098755e-02;5.728485807776451111e-02
-2.740105092525482178e-01;-7.869801521301269531e-01;4.289104938507080078e-01
-2.643337845802307129e-01;6.574988961219787598e-01;-2.488986253738403320e-01
-2.493659257888793945e-01;6.552010774612426758e-01;-4.475974738597869873e-01
2.463968545198440552e-01;7.968950867652893066e-01;-3.367594778537750244e-01
1.579924076795578003e-01;-5.622158646583557129e-01;2.133464515209197998e-01
-9.418328106403350830e-02;5.440110564231872559e-01;2.530368566513061523e-01
2.024459280073642731e-02;7.333514690399169922e-01;6.668465584516525269e-02
-2.444672137498855591e-01;8.003913164138793945e-01;-3.951208293437957764e-01
-5.329891666769981384e-02;7.719616293907165527e-01;-4.422314930707216263e-03
9.090764820575714111e-02;-4.067440927028656006e-01;2.290319055318832397e-01
2.498456984758377075e-01;2.932316362857818604e-01;2.338981181383132935e-01
2.478475421667098999e-01;7.943934202194213867e-01;3.812276422977447510e-01
-3.679118752479553223e-01;6.468737721443176270e-01;3.510102033615112305e-01
1.967696100473403931e-01;-6.941675543785095215e-01;1.637126877903938293e-02
2.320279031991958618e-01;-7.705228924751281738e-01;3.752687871456146240e-01
-2.281661927700042725e-01;-7.188319563865661621e-01;-3.502501249313354492e-01
-1.380950063467025757e-01;7.836061716079711914e-01;4.813923835754394531e-01
-1.554350107908248901e-01;-3.708125054836273193e-01;-3.547923564910888672e-01
7.741574198007583618e-02;-5.117377042770385742e-01;-1.811543554067611694e-01
-2.466343343257904053e-01;4.374100863933563232e-01;4.814180135726928711e-01
-2.309878468513488770e-01;7.398716807365417480e-01;-3.464542329311370850e-01
9.627054631710052490e-02;-6.053399443626403809e-01;-1.639054864645004272e-01
-3.290938213467597961e-02;7.771596908569335938e-01;-5.004012584686279297e-02
2.527686357498168945e-01;7.193983197212219238e-01;-4.135016798973083496e-01
2.308241873979568481e-01;-7.757969498634338379e-01;3.563118875026702881e-01
2.427636981010437012e-01;8.065273761749267578e-01;-3.046506047248840332e-01
-2.227051407098770142e-01;-7.874645590782165527e-01;-3.824296593666076660e-01
-2.921989262104034424e-01;-7.829658389091491699e-01;3.881024122238159180e-01
2.295899987220764160e-01;-7.734112143516540527e-01;-3.203653693199157715e-01
1.680286675691604614e-01;4.816021621227264404e-01;-2.151524126529693604e-01
1.483859121799468994e-01;6.070150732994079590e-01;2.369407117366790771e-01
-3.645772337913513184e-01;-3.973663151264190674e-01;3.210042119026184082e-01
-1.126724779605865479e-01;-5.873922109603881836e-01;-2.571819908916950226e-02
2.443461567163467407e-01;8.040411472320556641e-01;3.475797772407531738e-01
-3.761583864688873291e-01;-7.679740190505981445e-01;-3.451730310916900635e-01
-1.419310420751571655e-01;-6.470865607261657715e-01;3.503299355506896973e-01
-9.087911248207092285e-02;-5.983187556266784668e-01;2.493850588798522949e-01
2.429493218660354614e-01;6.999154090881347656e-01;2.830161750316619873e-01
2.427344769239425659e-01;-7.905785441398620605e-01;-3.148493468761444092e-01
-2.446545213460922241e-01;-7.176566720008850098e-01;-2.507133185863494873e-01
-8.578879386186599731e-02;6.168293356895446777e-01;-2.137795090675354004e-01
-9.190455079078674316e-02;2.044271081686019897e-01;3.719920217990875244e-01
-1.309384554624557495e-01;-4.365257620811462402e-01;3.829405903816223145e-01
-1.918355375528335571e-01;-3.323705121874809265e-02;1.459339261054992676e-01
-4.179749786853790283e-01;-6.928132772445678711e-01;-3.825778365135192871e-01
2.474600374698638916e-01;-5.660609602928161621e-01;2.851374745368957520e-01
2.188850194215774536e-01;7.306116223335266113e-01;-9.653969109058380127e-02
2.486797571182250977e-01;-6.740491986274719238e-01;3.525178730487823486e-01
-1.178917065262794495e-01;7.942959666252136230e-01;-3.925226628780364990e-01
-1.675558984279632568e-01;-1.460180282592773438e-01;-3.964848518371582031e-01
-3.223035931587219238e-01;-1.390333920717239380e-01;-2.219169288873672485e-01
6.297866255044937134e-02;-8.460221290588378906e-01;6.171144545078277588e-02
6.131982803344726562e-02;8.110480755567550659e-02;-2.500352859497070312e-01
2.414778172969818115e-01;8.133792877197265625e-01;-2.813783288002014160e-01
-1.865087747573852539e-01;9.616066515445709229e-02;1.342528313398361206e-01
2.276332825422286987e-01;-7.829464673995971680e-01;3.232678771018981934e-01
-1.517319530248641968e-01;-6.631331443786621094e-01;-1.736020743846893311e-01
-1.771949082612991333e-01;5.259472727775573730e-01;-1.077934950590133667e-01
-1.804633885622024536e-01;6.710924506187438965e-01;4.397868216037750244e-01
-2.311979532241821289e-01;4.898097813129425049e-01;1.876497119665145874e-01
-4.090774059295654297e-01;-1.060481071472167969e-01;-4.742553234100341797e-01
-3.391000032424926758e-01;-7.639097422361373901e-02;4.132292568683624268e-01
-2.634862065315246582e-01;1.148092597723007202e-01;3.823550343513488770e-01
-3.663611412048339844e-01;-1.904918849468231201e-01;4.264082312583923340e-01
1.757381260395050049e-01;1.414157897233963013e-01;6.942906230688095093e-02
2.016422301530838013e-01;-8.196660317480564117e-03;9.170377999544143677e-02
-4.001946747303009033e-01;6.361697316169738770e-01;-4.714015722274780273e-01
1.457276493310928345e-01;1.165751069784164429e-01;-3.853306919336318970e-02
1.240766867995262146e-01;-1.343795359134674072e-01;7.185795810073614120e-03
1.184982433915138245e-01;1.009078174829483032e-01;2.267465926706790924e-03
1.773273944854736328e-01;-2.460469603538513184e-01;7.027848809957504272e-02
1.713127940893173218e-01;-1.580428332090377808e-01;-6.044343486428260803e-02
1.415855735540390015e-01;-2.204778939485549927e-01;-3.870290517807006836e-02
1.343214213848114014e-01;3.414399325847625732e-01;2.826716564595699310e-02
2.028645873069763184e-01;1.035617664456367493e-01;-8.465595543384552002e-02
-3.252685070037841797e-01;-3.944855034351348877e-01;4.040857851505279541e-01
1.188781857490539551e-01;-3.700034618377685547e-01;-8.335934951901435852e-03
1.206792443990707397e-01;3.694606125354766846e-01;-1.544913835823535919e-02
1.932341605424880981e-01;3.650515675544738770e-01;9.407781809568405151e-02
-2.237687259912490845e-01;2.555739283561706543e-01;3.683919608592987061e-01
-3.988973796367645264e-01;3.424108922481536865e-01;4.383992254734039307e-01
-4.170815646648406982e-01;-2.550462782382965088e-01;4.509053528308868408e-01
1.854744106531143188e-01;3.412525057792663574e-01;-8.141115307807922363e-02
2.237928658723831177e-01;5.200736224651336670e-02;-1.152623370289802551e-01
1.267616152763366699e-01;-4.438468813896179199e-01;2.813857793807983398e-02
-2.446385174989700317e-01;3.995787501335144043e-01;3.721711635589599609e-01
2.192613184452056885e-01;-3.234965503215789795e-01;1.319998353719711304e-01
-3.050889968872070312e-01;-5.162801742553710938e-01;3.931144773960113525e-01
2.183944582939147949e-01;-2.270781546831130981e-01;-1.172740980982780457e-01
2.130258828401565552e-01;3.044460713863372803e-01;-1.101862266659736633e-01
1.439496278762817383e-01;-4.623324573040008545e-01;-5.228873714804649353e-02
1.955528557300567627e-01;-3.878726661205291748e-01;-9.817684441804885864e-02
1.276124566793441772e-01;-4.829023182392120361e-01;-3.469242155551910400e-02
-4.048336744308471680e-01;5.224777460098266602e-01;4.401127696037292480e-01
1.135945245623588562e-01;5.414775013923645020e-01;-8.071058429777622223e-03
1.507892608642578125e-01;5.706952810287475586e-01;5.630664899945259094e-02
2.131200432777404785e-01;4.926455318927764893e-01;1.348391771316528320e-01
-2.619467079639434814e-01;-3.023207783699035645e-01;-4.476840496063232422e-01
1.726018339395523071e-01;-5.462208390235900879e-01;8.160256594419479370e-02
-2.564220726490020752e-01;1.846706800279207528e-05;-4.475664496421813965e-01
2.448990792036056519e-01;-7.578987479209899902e-01;-4.476956427097320557e-01
2.403130382299423218e-01;-1.744539886713027954e-01;1.789415329694747925e-01
1.738892346620559692e-01;5.917937755584716797e-01;8.604937046766281128e-02
2.456606179475784302e-01;-7.613440752029418945e-01;-4.324992597103118896e-01
2.358125597238540649e-01;-1.974610537290573120e-01;-1.506627947092056274e-01
-1.429357528686523438e-01;2.324595153331756592e-01;3.492355942726135254e-01
2.472635060548782349e-01;-7.729467749595642090e-02;1.945581585168838501e-01
2.347855716943740845e-01;2.555355429649353027e-01;-1.513614505529403687e-01
2.581413686275482178e-01;7.711272835731506348e-01;-4.436049759387969971e-01
2.283028662204742432e-01;-4.638890624046325684e-01;1.675949990749359131e-01
2.299408316612243652e-01;7.757928371429443359e-01;-4.287794828414916992e-01
2.017707824707031250e-01;7.627020478248596191e-01;-4.476898908615112305e-01
1.682667136192321777e-01;-7.625464797019958496e-01;-4.338200688362121582e-01
-2.813541293144226074e-01;-6.417058110237121582e-01;-4.487729370594024658e-01
2.435459047555923462e-01;2.882224023342132568e-01;2.012510150671005249e-01
1.892601400613784790e-01;7.768176794052124023e-01;-4.240087568759918213e-01
5.362220853567123413e-02;-7.621257305145263672e-01;-4.476978182792663574e-01
-1.217399463057518005e-01;-2.317659109830856323e-01;3.453729748725891113e-01
2.367118597030639648e-01;-7.687216997146606445e-01;-3.988036513328552246e-01
2.200723886489868164e-01;5.996280312538146973e-01;1.684721410274505615e-01
-1.973589658737182617e-01;-5.531453490257263184e-01;3.644975125789642334e-01
2.409071177244186401e-01;-4.176958799362182617e-01;2.089507877826690674e-01
1.804875582456588745e-01;-6.412889361381530762e-01;1.015383675694465637e-01
2.511625289916992188e-01;7.796485424041748047e-01;-3.772188127040863037e-01
1.997750252485275269e-01;-5.895174741744995117e-01;-1.402152329683303833e-01
2.473731338977813721e-01;3.840924799442291260e-02;-1.875587850809097290e-01
2.412201017141342163e-01;7.898499369621276855e-01;-3.678072392940521240e-01
1.937521100044250488e-01;7.881247401237487793e-01;-3.745938837528228760e-01
2.308871001005172729e-01;-4.440653324127197266e-01;-1.827879548072814941e-01
-4.352554306387901306e-02;-7.654228806495666504e-01;-4.476962983608245850e-01
2.904446423053741455e-02;-7.684679627418518066e-01;-4.220165312290191650e-01
2.097841352224349976e-01;-7.737429141998291016e-01;-3.787705302238464355e-01
-2.406864613294601440e-01;4.810113012790679932e-01;-4.475913941860198975e-01
1.111275404691696167e-01;-6.991661787033081055e-01;2.005693502724170685e-02
4.607108235359191895e-02;7.758946418762207031e-01;-4.476966261863708496e-01
-1.965280435979366302e-02;8.409836292266845703e-01;-8.138372562825679779e-03
2.457410693168640137e-01;-7.705246806144714355e-01;-3.487981557846069336e-01
2.539991736412048340e-01;7.311480641365051270e-01;-4.157920479774475098e-01
-6.933867186307907104e-02;8.266191482543945312e-01;5.059763416647911072e-02
-4.433530196547508240e-02;-8.205485939979553223e-01;4.666216671466827393e-02
2.535720467567443848e-01;4.562909156084060669e-02;2.454371303319931030e-01
1.046239733695983887e-01;7.276956439018249512e-01;-1.625258475542068481e-02
2.343909889459609985e-01;6.713590025901794434e-01;2.362386733293533325e-01
2.479113787412643433e-01;7.534965276718139648e-01;3.543824553489685059e-01
-1.185684427618980408e-01;-7.979136705398559570e-01;7.372189313173294067e-02
-3.575124144554138184e-01;-7.810546159744262695e-01;4.033377170562744141e-01
-2.454933943226933479e-03;8.459248542785644531e-01;2.678004652261734009e-02
2.449666261672973633e-01;-7.248050570487976074e-01;-3.349847197532653809e-01
2.344013750553131104e-01;8.055184483528137207e-01;-3.095330893993377686e-01
2.434748858213424683e-01;-5.689495205879211426e-01;2.651862800121307373e-01
7.379872351884841919e-02;7.867984771728515625e-01;-3.872965276241302490e-01
-1.402233242988586426e-01;8.042943477630615234e-01;-2.909107320010662079e-02
-2.266736924648284912e-01;-7.123689055442810059e-01;-4.475909471511840820e-01
2.418755888938903809e-01;4.578925073146820068e-01;-2.221854776144027710e-01
2.498615384101867676e-01;-7.161425948143005371e-01;-3.747030794620513916e-01
2.225119024515151978e-01;8.004673123359680176e-01;3.619704246520996094e-01
1.483442187309265137e-01;7.203015685081481934e-01;-9.222629666328430176e-02
3.457360342144966125e-02;-8.421302437782287598e-01;2.906745672225952148e-02
-2.357099801301956177e-01;-5.510909557342529297e-01;-4.476062357425689697e-01
2.472592443227767944e-01;-7.708439230918884277e-01;3.467222452163696289e-01
